Ac GTH-PADE-q29 GTH-LDA-q29
    6   12   11
     0.24500000    2   168.81599390    -8.22316581
    4
     0.18210253    3    -5.02641077    37.09621463   -22.41074503
                                      -84.34208668    57.86429485
                                                     -45.92836019
     0.18706012    3    -7.58310543     7.23264201    -4.95493973
                                      -16.80699642    11.72552751
                                                      -8.33339469
                        21.65354796   -29.11349941    13.10278192
                                       56.26169067   -31.00684129
                                                      22.03672682
     0.30674176    2     1.29796313    -1.76001284
                                        1.99566698
                        -0.05603888     0.45733480
                                       -0.51856891
     0.23547253    1     0.12648685
                         0.20203495
