Ac GTH-PADE-q11 GTH-LDA-q11
    4    6    1
     0.49000000    2    50.96215957    -5.77145929
    4  SOC
     0.42324630    3    -0.39699541     0.61809208     0.05360232
                                       -0.71076927    -0.13840059
                                                       0.10985206
     0.40537372    3     6.14236235   -11.89294724     5.55391687
                                       23.31834951   -13.14296611
                                                       9.34077583
                         4.31528155    -8.44140256     3.33810591
                                       15.54543946    -7.89940035
                                                       5.61414579
     0.78496695    2     0.23832322     0.60098946
                                       -0.68145799
                         0.03802566    -0.00530905
                                        0.00601990
     0.33009159    1   -15.90234948
                         0.03088415
