Am GTH-PADE-q35 GTH-LDA-q35
    6   12   10    7
     0.23250000    2   169.46800700   -10.16239620
    4  SOC
     0.16891292    3    -3.40823892    45.64615298   -28.88701863
                                     -105.91366940    74.58596138
                                                     -59.20077153
     0.16162046    3    -7.44866076     5.97256151    -5.14269235
                                      -15.62862854    12.16983131
                                                      -8.64916376
                        38.51786954   -68.98746691    41.79065083
                                      151.20213186   -98.89472979
                                                      70.28500981
     0.32413432    2     3.12075382    -3.96829791
                                        4.49962688
                        -1.95796754     2.71703864
                                       -3.08083223
     0.22072229    1    -2.24956217
                         0.17486279
