Au GTH-PADE-q19 GTH-LDA-q19
    3    6   10
     0.49000000    2     9.07322639    -0.34013367
    3  SOC
     0.28803780    3    -5.90182040    26.42537412   -15.50837777
                                      -59.33938963    40.04245923
                                                     -31.78271670
     0.35586747    3    -7.08858659     8.19796427     0.00000000
                                       -9.69996213     0.00000000
                                                       0.00000000
                         0.62807493     1.81668773    -1.65141098
                                       -4.89888134     3.90795165
                                                      -2.77740200
     0.33386175    2    -8.82572349     9.56535285
                                      -10.84609065
                         0.18880114     0.03175114
                                       -0.03600240
