Ba GTH-PADE-q10 GTH-LDA-q10
    4    6
     0.54000000    2    24.47865325    -2.50084994
    4
     0.51477613    2     1.04672903     0.37847454
                                       -0.97721707
     0.37519011    3    -0.20243912    -0.28749217     0.00000000
                                        0.68033065     0.00000000
                                                       0.00000000
                        -0.41508327    -0.25344615     0.27561093
                                        0.59976305    -0.65221449
                                                       0.92706460
     0.66540319    1     0.37841850
                         0.01766026
     0.30492043    1   -18.79520777
                         0.00615085
