Bk GTH-PADE-q37 GTH-LDA-q37
    6   12   10    9
     0.22750000    2   169.60578390   -10.57061301
    4
     0.16676521    3    -2.25466711    43.75306294   -27.76419566
                                     -101.64342900    71.68684495
                                                     -56.89966920
     0.15065592    3    -2.58919555    -2.79899500    -0.73991812
                                        2.07996473     1.75096584
                                                      -1.24442074
                        49.95213581  -100.80631219    64.09125178
                                      225.97779693  -151.66758356
                                                     107.79095736
     0.31397326    2     3.14997301    -3.81169176
                                        4.32205220
                        -2.56626030     3.48883723
                                       -3.95596957
     0.20837218    1    -2.83493744
                         0.21323120
