Ce GTH-PADE-q12 GTH-LDA-q12
    4    6    1    1
     0.53500000    2    18.26801534    -0.63048034
    4  SOC
     0.52642558    2    -0.68453554     1.78656499
                                       -2.30644548
     0.49085089    3    -1.02722427     1.53667473     0.00000000
                                       -1.81821806     0.00000000
                                                       0.00000000
                         0.55905862    -0.30893198     0.22367871
                                        0.73792420    -0.52932045
                                                       0.37619085
     0.69222809    1     0.06340682
                         0.01403180
     0.30390134    1   -17.54564801
                         0.00781271
