Cm GTH-PADE-q36 GTH-LDA-q36
    6   12   11    7
     0.23000000    2   169.60848300    -9.75498899
    4
     0.16864495    3    -5.02261449    46.04247043   -28.59222091
                                     -105.94582450    73.82479695
                                                     -58.59661600
     0.15904152    3    -7.15904010     4.08267873    -3.16066010
                                      -10.09270767     7.47948694
                                                      -5.31571109
                        41.50345875   -77.71190269    47.73237904
                                      171.41709483  -112.95542506
                                                      80.27802063
     0.31283092    2     3.01179256    -3.93792483
                                        4.46518705
                        -1.76677747     2.53330808
                                       -2.87250136
     0.21694145    1    -2.65301234
                         0.18181434
