Co GTH-PADE-q9 GTH-LDA-q9
    2    0    7
     0.58000000    0
    3  SOC
     0.44045735    3     3.33497825    -1.11276628     0.75413362
                                        2.87315017    -1.94716465
                                                       3.09102805
     0.61004847    2     1.63400481    -0.15047260
                                        0.35608316
                        -0.01752129    -0.02483306
                                        0.05876575
     0.29166058    1   -10.35880017
                         0.00713682
