Cu GTH-PADE-q11 GTH-LDA-q11
    1    0   10
     0.53000000    0
    3
     0.42373431    3     3.88805001    -1.26901549     0.55872509
                                        3.27658391    -1.44262198
                                                       2.29009139
     0.57217697    2     1.75127242    -0.15844220
                                        0.37494269
                        -0.02406730    -0.03231927
                                        0.07648136
     0.26614275    1   -12.67695749
                         0.01048914
