Dy GTH-PADE-q20 GTH-LDA-q20
    4    6    0   10
     0.51166666    2    16.99433138    -0.95529792
    4  SOC
     0.44059045    2     1.94031950     1.37870375
                                       -3.55979777
     0.43464206    3     0.01431536     0.86469335     0.00000000
                                       -2.04623793     0.00000000
                                                       0.00000000
                        -0.12437116    -0.56093057    -0.32468735
                                        1.32740399     0.76835051
                                                      -1.09214158
     0.46722880    1    -0.66892417
                         0.05828571
     0.26167045    1   -23.92235817
                         0.01793827
