Er GTH-PADE-q22 GTH-LDA-q22
    4    6    0   12
     0.50583333    2    17.10529281    -1.43095318
    4  SOC
     0.41994801    2     2.14450257     1.54307528
                                       -3.98420323
     0.41445530    3     0.05408736     0.96959342     0.00000000
                                       -2.29447680     0.00000000
                                                       0.00000000
                         1.25513474     0.37692191     0.22288650
                                       -0.89196004    -0.52744572
                                                       0.74971696
     0.41838497    1    -0.99900632
                         0.09186175
     0.24912591    1   -26.69680936
                         0.02178337
