Es GTH-PADE-q39 GTH-LDA-q39
    6   12   10   11
     0.22250000    2   170.20612880    -9.35257848
    4  SOC
     0.16400235    3    -5.40750213    49.28522630   -30.61035278
                                     -113.41469610    79.03559102
                                                     -62.73255557
     0.14641171    3    -6.37894930    10.54211885    -9.51836848
                                      -28.32023511    22.52457092
                                                     -16.00833223
                        55.87277688  -112.09975885    72.68855015
                                      253.65357379  -172.01250478
                                                     122.25020097
     0.30249339    2     4.94977081    -6.27917535
                                        7.11991560
                        -3.77216813     4.98467208
                                       -5.65208686
     0.21779864    1    -2.81483897
                         0.15989079
