Eu GTH-PADE-q17 GTH-LDA-q17
    4    6    0    7
     0.52041668    2    17.37351625    -0.64846778
    4
     0.46904261    2     1.76363790     1.12972280
                                       -2.91693172
     0.44590722    3     0.51804594     0.90228057     0.00000000
                                       -2.13518554     0.00000000
                                                       0.00000000
                         0.25225840    -0.24692195    -0.14287549
                                        0.58432399     0.33810512
                                                      -0.48058621
     0.49003840    1    -0.42611996
                         0.05102753
     0.27840129    1   -20.94652763
                         0.01326718
