Fm GTH-PADE-q40 GTH-LDA-q40
    6   12   10   12
     0.22000000    2   170.56726180    -9.24043151
    4  SOC
     0.16315902    3    -5.72742563    49.65646785   -30.71733564
                                     -114.06797450    79.31181959
                                                     -62.95180520
     0.14377000    3    -4.82353993    10.48446444    -9.11812661
                                      -27.58567583    21.57742580
                                                     -15.33519113
                        59.69219169  -120.36415376    77.97209901
                                      272.22844087  -184.51566340
                                                     131.13626217
     0.29766121    2     5.39272855    -6.77491968
                                        7.68203684
                        -4.42455951     5.78825109
                                       -6.56325982
     0.21641138    1    -2.88318828
                         0.16047270
