Ga GTH-PADE-q3 GTH-LDA-q3
    2    1
     0.56000000    0
    3  SOC
     0.61079074    3     2.36932516     0.09644314    -0.13462450
                                       -0.24901512     0.34759896
                                                      -0.55179624
     0.70459583    2     0.74630529     0.21683799
                                       -0.51313234
                         0.02960710     0.00036899
                                       -0.00087320
     0.98257967    1     0.07543656
                         0.00148617
