Gd GTH-PADE-q18 GTH-LDA-q18
    4    6    0    8
     0.51750004    2    17.51255640    -0.71953420
    4  SOC
     0.46201372    2     1.55185591     1.18850339
                                       -3.06870256
     0.45695327    3    -0.05834713     0.71741382     0.00000000
                                       -1.69771095     0.00000000
                                                       0.00000000
                         0.53553977    -0.00930685    -0.01614340
                                        0.02202404     0.03820226
                                                      -0.05430110
     0.48236813    1    -0.56260077
                         0.05312761
     0.27338980    1   -21.92349011
                         0.01466612
