Ge GTH-PADE-q4 GTH-LDA-q4
    2    2
     0.54000000    0
    3  SOC
     0.49374254    3     3.82689099    -0.42611775    -0.32795553
                                        1.10023129     0.84677753
                                                      -1.34421765
     0.60106438    2     1.36251781     0.26511216
                                       -0.62736987
                         0.04398121    -0.00414190
                                        0.00980152
     0.78836851    1     0.19120485
                         0.00291785
