Hg GTH-PADE-q12 GTH-LDA-q12
    2    0   10
     0.57000000    1     2.13457183
    3  SOC
     0.52180188    2     3.29392021    -1.80519780
                                        4.66100069
     0.62164790    3     2.10096040    -0.71415047     0.00000000
                                        1.68998846     0.00000000
                                                       0.00000000
                         0.08498860    -0.03075146     0.19423658
                                        0.07277124    -0.45964764
                                                       0.65334804
     0.40189401    2    -1.66988578     1.09060737
                                       -2.47326503
                         0.15575928     0.05392128
                                       -0.12228196
