Ho GTH-PADE-q21 GTH-LDA-q21
    4    6    0   11
     0.50875002    2    16.78157003    -1.17351448
    4  SOC
     0.43221176    2     2.05279689     1.42314101
                                       -3.67453429
     0.42013792    3     0.25329464     0.99529117     0.00000000
                                       -2.35528878     0.00000000
                                                       0.00000000
                         0.89594677     0.11627162     0.06116207
                                       -0.27514887    -0.14473587
                                                       0.20572910
     0.44713057    1    -0.74286267
                         0.06948258
     0.25499226    1   -25.19721081
                         0.01983007
