Ir GTH-PADE-q9 GTH-LDA-q9
    2    0    7
     0.64100000    1    10.72001591
    3  SOC
     0.50996044    2     2.44599887    -1.08871009
                                        2.81103736
     0.68497052    2     0.46179182    -0.55134721
                                        1.30472563
                        -0.56534735    -0.36325582
                                        0.85962018
     0.47174528    2    -4.54548411     0.72115617
                                       -1.63542847
                         0.12719880     0.06700352
                                       -0.15194970
