K GTH-PADE-q1 GTH-LDA-q1
    1
     0.95000000    0
    3  SOC
     0.95536395    3     0.91461200    -0.11136800    -0.07324712
                                        0.28755094     0.18912326
                                                      -0.30022386
     1.08641063    2     0.31546177    -0.02881726
                                        0.06819410
                        -0.00434261    -0.00433626
                                        0.01026146
     0.72060608    1    -1.52951361
                         0.00035395
