La GTH-PADE-q11 GTH-LDA-q11
    4    6    1
     0.53500000    2    19.90930823    -1.47483023
    4  SOC
     0.55177542    2     1.29327192     0.43447877
                                       -1.12181937
     0.47630806    3     1.17252682     0.35023609     0.00887640
                                       -0.82880986    -0.02100539
                                                       0.02985728
                         0.52462281     0.01305818     0.04223862
                                       -0.03090129    -0.09995482
                                                       0.14207685
     0.62667220    1     0.32837704
                         0.02089998
     0.29931017    1   -18.26943896
                         0.00719271
