Lr GTH-PADE-q43 GTH-LDA-q43
    6   13   10   14
     0.21250000    2   169.88067920   -19.18433618
    4  SOC
     0.15822452    3    16.51790480    29.59009405   -23.64255937
                                      -76.65527284    61.04482580
                                                     -48.45282837
     0.18971618    3     7.32522979     6.94342186    -6.20871752
                                      -18.55213532    14.69250728
                                                     -10.44204297
                         2.50842833    32.60760115   -36.19525737
                                      -98.84141744    85.65361215
                                                     -60.87447716
     0.50138601    2     1.63784418    -0.09640327
                                        0.10931104
                         0.36269712    -0.00023403
                                        0.00026537
     0.23146733    1    -0.76015820
                         0.10913674
