Lu GTH-PADE-q25 GTH-LDA-q25
    4    6    1   14
     0.49700000    2    17.03705292    -1.66161023
    4
     0.39120615    2     2.18467779     2.10393860
                                       -5.43234610
     0.39389567    3    -0.71981878     1.15101512     0.00000000
                                       -2.72379890     0.00000000
                                                       0.00000000
                         0.15245040    -0.58967098    -0.36827142
                                        1.39541622     0.87148924
                                                      -1.23874407
     0.43651827    1    -1.17324513
                         0.07213023
     0.23262926    1   -31.85226177
                         0.02800562
