Md GTH-PADE-q41 GTH-LDA-q41
    6   12   10   13
     0.21750000    2   171.21975470    -8.96585330
    4  SOC
     0.16277624    3    -6.93805520    50.06791998   -30.43447080
                                     -114.13907720    78.58146571
                                                     -62.37210478
     0.14264709    3    -4.66017644    11.84657505   -10.64167808
                                      -31.73382767    25.18280659
                                                     -17.89755442
                        61.76542120  -122.51766895    79.09590763
                                      276.64748433  -187.17508001
                                                     133.02632368
     0.29264317    2     6.20916266    -7.78755324
                                        8.83025537
                        -5.27561863     6.83085997
                                       -7.74546717
     0.21520316    1    -3.03041931
                         0.16064452
