Nb GTH-PADE-q13 GTH-LDA-q13
    3    6    4
     0.46000000    2    13.50539360     0.75243372
    3  SOC
     0.39370802    2     3.22202457     1.78131738
                                       -4.59934171
     0.40362557    2    -0.82203677     0.94968536
                                       -2.24736575
                         0.24682052     0.03662021
                                       -0.08665924
     0.51364405    2    -1.48984771    -0.36326930
                                        0.82381733
                         0.01406431     0.00531597
                                       -0.01205549
