Nb GTH-PADE-q5 GTH-LDA-q5
    1    0    4
     0.72400000    1     4.02105754
    3  SOC
     0.69970828    2     1.53265135    -0.55316427
                                        1.42826399
     0.84667164    2     0.60967518    -0.25218878
                                        0.59678759
                        -0.08081558    -0.05292491
                                        0.12524320
     0.51607226    2    -2.69682993     0.74741000
                                       -1.69496657
                         0.02565344     0.01390823
                                       -0.03154090
