Nd GTH-PADE-q14 GTH-LDA-q14
    4    6    0    4
     0.52916670    2    17.81503043    -0.59479767
    4
     0.50299986    2     1.52910988     0.83413680
                                       -2.15373194
     0.46701290    3     0.72155346     0.69619548     0.00000000
                                       -1.64749920     0.00000000
                                                       0.00000000
                        -0.21439589    -0.46502350    -0.24754787
                                        1.10044645     0.58580517
                                                      -0.83266969
     0.32528958    1    -0.54324017
                         0.61141305
     0.29474281    1   -18.52022760
                         0.00959761
