Ni GTH-PADE-q10 GTH-LDA-q10
    2    0    8
     0.56000000    0
    3
     0.42539870    3     3.61965071    -1.19635099     0.74622158
                                        3.08896496    -1.92673583
                                                       3.05859831
     0.58408076    2     1.74222007    -0.16325873
                                        0.38634067
                        -0.02038398    -0.02906079
                                        0.06877038
     0.27811348    1   -11.60842823
                         0.00870832
