No GTH-PADE-q24 GTH-LDA-q24
    4    6    0   14
     0.43000000    2    37.64993707    -0.71035344
    4  SOC
     0.44606523    3    -2.12290880     1.89514994     1.18588141
                                       -0.51779180    -3.06193263
                                                       2.43033368
     0.44030926    3    -0.44365586     1.70373384    -0.58231627
                                       -2.98535285     1.37801181
                                                      -0.97936032
                         1.80650986     1.09492221    -1.81482464
                                       -4.31693567     4.29465894
                                                      -3.05223692
     0.58590977    2     0.29720777     0.42743294
                                       -0.48466340
                         0.07220963     0.01577385
                                       -0.01788587
     0.28762698    1   -18.23169072
                         0.05846154
