Np GTH-PADE-q15 GTH-LDA-q15
    4    6    1    4
     0.47500000    2    47.41752938    -4.29399238
    4  SOC
     0.47991958    3    -1.33870785     0.82365076     0.39509569
                                       -0.42070538    -1.02013268
                                                       0.80970521
     0.39538002    3     4.00201954    -3.76024214     1.52076333
                                        6.98101751    -3.59878287
                                                       2.55767410
                         5.26307817    -4.99759234     1.63016323
                                        8.62720418    -3.85767029
                                                       2.74166677
     0.68848297    2     0.38448383     0.53471269
                                       -0.60630720
                         0.05201471     0.00155351
                                       -0.00176151
     0.31620990    1   -16.83541963
                         0.03761893
