Np GTH-PADE-q33 GTH-LDA-q33
    6   12   11    4
     0.23750000    2   169.20405090    -9.99299996
    4  SOC
     0.17239002    3    -3.73727990    45.46966403   -28.59877410
                                     -105.21699340    73.84171721
                                                     -58.61004604
     0.18198697    3    -5.20150456    -2.14654486     1.69527836
                                        5.36220606    -4.01176081
                                                       2.85117972
                        26.12747122   -41.01153789    23.57878333
                                       87.78058434   -55.79758535
                                                      39.65564032
     0.32972661    2     2.38695303    -3.14342811
                                        3.56431245
                        -1.16768618     1.74489054
                                       -1.97851990
     0.21994233    1    -2.14290505
                         0.19911122
