Os GTH-PADE-q16 GTH-LDA-q16
    4    6    6
     0.52000000    2     5.61307299     0.92195476
    3  SOC
     0.41057830    3     2.78575826     2.59185074     0.54822025
                                       -6.69212983    -1.41549860
                                                       2.24703437
     0.42239546    3    -0.59000550     1.27547446     0.00000000
                                       -3.01832347     0.00000000
                                                       0.00000000
                         0.87081735     0.17447632    -0.04147424
                                       -0.41288633     0.09814596
                                                      -0.13950571
     0.38025200    2     0.88013282     2.52796761
                                       -5.73289168
                         0.21644008     0.04551632
                                       -0.10322131
