Os GTH-PADE-q8 GTH-LDA-q8
    2    0    6
     0.66700000    1     9.44045936
    3  SOC
     0.51030708    2     2.40236688    -1.17998407
                                        3.04670577
     0.71755329    2     0.49952321    -0.44509384
                                        1.05328427
                        -0.43074635    -0.29654416
                                        0.70175157
     0.48758605    2    -4.14203471     0.73468110
                                       -1.66610013
                         0.11694065     0.06162898
                                       -0.13976139
