Pa GTH-PADE-q13 GTH-LDA-q13
    4    6    1    2
     0.48500000    2    50.21042987    -4.67785813
    4
     0.43388667    3    -2.49630146     2.04513205    -0.29381450
                                       -3.11814345     0.75862579
                                                      -0.60214055
     0.37922776    3     4.68560635    -7.78484240     3.17450754
                                       14.49622067    -7.51225596
                                                       5.33900022
                         6.69268468    -8.77673363     3.92315179
                                       16.91622070    -9.28387160
                                                       6.59809687
     0.73009135    2     0.34655494     0.49045139
                                       -0.55611961
                         0.04393125     0.00065414
                                       -0.00074172
     0.32693110    1   -16.53360481
                         0.03317463
