Pa GTH-PADE-q31 GTH-LDA-q31
    6   12   11    2
     0.24250000    2   169.55767380   -10.19164913
    4  SOC
     0.17742096    3    -5.44638351    41.62554474   -25.43795061
                                      -95.11317695    65.68050606
                                                     -52.13228551
     0.18113300    3    -7.25025958    -0.58881580     1.96491582
                                        3.96798143    -4.64983952
                                                       3.30466565
                        25.93462945   -41.89571943    24.92402579
                                       91.06638558   -58.98101005
                                                      41.91811717
     0.34273192    2     1.92255965    -2.50092459
                                        2.83578194
                        -0.85858127     1.32919518
                                       -1.50716567
     0.21689343    1    -1.72171982
                         0.25356520
