Pd GTH-PADE-q10 GTH-LDA-q10
    0    0   10
     0.59600000    1     5.20966476
    3  SOC
     0.58220422    2     2.41107608    -0.89811395
                                        2.31892024
     0.68878713    2     1.22725330    -0.32032214
                                        0.75802053
                        -0.13690890    -0.09330707
                                        0.22080482
     0.44283523    2    -4.37713124    -0.18223540
                                        0.41327105
                         0.03379697     0.02107700
                                       -0.04779814
