Pm GTH-PADE-q15 GTH-LDA-q15
    4    6    0    5
     0.52625000    2    18.25172292    -0.49210744
    4  SOC
     0.48987856    2     1.30897757     0.97124774
                                       -2.50775088
     0.47226016    3     0.16051238     0.66146221     0.00000000
                                       -1.56530527     0.00000000
                                                       0.00000000
                        -0.33995543    -0.57428953    -0.34066424
                                        1.35901707     0.80615873
                                                      -1.14588259
     0.47370914    1    -0.42995241
                         0.06404352
     0.29152653    1   -19.30505668
                         0.01061852
