Pr GTH-PADE-q13 GTH-LDA-q13
    4    6    0    3
     0.53208333    2    18.42473909    -0.65766893
    4
     0.52684996    2     1.01262106     0.66537143
                                       -1.71798165
     0.45889736    3     1.11706004     0.78265878     0.00000000
                                       -1.85210872     0.00000000
                                                       0.00000000
                         0.31427984    -0.14831690    -0.04912915
                                        0.35098185     0.11626078
                                                      -0.16525431
     0.74760989    1     0.01757109
                         0.01090482
     0.30077296    1   -17.89711891
                         0.00854696
