Pt GTH-PADE-q18 GTH-LDA-q18
    3    6    9
     0.50000000    2     5.44583159     1.15638204
    3  SOC
     0.40994150    3     2.99436565     2.88489700     1.03520925
                                       -7.44877202    -2.67289879
                                                       4.24309529
     0.39865199    3    -0.22518140     1.59606293     0.00000000
                                       -3.77697426     0.00000000
                                                       0.00000000
                         1.01705973     0.14714667    -0.09867767
                                       -0.34821257     0.23351399
                                                      -0.33191927
     0.36796397    2     0.63206655     2.53790667
                                       -5.75543134
                         0.22647170     0.05042175
                                       -0.11434578
