Rh GTH-PADE-q17 GTH-LDA-q17
    3    6    8
     0.42000000    2    15.22501231     0.41591145
    3
     0.35005185    2     4.71529244     2.24847003
                                       -5.80552464
     0.35025339    2    -0.50469386     1.42536937
                                       -3.37303956
                         0.38962932     0.05191608
                                       -0.12285587
     0.49694980    2    -1.68559431    -0.61192127
                                        1.38770701
                         0.01887482     0.01007017
                                       -0.02283699
