Sm GTH-PADE-q16 GTH-LDA-q16
    4    6    0    6
     0.52333337    2    17.20679172    -0.53280292
    4  SOC
     0.47967676    2     1.72363519     1.02996853
                                       -2.65936731
     0.49059775    3    -0.08240311     0.46948681     0.00000000
                                       -1.11100858     0.00000000
                                                       0.00000000
                        -0.24029994    -0.50745883    -0.31336038
                                        1.20086678     0.74154601
                                                      -1.05404138
     0.47084026    1    -0.41063034
                         0.06335216
     0.28404049    1   -19.98429201
                         0.01192432
