Ta GTH-PADE-q5 GTH-LDA-q5
    2    0    3
     0.74400000    1     3.62311645
    3  SOC
     0.58180113    2     2.00533833    -1.17236605
                                        3.02703613
     0.77064628    2     0.51856664    -0.50091380
                                        1.18537841
                        -0.48563525    -0.29375358
                                        0.69514785
     0.53436996    2    -2.20220040     0.73493457
                                       -1.66667495
                         0.08671559     0.04173012
                                       -0.09463501
