Ta GTH-PADE-q13 GTH-LDA-q13
    4    6    3
     0.55000000    2     4.54623627     0.77942234
    3
     0.42185350    3     2.70813558     2.24282880     0.23120613
                                       -5.79095906    -0.59697167
                                                       0.94766314
     0.46134516    3    -0.72485277     0.93609767     0.00000000
                                       -2.21521141     0.00000000
                                                       0.00000000
                         0.64999172     0.14214268    -0.03012256
                                       -0.33637097     0.07128298
                                                      -0.10132239
     0.41099434    2     1.34849472     2.37542018
                                       -5.38694662
                         0.20534356     0.04513357
                                       -0.10235332
