Tb GTH-PADE-q19 GTH-LDA-q19
    4    6    0    9
     0.51458335    2    17.60361623    -0.82808004
    4
     0.44869439    2     1.71848088     1.33046245
                                       -3.43523929
     0.42422013    3     0.56239978     1.17553634     0.00000000
                                       -2.78182671     0.00000000
                                                       0.00000000
                        -0.00872499    -0.48343103    -0.25579926
                                        1.14400661     0.60533153
                                                      -0.86042467
     0.48280866    1    -0.62580219
                         0.05175355
     0.26825995    1   -22.91169709
                         0.01619671
