Tc GTH-PADE-q7 GTH-LDA-q7
    1    0    6
     0.67300000    1    13.31538067
    3
     0.67761188    2     0.81921767    -0.13495786
                                        0.34845968
     0.78427538    2     0.02867266    -0.27820911
                                        0.65836292
                        -0.08075975    -0.05944302
                                        0.14066787
     0.51988975    2    -5.98422427    -0.31829379
                                        0.72182246
                         0.02602474     0.01842157
                                       -0.04177619
