Th GTH-PADE-q12 GTH-LDA-q12
    4    6    2
     0.49000000    2    49.87527847    -5.00489107
    4
     0.44143389    3    -1.67756369     1.34777168    -0.00498825
                                       -1.74807915     0.01287961
                                                      -0.01022287
     0.39280926    3     5.49333669    -8.35575070     3.50622138
                                       15.72398142    -8.29723416
                                                       5.89688840
                         6.04886578    -7.39572641     3.26008735
                                       14.17828975    -7.71477476
                                                       5.48293140
     0.77182095    2     0.19225660     0.60836949
                                       -0.68982616
                         0.03465874     0.00231948
                                       -0.00263004
     0.32933743    1   -16.27257311
                         0.03198152
