Tl GTH-PADE-q13 GTH-LDA-q13
    2    1   10
     0.55000000    1     7.30188582
    3
     0.50242266    2     3.32656022    -1.68141322
                                        4.34139027
     0.57201594    3     1.27280729    -1.26443781     0.00000000
                                        2.99220598     0.00000000
                                                       0.00000000
                         0.01223345    -0.01338045     0.30299168
                                        0.03166391    -0.71700919
                                                       1.01916448
     0.39318504    2    -3.20065227     1.32653373
                                       -3.00829573
                         0.18684918     0.07524992
                                       -0.17065079
