Tm GTH-PADE-q23 GTH-LDA-q23
    4    6    0   13
     0.50291669    2    17.24729254    -1.62769708
    4  SOC
     0.41337286    2     1.94719583     1.59627195
                                       -4.12155644
     0.40992301    3    -0.09449281     0.93984837     0.00000000
                                       -2.22408718     0.00000000
                                                       0.00000000
                         2.04536983     0.99188883     0.56567230
                                       -2.34723738    -1.33862499
                                                       1.90273579
     0.39287009    1    -1.35330770
                         0.11929895
     0.24391696    1   -28.10415875
                         0.02383347
