U GTH-PADE-q14 GTH-LDA-q14
    4    6    1    3
     0.48000000    2    48.91835510    -4.65380016
    4  SOC
     0.49280549    3    -1.29355222     0.34963659     0.64363135
                                        0.59548757    -1.66184899
                                                       1.31905175
     0.39699473    3     4.00438886    -5.39520314     2.49158079
                                       10.53179247    -5.89615629
                                                       4.19042960
                         5.30496136    -6.83073266     3.49272662
                                       13.89708904    -8.26529974
                                                       5.87419244
     0.67698822    2     0.56202433     0.45941134
                                       -0.52092350
                         0.06362951    -0.00677739
                                        0.00768484
     0.32136994    1   -16.59071643
                         0.03561186
