V GTH-PADE-q5 GTH-LDA-q5
    2    0    3
     0.69000000    0
    3  SOC
     0.51470421    3     2.20866978    -0.73461318     0.75055919
                                        1.89676307    -1.93793550
                                                       3.07637723
     0.74350381    2     1.11575121    -0.12113126
                                        0.28664887
                        -0.01097329    -0.01302199
                                        0.03081565
     0.37488959    1    -5.84163317
                         0.00271707
