W GTH-PADE-q14 GTH-LDA-q14
    4    6    4
     0.54000000    2     4.80025094     0.90154434
    3  SOC
     0.41856963    3     2.69220433     2.33255747     0.29723855
                                       -6.02263750    -0.76746663
                                                       1.21831550
     0.44955492    3    -0.70208426     1.03602407     0.00000000
                                       -2.45168043     0.00000000
                                                       0.00000000
                         0.71547973     0.16283543    -0.02291919
                                       -0.38533896     0.05423670
                                                      -0.07709262
     0.39960167    2     1.17743638     2.44891670
                                       -5.55362106
                         0.20586005     0.04411598
                                       -0.10004563
