   40             4.00000 ng, rij 
     2.630     5.260                                       rcov,rprb 
 r                           (non)relativistic calculation
 PBE                         XC-functional
 95.000 35.000    0.2325000000    0.1533610234E+03   -0.1356557120E+02    0.0000000000E+00    0.0000000000E+00  znuc,zion,rloc,gpot()
   3                                                       lpx, (Projectors for l=0..lpx)
    0.1804289090    0.8203187794E+01    0.2067276239E+02   -0.5110159635E+02   -0.1500963605E+02    0.3875471363E+02   -0.3076060032E+02  r_l(),hsep(), so=+0.5
    0.2106783080    0.7580781760E+01    0.7238558697E+01   -0.2436641873E+02   -0.9491344193E+01    0.2246061980E+02   -0.1596288181E+02  r_l(),hsep(), so=+0.5
   -0.1844404311E+01   -0.6297146095E+01    0.2738098457E+02    0.1197112704E+02   -0.2832885706E+02    0.2013346920E+02         hsep(), so=-0.5
    0.4934552826    0.1766021481E+01   -0.1156146126E+01    0.1310946484E+01    0.0000000000E+00   -0.0000000000E+00    0.0000000000E+00  r_l(),hsep(), so=+0.5
    0.7962356926E+00   -0.4947522373E+00    0.5609963059E+00    0.0000000000E+00   -0.0000000000E+00    0.0000000000E+00         hsep(), so=-0.5
    0.2417790176   -0.2249193633E+00   -0.0000000000E+00    0.0000000000E+00    0.0000000000E+00   -0.0000000000E+00    0.0000000000E+00  r_l(),hsep(), so=+0.5
   -0.5919720607E+00   -0.0000000000E+00    0.0000000000E+00    0.0000000000E+00   -0.0000000000E+00    0.0000000000E+00         hsep(), so=-0.5
 ---------------------------------------------
 Additional information (last calculation):
 gaussian exponents:
 xp():   104.64755230879651        73.996993872123952        52.323776154398260        36.998496936061990        26.161888077199126        18.499248468030995        13.080944038599570        9.2496242340155010        6.5404720192997834        4.6248121170077523        3.2702360096498930        2.3124060585038761        1.6351180048249467        1.1562030292519381       0.81755900241247381       0.57810151462596926       0.40877950120623702       0.28905075731298469       0.20438975060311856       0.14452537865649237       0.10219487530155928        7.2262689328246199E-002   5.1097437650779669E-002   3.6131344664123113E-002   2.5548718825389831E-002   1.8065672332061560E-002   1.2774359412694921E-002   9.0328361660307818E-003   6.3871797063474612E-003   4.5164180830153918E-003   3.1935898531737323E-003   2.2582090415076968E-003   1.5967949265868664E-003   1.1291045207538484E-003   7.9839746329343319E-004   5.6455226037692441E-004   3.9919873164671676E-004   2.8227613018846220E-004   1.9959936582335841E-004   1.4113806509423118E-004
 orbital coefficients (one orbital per column)
 l,ispin:           0           1
 psi n=1,noccmax(l):
    0.4758076757E-01   -0.3337291150E-02    0.2266469754E-02   -0.6313865709E-03   -0.8404986280E-03    0.0000000000E+00    0.0000000000E+00   -0.4785236035E+00   -0.2129154650E+00
   -0.3895519724E+00   -0.3635246141E-01    0.4119212536E-02   -0.5685050454E-02   -0.3334995605E-02    0.0000000000E+00    0.0000000000E+00    0.1877793994E+01    0.8560716421E+00
    0.1657109563E+01    0.3564600143E+00   -0.8955963123E-01    0.5922395697E-01    0.4693126085E-01    0.0000000000E+00    0.0000000000E+00   -0.3378487531E+01   -0.1588613165E+01
   -0.4591383625E+01   -0.1347612593E+01    0.3773194286E+00   -0.2283271840E+00   -0.1894928932E+00    0.0000000000E+00    0.0000000000E+00    0.2890400423E+01    0.1407304561E+01
    0.8123919018E+01    0.2581684302E+01   -0.7411313616E+00    0.4437047300E+00    0.3708774247E+00    0.0000000000E+00    0.0000000000E+00    0.6459454309E-01    0.1123705465E+00
   -0.5257865352E+01   -0.3936137729E+00    0.2932003315E-01   -0.7306999896E-01   -0.3829106974E-01    0.0000000000E+00    0.0000000000E+00    0.9984719144E+00    0.1102656998E+00
   -0.8817698486E+01   -0.8039431110E+01    0.2687592223E+01   -0.1397008019E+01   -0.1258347143E+01    0.0000000000E+00    0.0000000000E+00   -0.9285653989E+01   -0.5769767340E+01
    0.1681180456E+01    0.4626707403E+01   -0.1687870850E+01    0.8310688521E+00    0.7736921107E+00    0.0000000000E+00    0.0000000000E+00   -0.6403959954E+01    0.2672686573E+01
    0.2151392774E+02    0.1093778081E+02   -0.3368522871E+01    0.1972525769E+01    0.1676247429E+01    0.0000000000E+00    0.0000000000E+00    0.3113212165E+02    0.1101879610E+02
   -0.7596785730E+01   -0.3371564177E+01    0.1023690946E+01   -0.7143336835E+00   -0.5684447377E+00    0.0000000000E+00    0.0000000000E+00   -0.7017235348E+01   -0.2948259604E+01
    0.2949451614E+01   -0.2559094873E+00    0.1739517477E+00    0.7914328006E-01    0.3715995382E-02    0.0000000000E+00    0.0000000000E+00   -0.5453879546E+00   -0.1496343209E+01
   -0.8372020853E+01   -0.5146901599E+01    0.1663845732E+01   -0.1119906598E+01   -0.9121460903E+00    0.0000000000E+00    0.0000000000E+00   -0.7747788785E+01   -0.3854102075E+01
    0.1313582527E+01   -0.1066212539E+01    0.4938041227E+00   -0.4909253301E-01   -0.1220361029E+00    0.0000000000E+00    0.0000000000E+00   -0.1099187487E+01   -0.1300921776E+01
   -0.3132297309E+01   -0.1957433812E+01    0.6960183400E+00   -0.6490937894E+00   -0.4951033856E+00    0.0000000000E+00    0.0000000000E+00   -0.2204288432E+01   -0.1088346305E+01
    0.1599414402E+01    0.1198785497E+01   -0.4526723309E+00    0.5493959415E+00    0.4119377802E+00    0.0000000000E+00    0.0000000000E+00    0.3510696778E+00    0.3708035670E+00
   -0.1229927777E+01    0.2674363835E+00   -0.1608841991E+00   -0.2460164157E+00   -0.1586915404E+00    0.0000000000E+00    0.0000000000E+00   -0.4374356642E+00    0.2514885153E+00
    0.8492582928E+00    0.1202459797E+01   -0.5877543934E+00    0.7235331510E+00    0.6218518977E+00    0.0000000000E+00    0.0000000000E+00    0.2264618601E+00    0.4956575524E+00
   -0.5867374700E+00    0.1045930393E+00   -0.4169542561E+00   -0.1109066405E+00   -0.9559108194E-01    0.0000000000E+00    0.0000000000E+00   -0.1354122579E+00    0.2155173660E+00
    0.4012457659E+00    0.3868263492E+00    0.3371770706E+00   -0.3280506379E-01   -0.6001703044E-01    0.0000000000E+00    0.0000000000E+00    0.7844543883E-01    0.1547827611E+00
   -0.2718357040E+00   -0.1135033729E+00   -0.6230108157E+00    0.6588157599E+00    0.8195077750E+00    0.0000000000E+00    0.0000000000E+00   -0.4500901418E-01    0.4578679461E-01
    0.1825424980E+00    0.1171573448E+00    0.3397600763E+00   -0.8667978928E+00   -0.1296296677E+01    0.0000000000E+00    0.0000000000E+00    0.2555538023E-01    0.2939225979E-01
   -0.1215756444E+00   -0.7727604420E-01    0.2573796555E-01    0.6713188010E+00    0.1440880957E+01    0.0000000000E+00    0.0000000000E+00   -0.1436647017E-01   -0.1907331984E-02
    0.8035313189E-01    0.5343920072E-01    0.9666558670E-01   -0.4887738743E+00   -0.1489071471E+01    0.0000000000E+00    0.0000000000E+00    0.8001022324E-02    0.4348771929E-02
   -0.5272590533E-01   -0.3620508988E-01    0.1117224926E+00   -0.7373448245E-01    0.7452307776E+00    0.0000000000E+00    0.0000000000E+00   -0.4416552930E-02   -0.2133720149E-02
    0.3435608119E-01    0.2414476590E-01    0.4552784744E-01   -0.1632732211E+00   -0.1063130928E+01    0.0000000000E+00    0.0000000000E+00    0.2417140907E-02    0.1226119965E-02
   -0.2222779184E-01   -0.1583763977E-01    0.2169928216E-01   -0.1486336466E-01    0.3030635357E+00    0.0000000000E+00    0.0000000000E+00   -0.1311638876E-02   -0.6777295465E-03
    0.1427171704E-01    0.1020934382E-01   -0.3807257792E-02    0.2199316994E+00    0.1681849408E+01    0.0000000000E+00    0.0000000000E+00    0.7054450397E-03    0.3662299827E-03
   -0.9084219537E-02   -0.6460071235E-02    0.2821817297E-02    0.3925642984E-01   -0.1461317092E+01    0.0000000000E+00    0.0000000000E+00   -0.3757277095E-03   -0.1931791878E-03
    0.5722446197E-02    0.4006044257E-02   -0.1765645877E-02   -0.2106754714E-01    0.4467489410E+00    0.0000000000E+00    0.0000000000E+00    0.1978761017E-03    0.9936106015E-04
   -0.3558200808E-02   -0.2429307714E-02    0.1054324120E-02    0.1174386423E-01   -0.1911132446E+00    0.0000000000E+00    0.0000000000E+00   -0.1028067803E-03   -0.4977722631E-04
    0.2175733928E-02    0.1436232002E-02   -0.6055201560E-03   -0.6458759711E-02    0.9036884711E-01    0.0000000000E+00    0.0000000000E+00    0.5251721323E-04    0.2425240255E-04
   -0.1301390841E-02   -0.8243408427E-03    0.3350011967E-03    0.3463214621E-02   -0.4408934708E-01    0.0000000000E+00    0.0000000000E+00   -0.2625250263E-04   -0.1146495489E-04
    0.7558153368E-03    0.4565884519E-03   -0.1782487513E-03   -0.1799368932E-02    0.2152635953E-01    0.0000000000E+00    0.0000000000E+00    0.1275665980E-04    0.5238320150E-05
   -0.4218149917E-03   -0.2419484677E-03    0.9073148836E-04    0.8991889958E-03   -0.1031239157E-01    0.0000000000E+00    0.0000000000E+00   -0.5969499026E-05   -0.2298297871E-05
    0.2229361892E-03    0.1211164148E-03   -0.4372805885E-04   -0.4272189120E-03    0.4758383762E-02    0.0000000000E+00    0.0000000000E+00    0.2654661366E-05    0.9582047428E-06
   -0.1092824089E-03   -0.5620963885E-04    0.1961152208E-04    0.1895016101E-03   -0.2067874729E-02    0.0000000000E+00    0.0000000000E+00   -0.1100618247E-05   -0.3733383232E-06
    0.4820551435E-04    0.2351070409E-04   -0.7962457074E-05   -0.7629133830E-04    0.8205527241E-03    0.0000000000E+00    0.0000000000E+00    0.4135682833E-06    0.1324116500E-06
   -0.1828569125E-04   -0.8484153101E-05    0.2802122205E-05    0.2667576856E-04   -0.2839851744E-03    0.0000000000E+00    0.0000000000E+00   -0.1348922706E-06   -0.4100042917E-07
    0.5549449151E-05    0.2460829048E-05   -0.7961409537E-06   -0.7542292105E-05    0.7971074704E-04    0.0000000000E+00    0.0000000000E+00    0.3561127608E-07    0.1034373102E-07
   -0.1184503184E-05   -0.5047719374E-06    0.1606149436E-06    0.1516036879E-05   -0.1593933032E-04    0.0000000000E+00    0.0000000000E+00   -0.6702923744E-08   -0.1873390048E-08
    0.1314330509E-06    0.5414536838E-07   -0.1700427243E-07   -0.1600650132E-06    0.1676686380E-05    0.0000000000E+00    0.0000000000E+00    0.6659424434E-09    0.1802948978E-09
 l,ispin:           1           1
 psi n=1,noccmax(l):
   -0.4785236035E+00   -0.2129154650E+00   -0.5992841616E-01   -0.4234785642E-01    0.4610829888E-01    0.0000000000E+00    0.0000000000E+00    0.4142200143E+01   -0.6748545743E+00
    0.1877793994E+01    0.8560716421E+00    0.2424909462E+00    0.1700602466E+00   -0.1880182914E+00    0.0000000000E+00    0.0000000000E+00   -0.1448919115E+02    0.2380220045E+01
   -0.3378487531E+01   -0.1588613165E+01   -0.4565890815E+00   -0.3127592609E+00    0.3617325847E+00    0.0000000000E+00    0.0000000000E+00    0.2645487223E+02   -0.4379254753E+01
    0.2890400423E+01    0.1407304561E+01    0.4257153007E+00    0.2627756988E+00   -0.3658461380E+00    0.0000000000E+00    0.0000000000E+00   -0.3157692151E+02    0.5216649366E+01
    0.6459454309E-01    0.1123705465E+00   -0.2461094147E-01    0.7083184016E-01    0.1042380703E+00    0.0000000000E+00    0.0000000000E+00    0.2382751031E+02   -0.3757625102E+01
    0.9984719144E+00    0.1102656998E+00    0.8898627201E-01   -0.4261848520E-01   -0.1675585757E+00    0.0000000000E+00    0.0000000000E+00   -0.1104453872E+02    0.1380934156E+01
   -0.9285653989E+01   -0.5769767340E+01   -0.1685774125E+01   -0.1175328817E+01    0.1325802046E+01    0.0000000000E+00    0.0000000000E+00    0.1951585780E+02   -0.3323951675E+01
   -0.6403959954E+01    0.2672686573E+01    0.9699626230E+00    0.6334437572E+00   -0.8469655987E+00    0.0000000000E+00    0.0000000000E+00   -0.2964801358E+02    0.6160811827E+01
    0.3113212165E+02    0.1101879610E+02    0.2812769541E+01    0.2279440685E+01   -0.1854573348E+01    0.0000000000E+00    0.0000000000E+00   -0.1035969736E+02    0.1559018837E+01
   -0.7017235348E+01   -0.2948259604E+01   -0.7165818774E+00   -0.6814258188E+00    0.3850379876E+00    0.0000000000E+00    0.0000000000E+00    0.9783533247E+01   -0.2131392339E+01
   -0.5453879546E+00   -0.1496343209E+01   -0.5213876472E+00   -0.2759719145E+00    0.4969312154E+00    0.0000000000E+00    0.0000000000E+00    0.8115460305E+01   -0.1710972904E+01
   -0.7747788785E+01   -0.3854102075E+01   -0.9842224828E+00   -0.8807556742E+00    0.5905240161E+00    0.0000000000E+00    0.0000000000E+00    0.6760685394E+01   -0.1411975382E+01
   -0.1099187487E+01   -0.1300921776E+01   -0.4520914197E+00   -0.2315324233E+00    0.4307447727E+00    0.0000000000E+00    0.0000000000E+00    0.2435653294E+01   -0.4027802581E+00
   -0.2204288432E+01   -0.1088346305E+01   -0.2384308368E+00   -0.2980191577E+00    0.7773860283E-01    0.0000000000E+00    0.0000000000E+00    0.1098362178E+01   -0.2564697908E+00
    0.3510696778E+00    0.3708035670E+00    0.5903101131E-01    0.1573808681E+00    0.3602572918E-01    0.0000000000E+00    0.0000000000E+00    0.2350622406E+00   -0.2137739208E-01
   -0.4374356642E+00    0.2514885153E+00    0.1434574587E+00    0.6233593365E-02   -0.1740062311E+00    0.0000000000E+00    0.0000000000E+00    0.1220640510E+00    0.7382684536E-01
    0.2264618601E+00    0.4956575524E+00    0.1086733874E+00    0.1906115364E+00   -0.3162601664E-01    0.0000000000E+00    0.0000000000E+00   -0.9256095503E-02    0.7483045279E-01
   -0.1354122579E+00    0.2155173660E+00    0.1860669374E+00    0.5867471052E-01   -0.1936082969E+00    0.0000000000E+00    0.0000000000E+00    0.1318613153E-01    0.7551119507E-01
    0.7844543883E-01    0.1547827611E+00   -0.1009837095E+00   -0.2321738100E-01    0.1598981081E+00    0.0000000000E+00    0.0000000000E+00   -0.5716207357E-02    0.3488368443E-01
   -0.4500901418E-01    0.4578679461E-01    0.1817767356E+00    0.1472486923E+00   -0.3043864151E+00    0.0000000000E+00    0.0000000000E+00    0.2864210895E-02    0.1664747652E-01
    0.2555538023E-01    0.2939225979E-01   -0.7157243530E-01   -0.1047679393E+00    0.2923376274E+00    0.0000000000E+00    0.0000000000E+00   -0.1388808040E-02    0.2152596924E-01
   -0.1436647017E-01   -0.1907331984E-02    0.3897020175E-02    0.5745004689E-01   -0.2634881194E+00    0.0000000000E+00    0.0000000000E+00    0.6650137790E-03    0.4416377793E-02
    0.8001022324E-02    0.4348771929E-02   -0.5685138352E-02   -0.3143205777E-01    0.2301400619E+00    0.0000000000E+00    0.0000000000E+00   -0.3143702243E-03    0.4922569372E-02
   -0.4416552930E-02   -0.2133720149E-02   -0.2104970934E-01   -0.4004948347E-01   -0.1043513814E+00    0.0000000000E+00    0.0000000000E+00    0.1467939780E-03    0.1617077489E-02
    0.2417140907E-02    0.1226119965E-02   -0.1415108713E-01   -0.9599147634E-02    0.1539948333E+00    0.0000000000E+00    0.0000000000E+00   -0.6773080331E-04    0.9109391871E-03
   -0.1311638876E-02   -0.6777295465E-03   -0.9382663769E-02   -0.3378155317E-01   -0.5285964279E-02    0.0000000000E+00    0.0000000000E+00    0.3088289514E-04    0.1089601209E-03
    0.7054450397E-03    0.3662299827E-03   -0.1614206229E-02    0.3676745978E-01   -0.2037894979E+00    0.0000000000E+00    0.0000000000E+00   -0.1391209734E-04    0.4395980204E-04
   -0.3757277095E-03   -0.1931791878E-03    0.8690672473E-04    0.5754222065E-02    0.1383746149E+00    0.0000000000E+00    0.0000000000E+00    0.6187338334E-05   -0.1534172509E-04
    0.1978761017E-03    0.9936106015E-04   -0.1674394841E-05   -0.1960555090E-02   -0.3422131060E-01    0.0000000000E+00    0.0000000000E+00   -0.2713335486E-05    0.6261329762E-05
   -0.1028067803E-03   -0.4977722631E-04   -0.7003109820E-05    0.8019990558E-03    0.1202938639E-01    0.0000000000E+00    0.0000000000E+00    0.1170960927E-05   -0.2520238995E-05
    0.5251721323E-04    0.2425240255E-04    0.5172427400E-05   -0.3438951787E-03   -0.4712636202E-02    0.0000000000E+00    0.0000000000E+00   -0.4958944152E-06    0.9898385677E-06
   -0.2625250263E-04   -0.1146495489E-04   -0.2855640097E-05    0.1482994758E-03    0.1916504984E-02    0.0000000000E+00    0.0000000000E+00    0.2052611662E-06   -0.3785556645E-06
    0.1275665980E-04    0.5238320150E-05    0.1396662303E-05   -0.6314104564E-04   -0.7842453628E-03    0.0000000000E+00    0.0000000000E+00   -0.8257631967E-07    0.1406695109E-06
   -0.5969499026E-05   -0.2298297871E-05   -0.6312326738E-06    0.2620323003E-04    0.3166465051E-03    0.0000000000E+00    0.0000000000E+00    0.3203121543E-07   -0.5055292306E-07
    0.2654661366E-05    0.9582047428E-06    0.2660875734E-06   -0.1045264880E-04   -0.1239066134E-03    0.0000000000E+00    0.0000000000E+00   -0.1184277688E-07    0.1741352999E-07
   -0.1100618247E-05   -0.3733383232E-06   -0.1038632035E-06    0.3932834597E-05    0.4599170600E-04    0.0000000000E+00    0.0000000000E+00    0.4102854756E-08   -0.5661889974E-08
    0.4135682833E-06    0.1324116500E-06    0.3674599013E-07   -0.1357166216E-05   -0.1571916337E-04    0.0000000000E+00    0.0000000000E+00   -0.1297827180E-08    0.1694744129E-08
   -0.1348922706E-06   -0.4100042917E-07   -0.1133053259E-07    0.4113868177E-06    0.4732374021E-05    0.0000000000E+00    0.0000000000E+00    0.3598907308E-09   -0.4484592662E-09
    0.3561127608E-07    0.1034373102E-07    0.2845479538E-08   -0.1020997004E-06   -0.1168805545E-05    0.0000000000E+00    0.0000000000E+00   -0.8177844020E-10    0.9803046998E-10
   -0.6702923744E-08   -0.1873390048E-08   -0.5131552344E-09    0.1826218224E-07    0.2083378771E-06    0.0000000000E+00    0.0000000000E+00    0.1344251337E-10   -0.1561615721E-10
    0.6659424434E-09    0.1802948978E-09    0.4920346446E-10   -0.1741059045E-08   -0.1981344344E-07    0.0000000000E+00    0.0000000000E+00   -0.1185312971E-11    0.1343102556E-11
 l,ispin:           1           2
 psi n=1,noccmax(l):
    0.6290316860E+00    0.2755667775E+00    0.7129951952E-01    0.4578208120E-01   -0.4795174044E-01    0.0000000000E+00    0.0000000000E+00    0.4122792873E+01   -0.7911905694E+00
   -0.2495348180E+01   -0.1141610218E+01   -0.2971970158E+00   -0.1899684503E+00    0.2007567233E+00    0.0000000000E+00    0.0000000000E+00   -0.1442007365E+02    0.2792140060E+01
    0.4412712160E+01    0.2187492191E+01    0.5768888696E+00    0.3620484536E+00   -0.3953686580E+00    0.0000000000E+00    0.0000000000E+00    0.2632939599E+02   -0.5141584866E+01
   -0.2912684748E+01   -0.1929427604E+01   -0.5325738314E+00   -0.3041380425E+00    0.3888334370E+00    0.0000000000E+00    0.0000000000E+00   -0.3144158995E+02    0.6132619286E+01
   -0.4370059245E+01   -0.8051001882E+00   -0.1421631442E+00   -0.1912162498E+00    0.1847481397E-01    0.0000000000E+00    0.0000000000E+00    0.2377330776E+02   -0.4426644781E+01
    0.9591862177E+01    0.2355243949E+01    0.5178491808E+00    0.4731116462E+00   -0.2404575219E+00    0.0000000000E+00    0.0000000000E+00   -0.1108093442E+02    0.1629766434E+01
    0.8018574284E+01    0.7121030378E+01    0.1942477584E+01    0.1228103332E+01   -0.1334775179E+01    0.0000000000E+00    0.0000000000E+00    0.1936377240E+02   -0.3914138924E+01
   -0.2341987326E+02   -0.1368303433E+02   -0.3654861291E+01   -0.2415591217E+01    0.2431179208E+01    0.0000000000E+00    0.0000000000E+00   -0.2930921017E+02    0.7319513970E+01
   -0.1208242324E+02   -0.6344021469E+01   -0.1540325703E+01   -0.1209857524E+01    0.8741690857E+00    0.0000000000E+00    0.0000000000E+00   -0.1020678810E+02    0.1733621907E+01
    0.1058559950E+02    0.5963098692E+01    0.1491920544E+01    0.1179357217E+01   -0.8523404273E+00    0.0000000000E+00    0.0000000000E+00    0.9627626366E+01   -0.2482586686E+01
    0.3359788597E+01    0.3572564499E+01    0.1026417095E+01    0.5838946813E+00   -0.7515427375E+00    0.0000000000E+00    0.0000000000E+00    0.8009169959E+01   -0.2048891603E+01
    0.7194590111E+01    0.4022537734E+01    0.1013939949E+01    0.8400054485E+00   -0.5618925644E+00    0.0000000000E+00    0.0000000000E+00    0.6571063377E+01   -0.1606225839E+01
    0.5757166761E+00    0.1008861194E+01    0.3354738057E+00    0.1102081765E+00   -0.2957261837E+00    0.0000000000E+00    0.0000000000E+00    0.2477948391E+01   -0.5774205241E+00
    0.1562022594E+01    0.3515542019E+00    0.4149307652E-01    0.1497511693E+00    0.4376708890E-01    0.0000000000E+00    0.0000000000E+00    0.1184485387E+01   -0.2671149668E+00
   -0.4551915351E+00   -0.7907921746E+00   -0.2224420993E+00   -0.2777103036E+00    0.9148021602E-01    0.0000000000E+00    0.0000000000E+00    0.2270646034E+00    0.2491276088E-01
    0.3516931303E+00   -0.5127126726E+00   -0.1970091024E+00   -0.2429256971E-01    0.1720130943E+00    0.0000000000E+00    0.0000000000E+00    0.1187395038E+00    0.9624094126E-01
   -0.2001794744E+00   -0.5213168673E+00   -0.1695140537E+00   -0.2411621208E+00    0.9674674034E-01    0.0000000000E+00    0.0000000000E+00   -0.1255253510E-01    0.9418888430E-01
    0.1170051865E+00   -0.1800830471E+00   -0.1275056416E+00    0.1914135235E-01    0.9265440622E-01    0.0000000000E+00    0.0000000000E+00    0.1319570310E-01    0.8323742643E-01
   -0.6742718265E-01   -0.1137073616E+00    0.8452311052E-01   -0.2287673986E-01   -0.8082561853E-01    0.0000000000E+00    0.0000000000E+00   -0.5934432594E-02    0.3746584947E-01
    0.3844251012E-01   -0.1534080865E-01   -0.1479703204E+00   -0.8580083951E-01    0.2014552405E+00    0.0000000000E+00    0.0000000000E+00    0.2936820767E-02    0.1977505081E-01
   -0.2169842456E-01   -0.1421699065E-01    0.9393716415E-01    0.1106148925E+00   -0.2584288067E+00    0.0000000000E+00    0.0000000000E+00   -0.1419152783E-02    0.2061633504E-01
    0.1213449095E-01    0.4218573255E-02   -0.1653163773E-02   -0.5876591986E-01    0.2321612942E+00    0.0000000000E+00    0.0000000000E+00    0.6773626764E-03    0.4559742757E-02
   -0.6728353175E-02   -0.2945828100E-02    0.2149621155E-01    0.5752602836E-01   -0.2434559658E+00    0.0000000000E+00    0.0000000000E+00   -0.3193829718E-03    0.4581585724E-02
    0.3701258339E-02    0.1663927777E-02    0.1935171234E-01    0.2577189087E-01    0.1185441561E+00    0.0000000000E+00    0.0000000000E+00    0.1488379277E-03    0.1329651159E-02
   -0.2020719908E-02   -0.9359056278E-03    0.1343975391E-01    0.1389386810E-01   -0.1603854334E+00    0.0000000000E+00    0.0000000000E+00   -0.6857660592E-04    0.7343547332E-03
    0.1094977953E-02    0.5159442370E-03    0.5278378651E-02    0.1138500748E-01    0.8325860612E-01    0.0000000000E+00    0.0000000000E+00    0.3124203697E-04    0.4884829876E-04
   -0.5887052787E-03   -0.2786712807E-03    0.8835814677E-03   -0.3070834114E-01    0.1208108278E+00    0.0000000000E+00    0.0000000000E+00   -0.1406989768E-04    0.3708456018E-04
    0.3137723013E-03    0.1473225870E-03   -0.1639350172E-03   -0.2418986384E-02   -0.1081421880E+00    0.0000000000E+00    0.0000000000E+00    0.6259233524E-05   -0.1425037499E-04
   -0.1655426778E-03   -0.7614059975E-04    0.6439322206E-04    0.9427302036E-03    0.2857990917E-01    0.0000000000E+00    0.0000000000E+00   -0.2747102501E-05    0.5900532088E-05
    0.8625531335E-04    0.3841297781E-04   -0.2792677368E-04   -0.4162413139E-03   -0.1032167621E-01    0.0000000000E+00    0.0000000000E+00    0.1187110123E-05   -0.2389715005E-05
   -0.4423676083E-04   -0.1887818631E-04    0.1234297872E-04    0.1869363583E-03    0.4101436649E-02    0.0000000000E+00    0.0000000000E+00   -0.5036389293E-06    0.9420688889E-06
    0.2222422532E-04    0.9010735153E-05   -0.5424184664E-05   -0.8300518388E-04   -0.1682110913E-02    0.0000000000E+00    0.0000000000E+00    0.2089272697E-06   -0.3612231457E-06
   -0.1086408145E-04   -0.4158152872E-05    0.2340535885E-05    0.3602028101E-04    0.6920678523E-03    0.0000000000E+00    0.0000000000E+00   -0.8426403598E-07    0.1344882105E-06
    0.5118772388E-05    0.1842148053E-05   -0.9811946430E-06   -0.1513881004E-04   -0.2804426771E-03    0.0000000000E+00    0.0000000000E+00    0.3277582676E-07   -0.4840256897E-07
   -0.2293508571E-05   -0.7749734174E-06    0.3944967450E-06    0.6090840977E-05    0.1100127661E-03    0.0000000000E+00    0.0000000000E+00   -0.1215267137E-07    0.1669155769E-07
    0.9584671574E-06    0.3043833508E-06   -0.1493456840E-06   -0.2305095908E-05   -0.4090537175E-04    0.0000000000E+00    0.0000000000E+00    0.4222162862E-08   -0.5431800396E-08
   -0.3630773340E-06   -0.1087065933E-06    0.5178437372E-07    0.7986472002E-06    0.1399779234E-04    0.0000000000E+00    0.0000000000E+00   -0.1339187178E-08    0.1626931034E-08
    0.1193662865E-06    0.3385658368E-07   -0.1575515196E-07   -0.2427569371E-06   -0.4217778008E-05    0.0000000000E+00    0.0000000000E+00    0.3722860360E-09   -0.4307261195E-09
   -0.3174921538E-07   -0.8582180446E-08    0.3921278735E-08    0.6036371200E-07    0.1042348193E-05    0.0000000000E+00    0.0000000000E+00   -0.8478241597E-10    0.9418876228E-10
    0.6016822929E-08    0.1560280189E-08   -0.7028956952E-09   -0.1081135987E-07   -0.1858779576E-06    0.0000000000E+00    0.0000000000E+00    0.1396283311E-10   -0.1500828938E-10
   -0.6013597303E-09   -0.1506111513E-09    0.6712056318E-10    0.1031672650E-08    0.1768292910E-07    0.0000000000E+00    0.0000000000E+00   -0.1233148029E-11    0.1291083393E-11
 l,ispin:           2           1
 psi n=1,noccmax(l):
    0.4142200143E+01   -0.6748545743E+00   -0.3731482243E+00    0.3022200172E+00    0.3414817023E+00    0.0000000000E+00    0.0000000000E+00   -0.9230277405E+01
   -0.1448919115E+02    0.2380220045E+01    0.1315883159E+01   -0.1067667985E+01   -0.1203965715E+01    0.0000000000E+00    0.0000000000E+00    0.2668940987E+02
    0.2645487223E+02   -0.4379254753E+01   -0.2423379295E+01    0.1962358029E+01    0.2219842474E+01    0.0000000000E+00    0.0000000000E+00   -0.4239283388E+02
   -0.3157692151E+02    0.5216649366E+01    0.2900828293E+01   -0.2311318691E+01   -0.2672675479E+01    0.0000000000E+00    0.0000000000E+00    0.4770400404E+02
    0.2382751031E+02   -0.3757625102E+01   -0.2130771852E+01    0.1577484025E+01    0.2008443649E+01    0.0000000000E+00    0.0000000000E+00   -0.3887219222E+02
   -0.1104453872E+02    0.1380934156E+01    0.8535396110E+00   -0.4246282571E+00   -0.8802219984E+00    0.0000000000E+00    0.0000000000E+00    0.2195990417E+02
    0.1951585780E+02   -0.3323951675E+01   -0.1895532630E+01    0.1390757511E+01    0.1797747089E+01    0.0000000000E+00    0.0000000000E+00   -0.1913087138E+02
   -0.2964801358E+02    0.6160811827E+01    0.3425276485E+01   -0.2817117855E+01   -0.3154746779E+01    0.0000000000E+00    0.0000000000E+00    0.2698537808E+02
   -0.1035969736E+02    0.1559018837E+01    0.7435155165E+00   -0.8989355519E+00   -0.5501894957E+00    0.0000000000E+00    0.0000000000E+00    0.1936315522E+00
    0.9783533247E+01   -0.2131392339E+01   -0.1078765135E+01    0.1169138267E+01    0.8785186371E+00    0.0000000000E+00    0.0000000000E+00   -0.6122900569E+01
    0.8115460305E+01   -0.1710972904E+01   -0.9834696570E+00    0.7299573958E+00    0.9394276142E+00    0.0000000000E+00    0.0000000000E+00   -0.6569720699E+01
    0.6760685394E+01   -0.1411975382E+01   -0.7123351807E+00    0.7707885964E+00    0.5788252011E+00    0.0000000000E+00    0.0000000000E+00   -0.3812613380E+01
    0.2435653294E+01   -0.4027802581E+00   -0.2583151339E+00    0.1314409901E+00    0.2727551052E+00    0.0000000000E+00    0.0000000000E+00   -0.2135866827E+01
    0.1098362178E+01   -0.2564697908E+00   -0.1043741109E+00    0.1752023431E+00    0.5786557959E-01    0.0000000000E+00    0.0000000000E+00   -0.9984366986E+00
    0.2350622406E+00   -0.2137739208E-01   -0.3680118641E-01   -0.3289983673E-01    0.5650848575E-01    0.0000000000E+00    0.0000000000E+00   -0.4552411027E+00
    0.1220640510E+00    0.7382684536E-01    0.6525822193E-01   -0.9110142333E-02   -0.8129391969E-01    0.0000000000E+00    0.0000000000E+00   -0.1796757631E+00
   -0.9256095503E-02    0.7483045279E-01    0.2078731864E-01   -0.5931946326E-01   -0.2783393433E-02    0.0000000000E+00    0.0000000000E+00   -0.7225782260E-01
    0.1318613153E-01    0.7551119507E-01    0.6597400607E-01   -0.3346300725E-01   -0.8167323851E-01    0.0000000000E+00    0.0000000000E+00   -0.2519521100E-01
   -0.5716207357E-02    0.3488368443E-01   -0.5442215386E-02   -0.1144673409E-01    0.3140329441E-01    0.0000000000E+00    0.0000000000E+00   -0.8614912479E-02
    0.2864210895E-02    0.1664747652E-01    0.3068011856E-01   -0.2061489219E-01   -0.6134477948E-01    0.0000000000E+00    0.0000000000E+00   -0.3295899138E-02
   -0.1388808040E-02    0.2152596924E-01    0.3888827090E-02   -0.1043423145E-01    0.2394867372E-01    0.0000000000E+00    0.0000000000E+00   -0.1125656350E-02
    0.6650137790E-03    0.4416377793E-02    0.1685285119E-02    0.6306277450E-02   -0.2115736281E-01    0.0000000000E+00    0.0000000000E+00   -0.2948203675E-03
   -0.3143702243E-03    0.4922569372E-02    0.5588471095E-02   -0.1513540000E-01    0.2727676519E-02    0.0000000000E+00    0.0000000000E+00   -0.1180150646E-03
    0.1467939780E-03    0.1617077489E-02   -0.5419012543E-03    0.1138133055E-01    0.3681502433E-02    0.0000000000E+00    0.0000000000E+00   -0.2075239247E-04
   -0.6773080331E-04    0.9109391871E-03   -0.6912396242E-03   -0.6290999663E-02   -0.2120023202E-02    0.0000000000E+00    0.0000000000E+00   -0.7205780545E-05
    0.3088289514E-04    0.1089601209E-03   -0.1649926515E-02    0.1229097583E-01    0.3224872769E-01    0.0000000000E+00    0.0000000000E+00    0.3213139610E-06
   -0.1391209734E-04    0.4395980204E-04   -0.1436890560E-02   -0.2914268134E-02   -0.3674420611E-01    0.0000000000E+00    0.0000000000E+00   -0.3160089232E-06
    0.6187338334E-05   -0.1534172509E-04    0.7066214973E-04   -0.2288660955E-02    0.1427027890E-01    0.0000000000E+00    0.0000000000E+00    0.1137265280E-06
   -0.2713335486E-05    0.6261329762E-05   -0.1811525872E-04    0.5735961288E-03   -0.2248024071E-02    0.0000000000E+00    0.0000000000E+00   -0.4008839900E-07
    0.1170960927E-05   -0.2520238995E-05    0.5554716561E-05   -0.1813239461E-03    0.5742120996E-03    0.0000000000E+00    0.0000000000E+00    0.1369295768E-07
   -0.4958944152E-06    0.9898385677E-06   -0.1823625987E-05    0.6171425329E-04   -0.1732430930E-03    0.0000000000E+00    0.0000000000E+00   -0.4541421299E-08
    0.2052611662E-06   -0.3785556645E-06    0.6167858275E-06   -0.2151791260E-04    0.5605847746E-04    0.0000000000E+00    0.0000000000E+00    0.1464736681E-08
   -0.8257631967E-07    0.1406695109E-06   -0.2104406608E-06    0.7511069839E-05   -0.1864013217E-04    0.0000000000E+00    0.0000000000E+00   -0.4592671758E-09
    0.3203121543E-07   -0.5055292306E-07    0.7125599412E-07   -0.2584463102E-05    0.6208766732E-05    0.0000000000E+00    0.0000000000E+00    0.1395370453E-09
   -0.1184277688E-07    0.1741352999E-07   -0.2354637810E-07    0.8633716385E-06   -0.2028761070E-05    0.0000000000E+00    0.0000000000E+00   -0.4076929943E-10
    0.4102854756E-08   -0.5661889974E-08    0.7437397709E-08   -0.2746672569E-06    0.6356801552E-06    0.0000000000E+00    0.0000000000E+00    0.1129700989E-10
   -0.1297827180E-08    0.1694744129E-08   -0.2181717933E-08    0.8094515064E-07   -0.1853762919E-06    0.0000000000E+00    0.0000000000E+00   -0.2900120912E-11
    0.3598907308E-09   -0.4484592662E-09    0.5692610475E-09   -0.2118233150E-07    0.4815728756E-07    0.0000000000E+00    0.0000000000E+00    0.6635564607E-12
   -0.8177844020E-10    0.9803046998E-10   -0.1232242237E-09    0.4593557849E-08   -0.1039020883E-07    0.0000000000E+00    0.0000000000E+00   -0.1266832848E-12
    0.1344251337E-10   -0.1561615721E-10    0.1949598844E-10   -0.7275840179E-09    0.1639880927E-08    0.0000000000E+00    0.0000000000E+00    0.1783645704E-13
   -0.1185312971E-11    0.1343102556E-11   -0.1668835586E-11    0.6232241747E-10   -0.1401173212E-09    0.0000000000E+00    0.0000000000E+00   -0.1374339083E-14
 l,ispin:           2           2
 psi n=1,noccmax(l):
    0.4122792873E+01   -0.7911905694E+00   -0.3921910195E+00   -0.3221942282E+00   -0.3681510553E+00    0.0000000000E+00    0.0000000000E+00    0.9700424428E+01
   -0.1442007365E+02    0.2792140060E+01    0.1383893184E+01    0.1138785624E+01    0.1298295814E+01    0.0000000000E+00    0.0000000000E+00   -0.2808651113E+02
    0.2632939599E+02   -0.5141584866E+01   -0.2550640676E+01   -0.2095398059E+01   -0.2396581980E+01    0.0000000000E+00    0.0000000000E+00    0.4469607317E+02
   -0.3144158995E+02    0.6132619286E+01    0.3055448714E+01    0.2474785678E+01    0.2897005477E+01    0.0000000000E+00    0.0000000000E+00   -0.5038766023E+02
    0.2377330776E+02   -0.4426644781E+01   -0.2243849281E+01   -0.1703849526E+01   -0.2206552753E+01    0.0000000000E+00    0.0000000000E+00    0.4103556588E+02
   -0.1108093442E+02    0.1629766434E+01    0.8915391640E+00    0.4802020888E+00    0.1011020352E+01    0.0000000000E+00    0.0000000000E+00   -0.2286224084E+02
    0.1936377240E+02   -0.3914138924E+01   -0.1994985549E+01   -0.1503087599E+01   -0.1977455371E+01    0.0000000000E+00    0.0000000000E+00    0.1962131853E+02
   -0.2930921017E+02    0.7319513970E+01    0.3649389886E+01    0.3043854458E+01    0.3436223032E+01    0.0000000000E+00    0.0000000000E+00   -0.2882041141E+02
   -0.1020678810E+02    0.1733621907E+01    0.7475071723E+00    0.8908311265E+00    0.4874227237E+00    0.0000000000E+00    0.0000000000E+00    0.4251086284E+00
    0.9627626366E+01   -0.2482586686E+01   -0.1138007038E+01   -0.1214277673E+01   -0.8767998150E+00    0.0000000000E+00    0.0000000000E+00    0.6907991038E+01
    0.8009169959E+01   -0.2048891603E+01   -0.1052008079E+01   -0.8033056614E+00   -0.1046575231E+01    0.0000000000E+00    0.0000000000E+00    0.7008811915E+01
    0.6571063377E+01   -0.1606225839E+01   -0.7330988286E+00   -0.7842610790E+00   -0.5619131335E+00    0.0000000000E+00    0.0000000000E+00    0.3993013675E+01
    0.2477948391E+01   -0.5774205241E+00   -0.3190384439E+00   -0.1924941113E+00   -0.3556636996E+00    0.0000000000E+00    0.0000000000E+00    0.2207384280E+01
    0.1184485387E+01   -0.2671149668E+00   -0.9728171761E-01   -0.1646282777E+00   -0.2867836818E-01    0.0000000000E+00    0.0000000000E+00    0.1016780628E+01
    0.2270646034E+00    0.2491276088E-01   -0.1134789563E-01    0.5261631306E-01   -0.5179782999E-01    0.0000000000E+00    0.0000000000E+00    0.4578280154E+00
    0.1187395038E+00    0.9624094126E-01    0.7130551171E-01    0.1732522745E-01    0.1009559279E+00    0.0000000000E+00    0.0000000000E+00    0.1774669302E+00
   -0.1255253510E-01    0.9418888430E-01    0.2760052564E-01    0.6401942782E-01   -0.1432622515E-02    0.0000000000E+00    0.0000000000E+00    0.7033739617E-01
    0.1319570310E-01    0.8323742643E-01    0.6508352676E-01    0.3377349179E-01    0.8856309287E-01    0.0000000000E+00    0.0000000000E+00    0.2367764171E-01
   -0.5934432594E-02    0.3746584947E-01   -0.5950728916E-02    0.1032449240E-01   -0.3753144361E-01    0.0000000000E+00    0.0000000000E+00    0.8062626384E-02
    0.2936820767E-02    0.1977505081E-01    0.3181243222E-01    0.2254674936E-01    0.6730118365E-01    0.0000000000E+00    0.0000000000E+00    0.2908027611E-02
   -0.1419152783E-02    0.2061633504E-01    0.1611834517E-02    0.6869150189E-02   -0.3147943999E-01    0.0000000000E+00    0.0000000000E+00    0.9315953664E-03
    0.6773626764E-03    0.4559742757E-02    0.1784860389E-02   -0.4612100169E-02    0.2658784967E-01    0.0000000000E+00    0.0000000000E+00    0.2323151586E-03
   -0.3193829718E-03    0.4581585724E-02    0.4815379071E-02    0.1278969284E-01   -0.8970896462E-02    0.0000000000E+00    0.0000000000E+00    0.8375227376E-04
    0.1488379277E-03    0.1329651159E-02   -0.9576059380E-03   -0.1086243180E-01    0.6962190964E-04    0.0000000000E+00    0.0000000000E+00    0.1115387993E-04
   -0.6857660592E-04    0.7343547332E-03   -0.9428138822E-03    0.5160747567E-02   -0.2600555772E-02    0.0000000000E+00    0.0000000000E+00    0.4188977602E-05
    0.3124203697E-04    0.4884829876E-04   -0.1732676925E-02   -0.1155568106E-01   -0.2677308898E-01    0.0000000000E+00    0.0000000000E+00   -0.5231951533E-06
   -0.1406989768E-04    0.3708456018E-04   -0.1282860932E-02    0.3276519005E-02    0.3414832959E-01    0.0000000000E+00    0.0000000000E+00    0.2596285357E-06
    0.6259233524E-05   -0.1425037499E-04    0.7094560407E-04    0.2000236526E-02   -0.1390503525E-01    0.0000000000E+00    0.0000000000E+00   -0.9471173802E-07
   -0.2747102501E-05    0.5900532088E-05   -0.1837150963E-04   -0.5042095708E-03    0.2314995475E-02    0.0000000000E+00    0.0000000000E+00    0.3347609730E-07
    0.1187110123E-05   -0.2389715005E-05    0.5686476012E-05    0.1597627788E-03   -0.6104179912E-03    0.0000000000E+00    0.0000000000E+00   -0.1146723589E-07
   -0.5036389293E-06    0.9420688889E-06   -0.1882367409E-05   -0.5445262505E-04    0.1878297505E-03    0.0000000000E+00    0.0000000000E+00    0.3814765570E-08
    0.2089272697E-06   -0.3612231457E-06    0.6409509423E-06    0.1900452124E-04   -0.6155015512E-04    0.0000000000E+00    0.0000000000E+00   -0.1233985285E-08
   -0.8426403598E-07    0.1344882105E-06   -0.2198227724E-06   -0.6638416874E-05    0.2063569324E-04    0.0000000000E+00    0.0000000000E+00    0.3879473639E-09
    0.3277582676E-07   -0.4840256897E-07    0.7471989335E-07    0.2285372931E-05   -0.6911129802E-05    0.0000000000E+00    0.0000000000E+00   -0.1181401155E-09
   -0.1215267137E-07    0.1669155769E-07   -0.2475983061E-07   -0.7637460676E-06    0.2266531639E-05    0.0000000000E+00    0.0000000000E+00    0.3458398958E-10
    0.4222162862E-08   -0.5431800396E-08    0.7836155526E-08    0.2430405238E-06   -0.7119302923E-06    0.0000000000E+00    0.0000000000E+00   -0.9598012120E-11
   -0.1339187178E-08    0.1626931034E-08   -0.2301882539E-08   -0.7163921910E-07    0.2079575631E-06    0.0000000000E+00    0.0000000000E+00    0.2467004257E-11
    0.3722860360E-09   -0.4307261195E-09    0.6011953570E-09    0.1874986329E-07   -0.5408437937E-07    0.0000000000E+00    0.0000000000E+00   -0.5650012328E-12
   -0.8478241597E-10    0.9418876228E-10   -0.1302240034E-09   -0.4066495849E-08    0.1167795258E-07    0.0000000000E+00    0.0000000000E+00    0.1079472985E-12
    0.1396283311E-10   -0.1500828938E-10    0.2061300082E-10    0.6441518247E-09   -0.1844086809E-08    0.0000000000E+00    0.0000000000E+00   -0.1520704127E-13
   -0.1233148029E-11    0.1291083393E-11   -0.1765014689E-11   -0.5517901456E-10    0.1576215733E-09    0.0000000000E+00    0.0000000000E+00    0.1172230778E-14
 l,ispin:           3           1
 psi n=1,noccmax(l):
   -0.9230277405E+01    0.8871656769E+00   -0.1192837672E+01    0.7205620788E+00   -0.1829712325E+01    0.0000000000E+00    0.0000000000E+00
    0.2668940987E+02   -0.2566498301E+01    0.3429036074E+01   -0.2150540441E+01    0.4837266367E+01    0.0000000000E+00    0.0000000000E+00
   -0.4239283388E+02    0.4078824476E+01   -0.5415660363E+01    0.3521647279E+01   -0.6972038410E+01    0.0000000000E+00    0.0000000000E+00
    0.4770400404E+02   -0.4591195195E+01    0.6087763072E+01   -0.3991476578E+01    0.7664687988E+01    0.0000000000E+00    0.0000000000E+00
   -0.3887219222E+02    0.3737848095E+01   -0.5033859359E+01    0.3018040421E+01   -0.7850518910E+01    0.0000000000E+00    0.0000000000E+00
    0.2195990417E+02   -0.2102292198E+01    0.2998042403E+01   -0.1194095947E+01    0.7902677278E+01    0.0000000000E+00    0.0000000000E+00
   -0.1913087138E+02    0.1836679243E+01   -0.2567877719E+01    0.1205121859E+01   -0.5799688363E+01    0.0000000000E+00    0.0000000000E+00
    0.2698537808E+02   -0.2616467956E+01    0.3388247284E+01   -0.2558034286E+01    0.2496452208E+01    0.0000000000E+00    0.0000000000E+00
    0.1936315522E+00   -0.1847119384E-01   -0.1934183664E+00   -0.6420107775E+00   -0.4378852842E+01    0.0000000000E+00    0.0000000000E+00
   -0.6122900569E+01    0.6017998520E+00   -0.5634786514E+00    0.1227034260E+01    0.3881858309E+01    0.0000000000E+00    0.0000000000E+00
   -0.6569720699E+01    0.6373651173E+00   -0.8557756982E+00    0.5394956345E+00   -0.1208876965E+01    0.0000000000E+00    0.0000000000E+00
   -0.3812613380E+01    0.3732577022E+00   -0.3710454955E+00    0.6933729498E+00    0.1946509306E+01    0.0000000000E+00    0.0000000000E+00
   -0.2135866827E+01    0.2064933410E+00   -0.2917607811E+00    0.1343491940E+00   -0.6818770725E+00    0.0000000000E+00    0.0000000000E+00
   -0.9984366986E+00    0.9820744923E-01   -0.8347867825E-01    0.2208439694E+00    0.7905989947E+00    0.0000000000E+00    0.0000000000E+00
   -0.4552411027E+00    0.4247299060E-01   -0.7192449504E-01   -0.6569054131E-02   -0.3839872370E+00    0.0000000000E+00    0.0000000000E+00
   -0.1796757631E+00    0.1746176478E-01   -0.5017984644E-02    0.6276022526E-01    0.3201145594E+00    0.0000000000E+00    0.0000000000E+00
   -0.7225782260E-01    0.5396135940E-02   -0.1653079516E-01   -0.2043078746E-01   -0.1937609133E+00    0.0000000000E+00    0.0000000000E+00
   -0.2519521100E-01    0.2922619729E-02    0.4197022293E-02    0.2039881669E-01    0.1371521181E+00    0.0000000000E+00    0.0000000000E+00
   -0.8614912479E-02   -0.1793942989E-02   -0.2302231538E-02   -0.1491696162E-01   -0.9495335770E-01    0.0000000000E+00    0.0000000000E+00
   -0.3295899138E-02    0.2396176254E-02   -0.8760165161E-04    0.1206544961E-01    0.6704679863E-01    0.0000000000E+00    0.0000000000E+00
   -0.1125656350E-02   -0.1655884768E-02    0.9082632839E-03   -0.1020467717E-01   -0.4960627450E-01    0.0000000000E+00    0.0000000000E+00
   -0.2948203675E-03    0.2238291915E-04    0.7502599302E-03    0.5666967985E-02    0.3374458924E-01    0.0000000000E+00    0.0000000000E+00
   -0.1180150646E-03   -0.2494739215E-04   -0.3751900034E-03   -0.4519126218E-02   -0.2572118994E-01    0.0000000000E+00    0.0000000000E+00
   -0.2075239247E-04   -0.2973146449E-03    0.1126172393E-02    0.1619649701E-02    0.1702503350E-01    0.0000000000E+00    0.0000000000E+00
   -0.7205780545E-05   -0.1932774942E-03   -0.1418245612E-03   -0.2116944449E-02   -0.1551618180E-01    0.0000000000E+00    0.0000000000E+00
    0.3213139610E-06   -0.1804114855E-03    0.8112424793E-03   -0.5031426234E-04    0.1145467962E-01    0.0000000000E+00    0.0000000000E+00
   -0.3160089232E-06   -0.1028792631E-03   -0.3567680894E-03    0.1482664654E-02   -0.4191880006E-02    0.0000000000E+00    0.0000000000E+00
    0.1137265280E-06    0.6425136134E-05   -0.7479086801E-04   -0.7199427074E-03    0.2914196867E-03    0.0000000000E+00    0.0000000000E+00
   -0.4008839900E-07   -0.1600361565E-05    0.1605901228E-04    0.1253639064E-03    0.2566241183E-03    0.0000000000E+00    0.0000000000E+00
    0.1369295768E-07    0.4598638956E-06   -0.4265312723E-05   -0.3074731744E-04   -0.8881964184E-04    0.0000000000E+00    0.0000000000E+00
   -0.4541421299E-08   -0.1374941815E-06    0.1215527509E-05    0.8398235777E-05    0.2752692418E-04    0.0000000000E+00    0.0000000000E+00
    0.1464736681E-08    0.4143455640E-07   -0.3550502811E-06   -0.2389140149E-05   -0.8312187366E-05    0.0000000000E+00    0.0000000000E+00
   -0.4592671758E-09   -0.1240165036E-07    0.1040511483E-06    0.6878622317E-06    0.2469096651E-05    0.0000000000E+00    0.0000000000E+00
    0.1395370453E-09    0.3647172832E-08   -0.3015702002E-07   -0.1969188540E-06   -0.7191185659E-06    0.0000000000E+00    0.0000000000E+00
   -0.4076929943E-10   -0.1041277795E-08    0.8522310927E-08    0.5516511477E-07    0.2034266576E-06    0.0000000000E+00    0.0000000000E+00
    0.1129700989E-10    0.2838168366E-09   -0.2306171128E-08   -0.1483516743E-07   -0.5501160984E-07    0.0000000000E+00    0.0000000000E+00
   -0.2900120912E-11   -0.7200606403E-10    0.5820990839E-09    0.3727859862E-08    0.1386765301E-07    0.0000000000E+00    0.0000000000E+00
    0.6635564607E-12    0.1633664829E-10   -0.1315857105E-09   -0.8400043037E-09   -0.3130439554E-08    0.0000000000E+00    0.0000000000E+00
   -0.1266832848E-12   -0.3100113622E-11    0.2490563714E-10    0.1586257842E-09    0.5917372993E-09    0.0000000000E+00    0.0000000000E+00
    0.1783645704E-13    0.4345970102E-12   -0.3485022351E-11   -0.2215988326E-10   -0.8270898811E-10    0.0000000000E+00    0.0000000000E+00
   -0.1374339083E-14   -0.3338316354E-13    0.2673475329E-12    0.1697957318E-11    0.6339105126E-11    0.0000000000E+00    0.0000000000E+00
 l,ispin:           3           2
 psi n=1,noccmax(l):
    0.9700424428E+01    0.7704141018E+00    0.1102366643E+01    0.6508450195E+00   -0.1812848147E+01    0.0000000000E+00    0.0000000000E+00
   -0.2808651113E+02   -0.2231928219E+01   -0.3171531880E+01   -0.1953594256E+01    0.4793904064E+01    0.0000000000E+00    0.0000000000E+00
    0.4469607317E+02    0.3554152879E+01    0.5015579703E+01    0.3218973216E+01   -0.6908535460E+01    0.0000000000E+00    0.0000000000E+00
   -0.5038766023E+02   -0.4008183241E+01   -0.5646894821E+01   -0.3661534735E+01    0.7585866884E+01    0.0000000000E+00    0.0000000000E+00
    0.4103556588E+02    0.3260923759E+01    0.4671111369E+01    0.2745301815E+01   -0.7753607509E+01    0.0000000000E+00    0.0000000000E+00
   -0.2286224084E+02   -0.1807223019E+01   -0.2758624120E+01   -0.1000878833E+01    0.7810467023E+01    0.0000000000E+00    0.0000000000E+00
    0.1962131853E+02    0.1556207011E+01    0.2331116588E+01    0.1004661722E+01   -0.5778398347E+01    0.0000000000E+00    0.0000000000E+00
   -0.2882041141E+02   -0.2313107530E+01   -0.3173467553E+01   -0.2411142986E+01    0.2449965913E+01    0.0000000000E+00    0.0000000000E+00
    0.4251086284E+00    0.3500552063E-01    0.2556293192E+00   -0.5712003074E+00   -0.4202552459E+01    0.0000000000E+00    0.0000000000E+00
    0.6907991038E+01    0.5621752777E+00    0.5542757498E+00    0.1238392253E+01    0.3837977198E+01    0.0000000000E+00    0.0000000000E+00
    0.7008811915E+01    0.5631346416E+00    0.8026601673E+00    0.5029273521E+00   -0.1184363756E+01    0.0000000000E+00    0.0000000000E+00
    0.3993013675E+01    0.3238842821E+00    0.3342621184E+00    0.6650448783E+00    0.1891956119E+01    0.0000000000E+00    0.0000000000E+00
    0.2207384280E+01    0.1766460015E+00    0.2671758517E+00    0.1141289268E+00   -0.6761710801E+00    0.0000000000E+00    0.0000000000E+00
    0.1016780628E+01    0.8284913262E-01    0.7098732337E-01    0.2100926555E+00    0.7661703168E+00    0.0000000000E+00    0.0000000000E+00
    0.4578280154E+00    0.3504691610E-01    0.6517231342E-01   -0.1260417241E-01   -0.3791680307E+00    0.0000000000E+00    0.0000000000E+00
    0.1774669302E+00    0.1415896537E-01    0.2189278667E-02    0.6010798181E-01    0.3107120232E+00    0.0000000000E+00    0.0000000000E+00
    0.7033739617E-01    0.4012322974E-02    0.1511040905E-01   -0.2177554812E-01   -0.1903492044E+00    0.0000000000E+00    0.0000000000E+00
    0.2367764171E-01    0.2302370286E-02   -0.4759755616E-02    0.1978901353E-01    0.1333281808E+00    0.0000000000E+00    0.0000000000E+00
    0.8062626384E-02   -0.1991638106E-02    0.2065081573E-02   -0.1511455879E-01   -0.9293443917E-01    0.0000000000E+00    0.0000000000E+00
    0.2908027611E-02    0.2292026565E-02   -0.8951346512E-05    0.1191038335E-01    0.6533352888E-01    0.0000000000E+00    0.0000000000E+00
    0.9315953664E-03   -0.1710021598E-02   -0.9945014641E-03   -0.1027171184E-01   -0.4860148439E-01    0.0000000000E+00    0.0000000000E+00
    0.2323151586E-03    0.9242762055E-05   -0.7441336716E-03    0.5661484957E-02    0.3298889615E-01    0.0000000000E+00    0.0000000000E+00
    0.8375227376E-04   -0.3746417822E-04    0.3366498964E-03   -0.4567698066E-02   -0.2525302163E-01    0.0000000000E+00    0.0000000000E+00
    0.1115387993E-04   -0.3010870122E-03   -0.1116391261E-02    0.1641418294E-02    0.1668419189E-01    0.0000000000E+00    0.0000000000E+00
    0.4188977602E-05   -0.1949267252E-03    0.1308940713E-03   -0.2137405955E-02   -0.1525529609E-01    0.0000000000E+00    0.0000000000E+00
   -0.5231951533E-06   -0.1802297477E-03   -0.7983700150E-03    0.3501885948E-05    0.1137409275E-01    0.0000000000E+00    0.0000000000E+00
    0.2596285357E-06   -0.1017064959E-03    0.3571654805E-03    0.1449207141E-02   -0.4216212116E-02    0.0000000000E+00    0.0000000000E+00
   -0.9471173802E-07    0.6393948788E-05    0.7292909418E-04   -0.7121747888E-03    0.3195716101E-03    0.0000000000E+00    0.0000000000E+00
    0.3347609730E-07   -0.1593135851E-05   -0.1566394037E-04    0.1245154922E-03    0.2456859400E-03    0.0000000000E+00    0.0000000000E+00
   -0.1146723589E-07    0.4578881211E-06    0.4160565557E-05   -0.3059178083E-04   -0.8571633878E-04    0.0000000000E+00    0.0000000000E+00
    0.3814765570E-08   -0.1369252710E-06   -0.1185705144E-05    0.8363459039E-05    0.2663386227E-04    0.0000000000E+00    0.0000000000E+00
   -0.1233985285E-08    0.4126793343E-07    0.3463484821E-06   -0.2380560594E-05   -0.8052565814E-05    0.0000000000E+00    0.0000000000E+00
    0.3879473639E-09   -0.1235283125E-07   -0.1015037864E-06    0.6856326426E-06    0.2393668951E-05    0.0000000000E+00    0.0000000000E+00
   -0.1181401155E-09    0.3633039992E-08    0.2941947171E-07   -0.1963258914E-06   -0.6974522620E-06    0.0000000000E+00    0.0000000000E+00
    0.3458398958E-10   -0.1037288986E-08   -0.8314064217E-08    0.5500752497E-07    0.1973522526E-06    0.0000000000E+00    0.0000000000E+00
   -0.9598012120E-11    0.2827386561E-09    0.2249859459E-08   -0.1479434594E-07   -0.5337863854E-07    0.0000000000E+00    0.0000000000E+00
    0.2467004257E-11   -0.7173416365E-10   -0.5678936860E-09    0.3717870215E-08    0.1345763451E-07    0.0000000000E+00    0.0000000000E+00
   -0.5650012328E-12    0.1627522575E-10    0.1283759702E-09   -0.8377949316E-09   -0.3038131320E-08    0.0000000000E+00    0.0000000000E+00
    0.1079472985E-12   -0.3088493798E-11   -0.2429832921E-10    0.1582139978E-09    0.5743203721E-09    0.0000000000E+00    0.0000000000E+00
   -0.1520704127E-13    0.4329716500E-12    0.3400064535E-11   -0.2210288263E-10   -0.8027760188E-10    0.0000000000E+00    0.0000000000E+00
    0.1172230778E-14   -0.3325850941E-13   -0.2608314159E-12    0.1693617725E-11    0.6152914385E-11    0.0000000000E+00    0.0000000000E+00
