   40             4.00000 ng, rij 
     0.800     8.000                                       rcov,rprb 
 r                           (non)relativistic calculation
 PBE                         XC-functional
  1.000  1.000    0.2000000000   -0.4047970080E+01    0.6696581530E+00    0.0000000000E+00    0.0000000000E+00  znuc,zion,rloc,gpot()
  -1                                                       lpx, (Projectors for l=0..lpx)
 ---------------------------------------------
 Additional information (last calculation):
 gaussian exponents:
 xp():   141.42135623730948        100.00000000000000        70.710678118654755        50.000000000000028        35.355339059327392        25.000000000000007        17.677669529663703        12.500000000000009        8.8388347648318515        6.2500000000000071        4.4194173824159275        3.1250000000000036        2.2097086912079633        1.5625000000000018        1.1048543456039821       0.78125000000000122       0.55242717280199116       0.39062500000000083       0.27621358640099575       0.19531250000000042       0.13810679320049787        9.7656250000000236E-002   6.9053396600248951E-002   4.8828125000000125E-002   3.4526698300124482E-002   2.4414062500000066E-002   1.7263349150062245E-002   1.2207031250000036E-002   8.6316745750311223E-003   6.1035156250000191E-003   4.3158372875155638E-003   3.0517578125000104E-003   2.1579186437577823E-003   1.5258789062500054E-003   1.0789593218788914E-003   7.6293945312500293E-004   5.3947966093944580E-004   3.8146972656250152E-004   2.6973983046972290E-004   1.9073486328125081E-004
 orbital coefficients (one orbital per column)
 l,ispin:           0           1
 psi n=1,noccmax(l):
   -0.1416375519E-04    0.1831631055E-03    0.2144939509E-03   -0.6911823421E-03
    0.5931679263E-04   -0.1028097941E-02   -0.1213983983E-02    0.3894770456E-02
   -0.3313100591E-03    0.3088851724E-02    0.3568181642E-02   -0.1157866109E-01
    0.2810197006E-03   -0.6414314617E-02   -0.7612877114E-02    0.2435334057E-01
   -0.1583858301E-02    0.1125167308E-01    0.1278779552E-01   -0.4184011179E-01
    0.1277721687E-02   -0.1648630903E-01   -0.1923440103E-01    0.6205382176E-01
   -0.5282008054E-03    0.2207412824E-01    0.2628301801E-01   -0.8386906184E-01
    0.2378875585E-01   -0.3417914415E-01   -0.2859547651E-01    0.1112748266E+00
    0.1020607134E+00    0.7884479578E-02    0.6136781844E-01   -0.1095531463E+00
    0.5847020484E-01   -0.5464563882E-01   -0.3687501803E-01    0.1636336742E+00
    0.7711116289E-01    0.2617516257E-01    0.7185633334E-01   -0.1607060482E+00
    0.8520161041E-01   -0.7479502385E-01   -0.4661907449E-01    0.2171747754E+00
    0.1026543820E+00    0.3291485990E-01    0.9354495735E-01   -0.2050550129E+00
    0.1133849130E+00   -0.9730112786E-01   -0.5766703523E-01    0.2754031871E+00
    0.1315144818E+00    0.4040529534E-01    0.1192268037E+00   -0.2534304203E+00
    0.1384563631E+00   -0.1228525443E+00   -0.7229134644E-01    0.3403679894E+00
    0.1444073064E+00    0.5594361850E-01    0.1465790183E+00   -0.3125253338E+00
    0.1505077708E+00   -0.1541414747E+00   -0.9207200905E-01    0.4156801604E+00
    0.1610190629E+00    0.6610974746E-01    0.1926055944E+00   -0.3696490208E+00
    0.1225496890E+00   -0.1610384903E+00   -0.1514310099E+00    0.4684687540E+00
    0.1043427525E+00    0.1113657297E+00    0.2325915007E+00   -0.4508411254E+00
    0.8385116347E-01   -0.2247312203E+00   -0.1761354019E+00    0.5839863996E+00
    0.5797178901E-01    0.1625476259E+00    0.2662376220E+00   -0.5687266675E+00
    0.3107397240E-01   -0.2300574296E+00   -0.2185422847E+00    0.7084733788E+00
    0.1350972396E-01    0.2035880182E+00    0.2044301078E+00   -0.8266658403E+00
    0.3650305083E-02   -0.1661380907E+00   -0.1373574744E+00    0.1039315117E+01
    0.9316009881E-03    0.1354465211E+00    0.3022646905E-01   -0.1358724161E+01
   -0.9145950326E-04   -0.6190896398E-01    0.3842432714E-01    0.1868112074E+01
    0.9713141146E-04    0.5857546497E-01   -0.1268258986E+00   -0.2909776981E+01
   -0.6023504646E-04    0.1879533553E-01   -0.2719354908E+00    0.2241467506E+01
    0.3656354344E-04    0.2288366911E-01    0.3483476346E+00   -0.2066971694E+00
   -0.2147411509E-04   -0.1109825897E-01   -0.8722557926E-01   -0.4881786366E+00
    0.1213016232E-04    0.5791720268E-02    0.3516096072E-01    0.2442950235E+00
   -0.6532848977E-05   -0.2951384631E-02   -0.1562440591E-01   -0.1162086802E+00
    0.3312637265E-05    0.1430649420E-02    0.6973053673E-02    0.5333082556E-01
   -0.1552644488E-05   -0.6454238592E-03   -0.2982088912E-02   -0.2309299047E-01
    0.6542149158E-06    0.2632927419E-03    0.1173482176E-02    0.9137827893E-02
   -0.2373448358E-06   -0.9297438931E-04   -0.4042102681E-03   -0.3154679933E-02
    0.6910311052E-07    0.2647691577E-04    0.1131232309E-03    0.8834779509E-03
   -0.1421215367E-07   -0.5349408274E-05   -0.2257614060E-04   -0.1763079731E-03
    0.1527278399E-08    0.5668567376E-06    0.2371516902E-05    0.1851380822E-04
 l,ispin:           1           1
 psi n=1,noccmax(l):
    0.8787338995E-04   -0.3593960583E-03    0.1870488923E-02   -0.2627681788E-01
   -0.3863253312E-03    0.1584793775E-02   -0.8247506456E-02    0.1158578920E+00
    0.9120593817E-03   -0.3717299256E-02    0.1937549239E-01   -0.2722909377E+00
   -0.1528285582E-02    0.6305121965E-02   -0.3282965265E-01    0.4612212324E+00
    0.2147407466E-02   -0.8703607954E-02    0.4549595277E-01   -0.6398302634E+00
   -0.2577044453E-02    0.1061976160E-01   -0.5546804791E-01    0.7798537413E+00
    0.2812259553E-02   -0.1189989591E-01    0.6206590551E-01   -0.8721978776E+00
   -0.3459159539E-02    0.1200959416E-01   -0.6493141224E-01    0.9212512107E+00
   -0.1248857370E-02   -0.1672774586E-01    0.7073509856E-01   -0.9298309696E+00
   -0.3914492074E-02    0.1136660924E-01   -0.6443599853E-01    0.9246625442E+00
    0.9450409955E-03   -0.1360413027E-01    0.6529009395E-01   -0.8943603902E+00
   -0.4107239326E-02    0.9618382498E-02   -0.5897399235E-01    0.8611035662E+00
   -0.3302677398E-03   -0.1287062226E-01    0.6007186380E-01   -0.8142198587E+00
   -0.4027745444E-02    0.7361939646E-02   -0.5172963040E-01    0.7749906325E+00
   -0.2121411042E-02   -0.1195397886E-01    0.5416085067E-01   -0.7239549436E+00
   -0.3773469836E-02    0.4534319381E-02   -0.4385824228E-01    0.6875830761E+00
   -0.4057059843E-02   -0.1028522830E-01    0.4775881657E-01   -0.6378316312E+00
   -0.1775070948E-02    0.2259273810E-02   -0.3710237839E-01    0.6059561898E+00
   -0.8520038910E-02   -0.9881063437E-02    0.4372005885E-01   -0.5576635322E+00
   -0.3117663279E-02   -0.4889844299E-02   -0.2635994514E-01    0.5378670333E+00
   -0.6728693715E-02   -0.3697199208E-03    0.3025444523E-01   -0.4982540212E+00
    0.3176903343E-02   -0.8485445100E-02   -0.1870041448E-01    0.4785887014E+00
   -0.1407982669E-01    0.1704921645E-02    0.2562585654E-01   -0.4402702973E+00
    0.5067613525E-02   -0.1524105428E-01   -0.8477008452E-02    0.4341940910E+00
   -0.1698675828E-01    0.3217285305E-02    0.2062604057E-01   -0.3995683921E+00
    0.5930241850E-02   -0.1071516094E-01   -0.1018428189E-01    0.3985614973E+00
   -0.1080834302E-01   -0.2787992630E-02    0.2640679607E-01   -0.3731874846E+00
    0.1844931477E-02    0.4366082757E-03   -0.2531836189E-01    0.3865437724E+00
   -0.4520284521E-02   -0.1403136600E-01    0.7713125300E-01   -0.2654964503E+00
   -0.1613176761E-02    0.1522296672E-02   -0.1037589759E+00   -0.2016003678E-01
   -0.8232861883E-03    0.1056380357E-01    0.4126340075E-01    0.1561271058E+00
    0.3564892871E-03   -0.2657812004E-02   -0.1235248705E-02   -0.1006707047E+00
   -0.1618934102E-03    0.9634025345E-03   -0.3196061982E-03    0.3646427306E-01
    0.7113265507E-04   -0.3747191364E-03    0.2439225267E-03   -0.1373881424E-01
   -0.2965746781E-04    0.1451011258E-03   -0.1172512756E-03    0.5161587298E-02
    0.1152874705E-04   -0.5377809956E-04    0.4807668575E-04   -0.1866098626E-02
   -0.4072859498E-05    0.1840179382E-04   -0.1737042238E-04    0.6261975973E-03
    0.1255227824E-05   -0.5548796791E-05    0.5405505155E-05   -0.1860054356E-03
   -0.3151624184E-06    0.1372250754E-05   -0.1362566403E-05    0.4547873197E-04
    0.5682745472E-07   -0.2448263360E-06    0.2460049107E-06   -0.8044773046E-05
   -0.5447955342E-08    0.2329705971E-07   -0.2358662921E-07    0.7606550315E-06
 l,ispin:           1           2
 psi n=1,noccmax(l):
    0.8787338995E-04   -0.3593960583E-03    0.1870488923E-02   -0.2627681788E-01
   -0.3863253312E-03    0.1584793775E-02   -0.8247506456E-02    0.1158578920E+00
    0.9120593817E-03   -0.3717299256E-02    0.1937549239E-01   -0.2722909377E+00
   -0.1528285582E-02    0.6305121965E-02   -0.3282965265E-01    0.4612212324E+00
    0.2147407466E-02   -0.8703607954E-02    0.4549595277E-01   -0.6398302634E+00
   -0.2577044453E-02    0.1061976160E-01   -0.5546804791E-01    0.7798537413E+00
    0.2812259553E-02   -0.1189989591E-01    0.6206590551E-01   -0.8721978776E+00
   -0.3459159539E-02    0.1200959416E-01   -0.6493141224E-01    0.9212512107E+00
   -0.1248857370E-02   -0.1672774586E-01    0.7073509856E-01   -0.9298309696E+00
   -0.3914492074E-02    0.1136660924E-01   -0.6443599853E-01    0.9246625442E+00
    0.9450409955E-03   -0.1360413027E-01    0.6529009395E-01   -0.8943603902E+00
   -0.4107239326E-02    0.9618382498E-02   -0.5897399235E-01    0.8611035662E+00
   -0.3302677398E-03   -0.1287062226E-01    0.6007186380E-01   -0.8142198587E+00
   -0.4027745444E-02    0.7361939646E-02   -0.5172963040E-01    0.7749906325E+00
   -0.2121411042E-02   -0.1195397886E-01    0.5416085067E-01   -0.7239549436E+00
   -0.3773469836E-02    0.4534319381E-02   -0.4385824228E-01    0.6875830761E+00
   -0.4057059843E-02   -0.1028522830E-01    0.4775881657E-01   -0.6378316312E+00
   -0.1775070948E-02    0.2259273810E-02   -0.3710237839E-01    0.6059561898E+00
   -0.8520038910E-02   -0.9881063437E-02    0.4372005885E-01   -0.5576635322E+00
   -0.3117663279E-02   -0.4889844299E-02   -0.2635994514E-01    0.5378670333E+00
   -0.6728693715E-02   -0.3697199208E-03    0.3025444523E-01   -0.4982540212E+00
    0.3176903343E-02   -0.8485445100E-02   -0.1870041448E-01    0.4785887014E+00
   -0.1407982669E-01    0.1704921645E-02    0.2562585654E-01   -0.4402702973E+00
    0.5067613525E-02   -0.1524105428E-01   -0.8477008452E-02    0.4341940910E+00
   -0.1698675828E-01    0.3217285305E-02    0.2062604057E-01   -0.3995683921E+00
    0.5930241850E-02   -0.1071516094E-01   -0.1018428189E-01    0.3985614973E+00
   -0.1080834302E-01   -0.2787992630E-02    0.2640679607E-01   -0.3731874846E+00
    0.1844931477E-02    0.4366082757E-03   -0.2531836189E-01    0.3865437724E+00
   -0.4520284521E-02   -0.1403136600E-01    0.7713125300E-01   -0.2654964503E+00
   -0.1613176761E-02    0.1522296672E-02   -0.1037589759E+00   -0.2016003678E-01
   -0.8232861883E-03    0.1056380357E-01    0.4126340075E-01    0.1561271058E+00
    0.3564892871E-03   -0.2657812004E-02   -0.1235248705E-02   -0.1006707047E+00
   -0.1618934102E-03    0.9634025345E-03   -0.3196061982E-03    0.3646427306E-01
    0.7113265507E-04   -0.3747191364E-03    0.2439225267E-03   -0.1373881424E-01
   -0.2965746781E-04    0.1451011258E-03   -0.1172512756E-03    0.5161587298E-02
    0.1152874705E-04   -0.5377809956E-04    0.4807668575E-04   -0.1866098626E-02
   -0.4072859498E-05    0.1840179382E-04   -0.1737042238E-04    0.6261975973E-03
    0.1255227824E-05   -0.5548796791E-05    0.5405505155E-05   -0.1860054356E-03
   -0.3151624184E-06    0.1372250754E-05   -0.1362566403E-05    0.4547873197E-04
    0.5682745472E-07   -0.2448263360E-06    0.2460049107E-06   -0.8044773046E-05
   -0.5447955342E-08    0.2329705971E-07   -0.2358662921E-07    0.7606550315E-06
 l,ispin:           2           1
 psi n=1,noccmax(l):
    0.1125346540E-01   -0.7706696239E-02   -0.6425381445E-01    0.2580617086E+00    0.0000000000E+00
   -0.3897913152E-01    0.2669566544E-01    0.2225709032E+00   -0.8939164402E+00    0.0000000000E+00
    0.7296033909E-01   -0.4997242867E-01   -0.4166350565E+00    0.1673364204E+01    0.0000000000E+00
   -0.9964883543E-01    0.6826156765E-01    0.5691051131E+00   -0.2285780067E+01    0.0000000000E+00
    0.1126379900E+00   -0.7717201101E-01   -0.6433878814E+00    0.2584210890E+01    0.0000000000E+00
   -0.1128546387E+00    0.7734299077E-01    0.6447853993E+00   -0.2589914673E+01    0.0000000000E+00
    0.1044842712E+00   -0.7163831338E-01   -0.5971822766E+00    0.2398819994E+01    0.0000000000E+00
   -0.9180198321E-01    0.6295626534E-01    0.5248872318E+00   -0.2108706358E+01    0.0000000000E+00
    0.7774027911E-01   -0.5366730990E-01   -0.4458483362E+00    0.1789739306E+01    0.0000000000E+00
   -0.6449161720E-01    0.4433526713E-01    0.3694647519E+00   -0.1484626795E+01    0.0000000000E+00
    0.5252418533E-01   -0.3626851819E-01   -0.3016987471E+00    0.1212102062E+01    0.0000000000E+00
   -0.4238299399E-01    0.2921466498E-01    0.2435833797E+00   -0.9796300682E+00    0.0000000000E+00
    0.3380107407E-01   -0.2358987732E-01   -0.1955909171E+00    0.7859438723E+00    0.0000000000E+00
   -0.2693139452E-01    0.1870803109E-01    0.1559678601E+00   -0.6282016288E+00    0.0000000000E+00
    0.2116056255E-01   -0.1511648085E-01   -0.1244356209E+00    0.5001687001E+00    0.0000000000E+00
   -0.1673498583E-01    0.1183083964E-01    0.9857150666E-01   -0.3982534844E+00    0.0000000000E+00
    0.1290650799E-01   -0.9680537206E-02   -0.7857478776E-01    0.3161484760E+00    0.0000000000E+00
   -0.1006311922E-01    0.7544649083E-02    0.6205762209E-01   -0.2516546155E+00    0.0000000000E+00
    0.7464108327E-02   -0.6387293520E-02   -0.4969101209E-01    0.1995431847E+00    0.0000000000E+00
   -0.5871942061E-02    0.4531384361E-02    0.3853735079E-01   -0.1600042268E+00    0.0000000000E+00
    0.4071222917E-02   -0.3885766386E-02   -0.3078548868E-01    0.1274057873E+00    0.0000000000E+00
   -0.2734483573E-02    0.3087460370E-02    0.2418600022E-01   -0.1022703292E+00    0.0000000000E+00
    0.1380690275E-02   -0.2944519638E-02   -0.1969137368E-01    0.8141270961E-01    0.0000000000E+00
   -0.7708434177E-03    0.1954599746E-02    0.1483165614E-01   -0.6675319283E-01    0.0000000000E+00
   -0.2378192990E-03   -0.2373282045E-02   -0.1290600734E-01    0.5263259783E-01    0.0000000000E+00
    0.1662599399E-03    0.1488988515E-02    0.9891743053E-02   -0.4350651249E-01    0.0000000000E+00
   -0.4036585163E-03   -0.1809180839E-02   -0.9523116790E-02    0.3346345232E-01    0.0000000000E+00
    0.1416214889E-04    0.1182800976E-02    0.8517697921E-02   -0.2633911926E-01    0.0000000000E+00
   -0.3972966731E-04   -0.1593236536E-02   -0.1190752309E-01    0.6389924763E-02    0.0000000000E+00
   -0.4404616088E-03   -0.8455523951E-03    0.8603555484E-02    0.1212761838E-01    0.0000000000E+00
   -0.1080423146E-03    0.1111383840E-02   -0.1818595967E-02   -0.1281577813E-01    0.0000000000E+00
    0.2734506398E-04   -0.1955129007E-03   -0.3559064838E-03    0.5705927472E-02    0.0000000000E+00
   -0.9080455951E-05    0.5490744260E-04    0.1497730392E-03   -0.1650315691E-02    0.0000000000E+00
    0.3133271357E-05   -0.1716632695E-04   -0.5344291042E-04    0.5104417199E-03    0.0000000000E+00
   -0.1061237351E-05    0.5459232294E-05    0.1804992098E-04   -0.1597660594E-03    0.0000000000E+00
    0.3422698198E-06   -0.1688529097E-05   -0.5758852607E-05    0.4867738648E-04    0.0000000000E+00
   -0.1019705218E-06    0.4889538038E-06    0.1696225376E-05   -0.1391701975E-04    0.0000000000E+00
    0.2689561693E-07   -0.1264680750E-06   -0.4429657503E-06    0.3562754901E-05    0.0000000000E+00
   -0.5864362859E-08    0.2720391874E-07    0.9581021621E-07   -0.7601987514E-06    0.0000000000E+00
    0.9322621750E-09   -0.4283965733E-08   -0.1513567254E-07    0.1189712826E-06    0.0000000000E+00
   -0.8004586385E-10    0.3654089496E-09    0.1293373303E-08   -0.1010018256E-07    0.0000000000E+00
 l,ispin:           2           2
 psi n=1,noccmax(l):
    0.1125346540E-01   -0.7706696239E-02   -0.6425381445E-01    0.2580617086E+00    0.0000000000E+00
   -0.3897913152E-01    0.2669566544E-01    0.2225709032E+00   -0.8939164402E+00    0.0000000000E+00
    0.7296033909E-01   -0.4997242867E-01   -0.4166350565E+00    0.1673364204E+01    0.0000000000E+00
   -0.9964883543E-01    0.6826156765E-01    0.5691051131E+00   -0.2285780067E+01    0.0000000000E+00
    0.1126379900E+00   -0.7717201101E-01   -0.6433878814E+00    0.2584210890E+01    0.0000000000E+00
   -0.1128546387E+00    0.7734299077E-01    0.6447853993E+00   -0.2589914673E+01    0.0000000000E+00
    0.1044842712E+00   -0.7163831338E-01   -0.5971822766E+00    0.2398819994E+01    0.0000000000E+00
   -0.9180198321E-01    0.6295626534E-01    0.5248872318E+00   -0.2108706358E+01    0.0000000000E+00
    0.7774027911E-01   -0.5366730990E-01   -0.4458483362E+00    0.1789739306E+01    0.0000000000E+00
   -0.6449161720E-01    0.4433526713E-01    0.3694647519E+00   -0.1484626795E+01    0.0000000000E+00
    0.5252418533E-01   -0.3626851819E-01   -0.3016987471E+00    0.1212102062E+01    0.0000000000E+00
   -0.4238299399E-01    0.2921466498E-01    0.2435833797E+00   -0.9796300682E+00    0.0000000000E+00
    0.3380107407E-01   -0.2358987732E-01   -0.1955909171E+00    0.7859438723E+00    0.0000000000E+00
   -0.2693139452E-01    0.1870803109E-01    0.1559678601E+00   -0.6282016288E+00    0.0000000000E+00
    0.2116056255E-01   -0.1511648085E-01   -0.1244356209E+00    0.5001687001E+00    0.0000000000E+00
   -0.1673498583E-01    0.1183083964E-01    0.9857150666E-01   -0.3982534844E+00    0.0000000000E+00
    0.1290650799E-01   -0.9680537206E-02   -0.7857478776E-01    0.3161484760E+00    0.0000000000E+00
   -0.1006311922E-01    0.7544649083E-02    0.6205762209E-01   -0.2516546155E+00    0.0000000000E+00
    0.7464108327E-02   -0.6387293520E-02   -0.4969101209E-01    0.1995431847E+00    0.0000000000E+00
   -0.5871942061E-02    0.4531384361E-02    0.3853735079E-01   -0.1600042268E+00    0.0000000000E+00
    0.4071222917E-02   -0.3885766386E-02   -0.3078548868E-01    0.1274057873E+00    0.0000000000E+00
   -0.2734483573E-02    0.3087460370E-02    0.2418600022E-01   -0.1022703292E+00    0.0000000000E+00
    0.1380690275E-02   -0.2944519638E-02   -0.1969137368E-01    0.8141270961E-01    0.0000000000E+00
   -0.7708434177E-03    0.1954599746E-02    0.1483165614E-01   -0.6675319283E-01    0.0000000000E+00
   -0.2378192990E-03   -0.2373282045E-02   -0.1290600734E-01    0.5263259783E-01    0.0000000000E+00
    0.1662599399E-03    0.1488988515E-02    0.9891743053E-02   -0.4350651249E-01    0.0000000000E+00
   -0.4036585163E-03   -0.1809180839E-02   -0.9523116790E-02    0.3346345232E-01    0.0000000000E+00
    0.1416214889E-04    0.1182800976E-02    0.8517697921E-02   -0.2633911926E-01    0.0000000000E+00
   -0.3972966731E-04   -0.1593236536E-02   -0.1190752309E-01    0.6389924763E-02    0.0000000000E+00
   -0.4404616088E-03   -0.8455523951E-03    0.8603555484E-02    0.1212761838E-01    0.0000000000E+00
   -0.1080423146E-03    0.1111383840E-02   -0.1818595967E-02   -0.1281577813E-01    0.0000000000E+00
    0.2734506398E-04   -0.1955129007E-03   -0.3559064838E-03    0.5705927472E-02    0.0000000000E+00
   -0.9080455951E-05    0.5490744260E-04    0.1497730392E-03   -0.1650315691E-02    0.0000000000E+00
    0.3133271357E-05   -0.1716632695E-04   -0.5344291042E-04    0.5104417199E-03    0.0000000000E+00
   -0.1061237351E-05    0.5459232294E-05    0.1804992098E-04   -0.1597660594E-03    0.0000000000E+00
    0.3422698198E-06   -0.1688529097E-05   -0.5758852607E-05    0.4867738648E-04    0.0000000000E+00
   -0.1019705218E-06    0.4889538038E-06    0.1696225376E-05   -0.1391701975E-04    0.0000000000E+00
    0.2689561693E-07   -0.1264680750E-06   -0.4429657503E-06    0.3562754901E-05    0.0000000000E+00
   -0.5864362859E-08    0.2720391874E-07    0.9581021621E-07   -0.7601987514E-06    0.0000000000E+00
    0.9322621750E-09   -0.4283965733E-08   -0.1513567254E-07    0.1189712826E-06    0.0000000000E+00
   -0.8004586385E-10    0.3654089496E-09    0.1293373303E-08   -0.1010018256E-07    0.0000000000E+00
 l,ispin:           3           1
 psi n=1,noccmax(l):
    0.9318329045E-01    0.5844250892E-01   -0.7426636684E+00    0.1963855302E+01    0.0000000000E+00
   -0.2548100681E+00   -0.1598134782E+00    0.2030852289E+01   -0.5370286237E+01    0.0000000000E+00
    0.3816951390E+00    0.2393989085E+00   -0.3042210565E+01    0.8044717473E+01    0.0000000000E+00
   -0.4222588392E+00   -0.2648482332E+00    0.3365634977E+01   -0.8900036624E+01    0.0000000000E+00
    0.3905757255E+00    0.2449864557E+00   -0.3113263254E+01    0.8232751444E+01    0.0000000000E+00
   -0.3229301309E+00   -0.2025688653E+00    0.2574253396E+01   -0.6807477533E+01    0.0000000000E+00
    0.2483914786E+00    0.1558263656E+00   -0.1980275469E+01    0.5236825164E+01    0.0000000000E+00
   -0.1822588138E+00   -0.1143531569E+00    0.1453258013E+01   -0.3843222448E+01    0.0000000000E+00
    0.1296475384E+00    0.8137272601E-01   -0.1034037758E+01    0.2734583152E+01    0.0000000000E+00
   -0.9036154082E-01   -0.5672502783E-01    0.7209031806E+00   -0.1906580889E+01    0.0000000000E+00
    0.6213071876E-01    0.3902213732E-01   -0.4959147176E+00    0.1311597623E+01    0.0000000000E+00
   -0.4233959188E-01   -0.2660522441E-01    0.3381541409E+00   -0.8944190058E+00    0.0000000000E+00
    0.2867665959E-01    0.1804425288E-01   -0.2292830924E+00    0.6064532890E+00    0.0000000000E+00
   -0.1934797196E-01   -0.1218607503E-01    0.1548896391E+00   -0.4097387331E+00    0.0000000000E+00
    0.1301163321E-01    0.8224124120E-02   -0.1044255522E+00    0.2762020436E+00    0.0000000000E+00
   -0.8737003699E-02   -0.5533239232E-02    0.7030292145E-01   -0.1859963070E+00    0.0000000000E+00
    0.5848074357E-02    0.3738524641E-02   -0.4733837716E-01    0.1251612790E+00    0.0000000000E+00
   -0.3910174200E-02   -0.2518751470E-02    0.3186723321E-01   -0.8426191463E-01    0.0000000000E+00
    0.2597127500E-02    0.1720483360E-02   -0.2150259690E-01    0.5671828269E-01    0.0000000000E+00
   -0.1730697778E-02   -0.1146870795E-02    0.1447365910E-01   -0.3830474797E-01    0.0000000000E+00
    0.1129717304E-02    0.7961433886E-03   -0.9801574911E-02    0.2585988150E-01    0.0000000000E+00
   -0.7218579169E-03   -0.5620635268E-03    0.6656974647E-02   -0.1750161685E-01    0.0000000000E+00
    0.4352139336E-03    0.4269817645E-03   -0.4575926355E-02    0.1182394562E-01    0.0000000000E+00
   -0.2556980468E-03   -0.3029226961E-03    0.3113901814E-02   -0.8091775804E-02    0.0000000000E+00
    0.1152316362E-03    0.2724031718E-03   -0.2228216782E-02    0.5413269891E-02    0.0000000000E+00
   -0.5751342896E-04   -0.1912120042E-03    0.1549874783E-02   -0.3706021402E-02    0.0000000000E+00
    0.1691475897E-04    0.1695153390E-03   -0.1189411246E-02    0.2362318594E-02    0.0000000000E+00
   -0.1824009816E-04   -0.1106816293E-03    0.9247168702E-03   -0.1405893971E-02    0.0000000000E+00
    0.1336905118E-04    0.9974768265E-04   -0.9616817019E-03   -0.1641343824E-03    0.0000000000E+00
   -0.3725623222E-04    0.8526895217E-04    0.5031882355E-03    0.9529003466E-03    0.0000000000E+00
   -0.6683500726E-05   -0.6856235382E-04   -0.6617340243E-04   -0.6679831228E-03    0.0000000000E+00
    0.1213196355E-05    0.9695472982E-05   -0.2461652910E-04    0.2346307896E-03    0.0000000000E+00
   -0.3101719908E-06   -0.2257157569E-05    0.7819552497E-05   -0.5536030695E-04    0.0000000000E+00
    0.8551136595E-07    0.5902760034E-06   -0.2272180349E-05    0.1417900366E-04    0.0000000000E+00
   -0.2367974363E-07   -0.1580065410E-06    0.6377081023E-06   -0.3711415112E-05    0.0000000000E+00
    0.6349945830E-08    0.4140687976E-07   -0.1711211622E-06    0.9541092856E-06    0.0000000000E+00
   -0.1595346976E-08   -0.1023778997E-07    0.4283818696E-07   -0.2322962808E-06    0.0000000000E+00
    0.3596159196E-09    0.2281910336E-08   -0.9611691894E-08    0.5116085539E-07    0.0000000000E+00
   -0.6792983055E-10   -0.4276210996E-09    0.1807539762E-08   -0.9500350156E-08    0.0000000000E+00
    0.9490713050E-11    0.5940762833E-10   -0.2515724342E-09    0.1310834807E-08    0.0000000000E+00
   -0.7271680038E-12   -0.4533511307E-11    0.1921528822E-10   -0.9952409108E-10    0.0000000000E+00
 l,ispin:           3           2
 psi n=1,noccmax(l):
    0.9318329045E-01    0.5844250892E-01   -0.7426636684E+00    0.1963855302E+01    0.0000000000E+00
   -0.2548100681E+00   -0.1598134782E+00    0.2030852289E+01   -0.5370286237E+01    0.0000000000E+00
    0.3816951390E+00    0.2393989085E+00   -0.3042210565E+01    0.8044717473E+01    0.0000000000E+00
   -0.4222588392E+00   -0.2648482332E+00    0.3365634977E+01   -0.8900036624E+01    0.0000000000E+00
    0.3905757255E+00    0.2449864557E+00   -0.3113263254E+01    0.8232751444E+01    0.0000000000E+00
   -0.3229301309E+00   -0.2025688653E+00    0.2574253396E+01   -0.6807477533E+01    0.0000000000E+00
    0.2483914786E+00    0.1558263656E+00   -0.1980275469E+01    0.5236825164E+01    0.0000000000E+00
   -0.1822588138E+00   -0.1143531569E+00    0.1453258013E+01   -0.3843222448E+01    0.0000000000E+00
    0.1296475384E+00    0.8137272601E-01   -0.1034037758E+01    0.2734583152E+01    0.0000000000E+00
   -0.9036154082E-01   -0.5672502783E-01    0.7209031806E+00   -0.1906580889E+01    0.0000000000E+00
    0.6213071876E-01    0.3902213732E-01   -0.4959147176E+00    0.1311597623E+01    0.0000000000E+00
   -0.4233959188E-01   -0.2660522441E-01    0.3381541409E+00   -0.8944190058E+00    0.0000000000E+00
    0.2867665959E-01    0.1804425288E-01   -0.2292830924E+00    0.6064532890E+00    0.0000000000E+00
   -0.1934797196E-01   -0.1218607503E-01    0.1548896391E+00   -0.4097387331E+00    0.0000000000E+00
    0.1301163321E-01    0.8224124120E-02   -0.1044255522E+00    0.2762020436E+00    0.0000000000E+00
   -0.8737003699E-02   -0.5533239232E-02    0.7030292145E-01   -0.1859963070E+00    0.0000000000E+00
    0.5848074357E-02    0.3738524641E-02   -0.4733837716E-01    0.1251612790E+00    0.0000000000E+00
   -0.3910174200E-02   -0.2518751470E-02    0.3186723321E-01   -0.8426191463E-01    0.0000000000E+00
    0.2597127500E-02    0.1720483360E-02   -0.2150259690E-01    0.5671828269E-01    0.0000000000E+00
   -0.1730697778E-02   -0.1146870795E-02    0.1447365910E-01   -0.3830474797E-01    0.0000000000E+00
    0.1129717304E-02    0.7961433886E-03   -0.9801574911E-02    0.2585988150E-01    0.0000000000E+00
   -0.7218579169E-03   -0.5620635268E-03    0.6656974647E-02   -0.1750161685E-01    0.0000000000E+00
    0.4352139336E-03    0.4269817645E-03   -0.4575926355E-02    0.1182394562E-01    0.0000000000E+00
   -0.2556980468E-03   -0.3029226961E-03    0.3113901814E-02   -0.8091775804E-02    0.0000000000E+00
    0.1152316362E-03    0.2724031718E-03   -0.2228216782E-02    0.5413269891E-02    0.0000000000E+00
   -0.5751342896E-04   -0.1912120042E-03    0.1549874783E-02   -0.3706021402E-02    0.0000000000E+00
    0.1691475897E-04    0.1695153390E-03   -0.1189411246E-02    0.2362318594E-02    0.0000000000E+00
   -0.1824009816E-04   -0.1106816293E-03    0.9247168702E-03   -0.1405893971E-02    0.0000000000E+00
    0.1336905118E-04    0.9974768265E-04   -0.9616817019E-03   -0.1641343824E-03    0.0000000000E+00
   -0.3725623222E-04    0.8526895217E-04    0.5031882355E-03    0.9529003466E-03    0.0000000000E+00
   -0.6683500726E-05   -0.6856235382E-04   -0.6617340243E-04   -0.6679831228E-03    0.0000000000E+00
    0.1213196355E-05    0.9695472982E-05   -0.2461652910E-04    0.2346307896E-03    0.0000000000E+00
   -0.3101719908E-06   -0.2257157569E-05    0.7819552497E-05   -0.5536030695E-04    0.0000000000E+00
    0.8551136595E-07    0.5902760034E-06   -0.2272180349E-05    0.1417900366E-04    0.0000000000E+00
   -0.2367974363E-07   -0.1580065410E-06    0.6377081023E-06   -0.3711415112E-05    0.0000000000E+00
    0.6349945830E-08    0.4140687976E-07   -0.1711211622E-06    0.9541092856E-06    0.0000000000E+00
   -0.1595346976E-08   -0.1023778997E-07    0.4283818696E-07   -0.2322962808E-06    0.0000000000E+00
    0.3596159196E-09    0.2281910336E-08   -0.9611691894E-08    0.5116085539E-07    0.0000000000E+00
   -0.6792983055E-10   -0.4276210996E-09    0.1807539762E-08   -0.9500350156E-08    0.0000000000E+00
    0.9490713050E-11    0.5940762833E-10   -0.2515724342E-09    0.1310834807E-08    0.0000000000E+00
   -0.7271680038E-12   -0.4533511307E-11    0.1921528822E-10   -0.9952409108E-10    0.0000000000E+00
