   40             4.00000 ng, rij 
     2.680     5.370                                       rcov,rprb 
 r                           (non)relativistic calculation
 PBE                         XC-functional
 92.000 14.000    0.4800000000    0.4887354675E+02   -0.4577229314E+01    0.0000000000E+00    0.0000000000E+00  znuc,zion,rloc,gpot()
   3                                                       lpx, (Projectors for l=0..lpx)
    0.5149989304   -0.7399075852E+00   -0.1070651909E+01    0.4204665974E+01    0.1735296706E+01   -0.4480516828E+01    0.3556299981E+01  r_l(),hsep(), so=+0.5
    0.4105936449    0.5563591943E+01   -0.8734175758E+01    0.1794905801E+02    0.4573777431E+01   -0.1082353288E+02    0.7692342313E+01  r_l(),hsep(), so=+0.5
   -0.5446273037E+00   -0.2383438994E+01    0.6891844479E+01    0.2445702354E+01   -0.5787588101E+01    0.4113269608E+01         hsep(), so=-0.5
    0.6784212879    0.6029332610E+00    0.4733462680E+00   -0.5367242182E+00    0.0000000000E+00   -0.0000000000E+00    0.0000000000E+00  r_l(),hsep(), so=+0.5
    0.4490667290E+00    0.4851952021E+00   -0.5501596466E+00    0.0000000000E+00   -0.0000000000E+00    0.0000000000E+00         hsep(), so=-0.5
    0.3214244393   -0.1660394202E+02   -0.0000000000E+00    0.0000000000E+00    0.0000000000E+00   -0.0000000000E+00    0.0000000000E+00  r_l(),hsep(), so=+0.5
   -0.1672824497E+02   -0.0000000000E+00    0.0000000000E+00    0.0000000000E+00   -0.0000000000E+00    0.0000000000E+00         hsep(), so=-0.5
 ---------------------------------------------
 Additional information (last calculation):
 gaussian exponents:
 xp():   24.552318791199571        17.361111111111114        12.276159395599787        8.6805555555555607        6.1380796977998946        4.3402777777777803        3.0690398488999486        2.1701388888888911        1.5345199244499743        1.0850694444444458       0.76725996222498738       0.54253472222222299       0.38362998111249375       0.27126736111111149       0.19181499055624696       0.13563368055555583        9.5907495278123506E-002   6.7816840277777929E-002   4.7953747639061760E-002   3.3908420138888971E-002   2.3976873819530883E-002   1.6954210069444489E-002   1.1988436909765447E-002   8.4771050347222463E-003   5.9942184548827243E-003   4.2385525173611249E-003   2.9971092274413626E-003   2.1192762586805620E-003   1.4985546137206815E-003   1.0596381293402814E-003   7.4927730686034097E-004   5.2981906467014072E-004   3.7463865343017070E-004   2.6490953233507041E-004   1.8731932671508532E-004   1.3245476616753526E-004   9.3659663357542703E-005   6.6227383083767631E-005   4.6829831678771351E-005   3.3113691541883829E-005
 orbital coefficients (one orbital per column)
 l,ispin:           0           1
 psi n=1,noccmax(l):
    0.4192462701E-02    0.1374113427E-02   -0.7466238342E-03   -0.2537761147E-04    0.0000000000E+00    0.0000000000E+00    0.0000000000E+00   -0.4959394305E-01   -0.1541237704E-01
    0.3705253578E-01    0.1506163410E-01    0.1639493619E-01    0.1077108396E-01    0.0000000000E+00    0.0000000000E+00    0.0000000000E+00    0.1910306459E+00    0.5863647148E-01
   -0.3186096396E+00   -0.1255210305E+00   -0.9195800980E-01   -0.6982028736E-01    0.0000000000E+00    0.0000000000E+00    0.0000000000E+00   -0.3161639712E+00   -0.9250297326E-01
    0.1040177514E+01    0.4154597409E+00    0.2753891761E+00    0.2186645479E+00    0.0000000000E+00    0.0000000000E+00    0.0000000000E+00    0.2368948839E+00    0.5286320465E-01
   -0.2223356153E+01   -0.9157994288E+00   -0.5835333049E+00   -0.4734207941E+00    0.0000000000E+00    0.0000000000E+00    0.0000000000E+00    0.3170159436E-01    0.6160529651E-01
    0.4069292745E+01    0.1731132165E+01    0.1072355588E+01    0.8858255636E+00    0.0000000000E+00    0.0000000000E+00    0.0000000000E+00   -0.3183403662E+00   -0.2234600753E+00
   -0.4783869255E+01   -0.2080864100E+01   -0.1320736582E+01   -0.1089105464E+01    0.0000000000E+00    0.0000000000E+00    0.0000000000E+00    0.1337633728E+00    0.2738532897E+00
   -0.1022062693E+01   -0.3434606462E+00    0.7690659149E-01   -0.1673869693E-01    0.0000000000E+00    0.0000000000E+00    0.0000000000E+00    0.1297644333E+01    0.2617533251E+00
    0.5864843952E+01    0.2369309289E+01    0.9632102997E+00    0.9481300240E+00    0.0000000000E+00    0.0000000000E+00    0.0000000000E+00   -0.1552438913E+01   -0.5930485548E+00
   -0.8012786173E+00   -0.2468478739E+00    0.2319133650E+00    0.8486111555E-01    0.0000000000E+00    0.0000000000E+00    0.0000000000E+00   -0.9107523763E+00   -0.1917757329E+00
    0.4803362906E+00    0.4417111484E+00   -0.1707124308E+00   -0.1715595119E-01    0.0000000000E+00    0.0000000000E+00    0.0000000000E+00    0.6894084087E-01   -0.3805075009E-01
   -0.1034720589E+01   -0.8195801113E+00    0.3180634044E-01   -0.1004232368E+00    0.0000000000E+00    0.0000000000E+00    0.0000000000E+00    0.3348971467E+00    0.2001723906E+00
   -0.5925030129E+00   -0.1920686458E+00   -0.6783412936E+00   -0.5060534730E+00    0.0000000000E+00    0.0000000000E+00    0.0000000000E+00    0.4245396713E+00    0.1028570132E+00
   -0.5211454926E+00   -0.6841878608E+00    0.2118757125E+00    0.1277417545E+00    0.0000000000E+00    0.0000000000E+00    0.0000000000E+00    0.2345851631E+00    0.1857524754E+00
   -0.1154523470E+00    0.4602734231E+00   -0.2165479569E+00   -0.1489082228E+00    0.0000000000E+00    0.0000000000E+00    0.0000000000E+00    0.1321699974E+00   -0.8748683266E-01
   -0.9296463384E-01   -0.8119864682E+00   -0.4371317047E+00   -0.5809691489E+00    0.0000000000E+00    0.0000000000E+00    0.0000000000E+00    0.5315879289E-01    0.1954407357E+00
    0.2230990463E-01    0.5799722493E+00    0.7797801670E+00    0.1157768970E+01    0.0000000000E+00    0.0000000000E+00    0.0000000000E+00    0.1881859200E-01   -0.1064309410E+00
   -0.2005810327E-01   -0.1446901758E+00   -0.6910421847E+00   -0.1433104650E+01    0.0000000000E+00    0.0000000000E+00    0.0000000000E+00    0.1572383178E-02    0.2634210943E-01
    0.1307693187E-01    0.2364041331E+00    0.6059686046E+00    0.1677312928E+01    0.0000000000E+00    0.0000000000E+00    0.0000000000E+00    0.1494985597E-02   -0.2492495605E-01
   -0.8697362458E-02    0.2127127145E-01   -0.2232897194E-01   -0.1020850748E+01    0.0000000000E+00    0.0000000000E+00    0.0000000000E+00   -0.6403035999E-03   -0.1446532873E-01
    0.5731888768E-02    0.8937623017E-01    0.2000401978E+00    0.1357605082E+01    0.0000000000E+00    0.0000000000E+00    0.0000000000E+00    0.3757449544E-03   -0.1641339877E-01
   -0.3736165741E-02   -0.1994278936E-01   -0.5852422587E-01   -0.8045459932E+00    0.0000000000E+00    0.0000000000E+00    0.0000000000E+00   -0.2091974869E-03   -0.5105997643E-02
    0.2404389642E-02    0.1862609767E-01   -0.1830391502E+00   -0.1182341411E+01    0.0000000000E+00    0.0000000000E+00    0.0000000000E+00    0.1138124587E-03   -0.1809773897E-02
   -0.1525650206E-02   -0.1141646865E-01   -0.3061799498E-01    0.1266043217E+01    0.0000000000E+00    0.0000000000E+00    0.0000000000E+00   -0.6051853617E-04    0.5600008000E-03
    0.9534655851E-03    0.6899109832E-02    0.2029677335E-01   -0.4258271835E+00    0.0000000000E+00    0.0000000000E+00    0.0000000000E+00    0.3146712262E-04   -0.2579771849E-03
   -0.5863295037E-03   -0.4077313790E-02   -0.1234351229E-01    0.1899522458E+00    0.0000000000E+00    0.0000000000E+00    0.0000000000E+00   -0.1600813257E-04    0.1220938145E-03
    0.3544656912E-03    0.2358297517E-02    0.7205533676E-02   -0.9308286830E-01    0.0000000000E+00    0.0000000000E+00    0.0000000000E+00    0.7973452623E-05   -0.5745829393E-04
   -0.2104730383E-03   -0.1336904452E-02   -0.4086668679E-02    0.4735701064E-01    0.0000000000E+00    0.0000000000E+00    0.0000000000E+00   -0.3891366621E-05    0.2671440649E-04
    0.1226122089E-03    0.7437951649E-03    0.2265501459E-02   -0.2445057440E-01    0.0000000000E+00    0.0000000000E+00    0.0000000000E+00    0.1861956575E-05   -0.1225587434E-04
   -0.6997688842E-04   -0.4063609717E-03   -0.1231316892E-02    0.1266551481E-01    0.0000000000E+00    0.0000000000E+00    0.0000000000E+00   -0.8736085928E-06    0.5546360014E-05
    0.3904203421E-04    0.2178645418E-03    0.6565408452E-03   -0.6533317737E-02    0.0000000000E+00    0.0000000000E+00    0.0000000000E+00    0.4016527769E-06   -0.2473549304E-05
   -0.2122441822E-04   -0.1143452835E-03   -0.3428196607E-03    0.3333548503E-02    0.0000000000E+00    0.0000000000E+00    0.0000000000E+00   -0.1805916747E-06    0.1084518588E-05
    0.1118474429E-04    0.5846658321E-04    0.1745043374E-03   -0.1669536969E-02    0.0000000000E+00    0.0000000000E+00    0.0000000000E+00    0.7908871230E-07   -0.4653509132E-06
   -0.5667946587E-05   -0.2888935968E-04   -0.8590155297E-04    0.8124744335E-03    0.0000000000E+00    0.0000000000E+00    0.0000000000E+00   -0.3350321855E-07    0.1939390284E-06
    0.2728332668E-05    0.1362110998E-04    0.4037774508E-04   -0.3788096189E-03    0.0000000000E+00    0.0000000000E+00    0.0000000000E+00    0.1357514374E-07   -0.7757846942E-07
   -0.1224388152E-05   -0.6011523854E-05   -0.1777662687E-04    0.1658143611E-03    0.0000000000E+00    0.0000000000E+00    0.0000000000E+00   -0.5169810036E-08    0.2925015416E-07
    0.4978837664E-06    0.2412349596E-05    0.7119811907E-05   -0.6613933544E-04    0.0000000000E+00    0.0000000000E+00    0.0000000000E+00    0.1800869356E-08   -0.1011094640E-07
   -0.1755467036E-06   -0.8417829645E-06   -0.2480731828E-05    0.2297756234E-04    0.0000000000E+00    0.0000000000E+00    0.0000000000E+00   -0.5498716264E-09    0.3069163475E-08
    0.4997179794E-07    0.2377098163E-06    0.6997284089E-06   -0.6467732533E-05    0.0000000000E+00    0.0000000000E+00    0.0000000000E+00    0.1372366095E-09   -0.7626037914E-09
   -0.1009896621E-07   -0.4774545713E-07   -0.1404225740E-06    0.1296038806E-05    0.0000000000E+00    0.0000000000E+00    0.0000000000E+00   -0.2465232298E-10    0.1365331894E-09
    0.1070772393E-08    0.5038862507E-08    0.1480994442E-07   -0.1365457602E-06    0.0000000000E+00    0.0000000000E+00    0.0000000000E+00    0.2357907477E-11   -0.1302649841E-10
 l,ispin:           1           1
 psi n=1,noccmax(l):
   -0.4959394305E-01   -0.1541237704E-01   -0.8062981807E-02   -0.1317045787E-01    0.0000000000E+00    0.0000000000E+00    0.0000000000E+00   -0.5537133319E-02    0.4120197525E-02
    0.1910306459E+00    0.5863647148E-01    0.2860064139E-01    0.5169508229E-01    0.0000000000E+00    0.0000000000E+00    0.0000000000E+00    0.1545930040E-01   -0.1302115588E-01
   -0.3161639712E+00   -0.9250297326E-01   -0.3350491969E-01   -0.9036113593E-01    0.0000000000E+00    0.0000000000E+00    0.0000000000E+00   -0.5990375861E-02    0.1410271803E-01
    0.2368948839E+00    0.5286320465E-01   -0.2068016343E-01    0.8129906939E-01    0.0000000000E+00    0.0000000000E+00    0.0000000000E+00   -0.5141870974E-01    0.9190022063E-02
    0.3170159436E-01    0.6160529651E-01    0.1305300297E+00   -0.1766713281E-01    0.0000000000E+00    0.0000000000E+00    0.0000000000E+00    0.1667089498E+00   -0.6251094256E-01
   -0.3183403662E+00   -0.2234600753E+00   -0.2757656627E+00   -0.9047019976E-01    0.0000000000E+00    0.0000000000E+00    0.0000000000E+00   -0.3906528192E+00    0.1695940833E+00
    0.1337633728E+00    0.2738532897E+00    0.3391557397E+00    0.1374989379E+00    0.0000000000E+00    0.0000000000E+00    0.0000000000E+00    0.5583432209E+00   -0.2601434755E+00
    0.1297644333E+01    0.2617533251E+00    0.5241106053E-01    0.2387891453E+00    0.0000000000E+00    0.0000000000E+00    0.0000000000E+00    0.8217920773E-01   -0.2832258515E-01
   -0.1552438913E+01   -0.5930485548E+00   -0.3193255069E+00   -0.5054938545E+00    0.0000000000E+00    0.0000000000E+00    0.0000000000E+00   -0.6467164621E+00    0.3110854823E+00
   -0.9107523763E+00   -0.1917757329E+00   -0.2565906869E+00   -0.3105397943E-01    0.0000000000E+00    0.0000000000E+00    0.0000000000E+00    0.4913105077E-01   -0.3840171454E-01
    0.6894084087E-01   -0.3805075009E-01    0.9372709657E-01   -0.1060433497E+00    0.0000000000E+00    0.0000000000E+00    0.0000000000E+00   -0.1183326310E+00    0.6168056350E-01
    0.3348971467E+00    0.2001723906E+00    0.2854051350E-01    0.2074818365E+00    0.0000000000E+00    0.0000000000E+00    0.0000000000E+00    0.8671180701E-01   -0.5566375250E-01
    0.4245396713E+00    0.1028570132E+00    0.2025939730E+00    0.2983728413E-01    0.0000000000E+00    0.0000000000E+00    0.0000000000E+00    0.7707398508E-01   -0.2255722169E-01
    0.2345851631E+00    0.1857524754E+00    0.2077664008E-01    0.1630378541E+00    0.0000000000E+00    0.0000000000E+00    0.0000000000E+00    0.8198928110E-01   -0.5682734843E-01
    0.1321699974E+00   -0.8748683266E-01    0.3004293769E-01   -0.1058529547E+00    0.0000000000E+00    0.0000000000E+00    0.0000000000E+00    0.3173484805E-01    0.7081420061E-02
    0.5315879289E-01    0.1954407357E+00    0.1106862352E+00    0.2571559119E+00    0.0000000000E+00    0.0000000000E+00    0.0000000000E+00    0.2470962606E-01   -0.3439220103E-01
    0.1881859200E-01   -0.1064309410E+00   -0.1026564904E+00   -0.2795514801E+00    0.0000000000E+00    0.0000000000E+00    0.0000000000E+00    0.1798786684E-01    0.3461803381E-02
    0.1572383178E-02    0.2634210943E-01    0.6601984924E-01    0.2695921917E+00    0.0000000000E+00    0.0000000000E+00    0.0000000000E+00    0.4545591038E-02   -0.4190145145E-02
    0.1494985597E-02   -0.2492495605E-01   -0.5371268978E-01   -0.2667596673E+00    0.0000000000E+00    0.0000000000E+00    0.0000000000E+00    0.4006651742E-02   -0.3071987045E-02
   -0.6403035999E-03   -0.1446532873E-01   -0.2556006497E-01    0.1460336188E+00    0.0000000000E+00    0.0000000000E+00    0.0000000000E+00    0.8950786275E-03    0.1123236870E-02
    0.3757449544E-03   -0.1641339877E-01   -0.1532768744E-01   -0.1939654760E+00    0.0000000000E+00    0.0000000000E+00    0.0000000000E+00    0.5063585509E-03    0.1155442811E-02
   -0.2091974869E-03   -0.5105997643E-02   -0.2018294882E-01    0.8133403364E-01    0.0000000000E+00    0.0000000000E+00    0.0000000000E+00   -0.1766842996E-04    0.1650281847E-02
    0.1138124587E-03   -0.1809773897E-02    0.3370974120E-01    0.1340553302E+00    0.0000000000E+00    0.0000000000E+00    0.0000000000E+00    0.3229108557E-04    0.1005172181E-02
   -0.6051853617E-04    0.5600008000E-03    0.2182351558E-02   -0.1139203213E+00    0.0000000000E+00    0.0000000000E+00    0.0000000000E+00   -0.1374376131E-04   -0.9214246008E-04
    0.3146712262E-04   -0.2579771849E-03   -0.9095970379E-03    0.3143226670E-01    0.0000000000E+00    0.0000000000E+00    0.0000000000E+00    0.5807369989E-05    0.2687871192E-04
   -0.1600813257E-04    0.1220938145E-03    0.4124852080E-03   -0.1155465459E-01    0.0000000000E+00    0.0000000000E+00    0.0000000000E+00   -0.2391850177E-05   -0.9161939043E-05
    0.7973452623E-05   -0.5745829393E-04   -0.1901959985E-03    0.4682769682E-02    0.0000000000E+00    0.0000000000E+00    0.0000000000E+00    0.9624705751E-06    0.3285994763E-05
   -0.3891366621E-05    0.2671440649E-04    0.8735535499E-04   -0.1976637415E-02    0.0000000000E+00    0.0000000000E+00    0.0000000000E+00   -0.3795777009E-06   -0.1201527753E-05
    0.1861956575E-05   -0.1225587434E-04   -0.3972858484E-04    0.8492217452E-03    0.0000000000E+00    0.0000000000E+00    0.0000000000E+00    0.1471161295E-06    0.4422286389E-06
   -0.8736085928E-06    0.5546360014E-05    0.1785723843E-04   -0.3670932827E-03    0.0000000000E+00    0.0000000000E+00    0.0000000000E+00   -0.5613582567E-07   -0.1627676982E-06
    0.4016527769E-06   -0.2473549304E-05   -0.7920539574E-05    0.1584762264E-03    0.0000000000E+00    0.0000000000E+00    0.0000000000E+00    0.2109734623E-07    0.5963634288E-07
   -0.1805916747E-06    0.1084518588E-05    0.3457499370E-05   -0.6788469664E-04    0.0000000000E+00    0.0000000000E+00    0.0000000000E+00   -0.7799386277E-08   -0.2165241115E-07
    0.7908871230E-07   -0.4653509132E-06   -0.1478366675E-05    0.2864492339E-04    0.0000000000E+00    0.0000000000E+00    0.0000000000E+00    0.2826257656E-08    0.7746023338E-08
   -0.3350321855E-07    0.1939390284E-06    0.6144189602E-06   -0.1179492690E-04    0.0000000000E+00    0.0000000000E+00    0.0000000000E+00   -0.9973964690E-09   -0.2708679047E-08
    0.1357514374E-07   -0.7757846942E-07   -0.2452463407E-06    0.4677288535E-05    0.0000000000E+00    0.0000000000E+00    0.0000000000E+00    0.3391619464E-09    0.9150805697E-09
   -0.5169810036E-08    0.2925015416E-07    0.9231345638E-07   -0.1752494937E-05    0.0000000000E+00    0.0000000000E+00    0.0000000000E+00   -0.1092837278E-09   -0.2934830594E-09
    0.1800869356E-08   -0.1011094640E-07   -0.3186942714E-07    0.6030539913E-06    0.0000000000E+00    0.0000000000E+00    0.0000000000E+00    0.3250654809E-10    0.8700693746E-10
   -0.5498716264E-09    0.3069163475E-08    0.9664551210E-08   -0.1824606617E-06    0.0000000000E+00    0.0000000000E+00    0.0000000000E+00   -0.8564599780E-11   -0.2286966662E-10
    0.1372366095E-09   -0.7626037914E-09   -0.2399626554E-08    0.4523031179E-07    0.0000000000E+00    0.0000000000E+00    0.0000000000E+00    0.1866599029E-11    0.4975873075E-11
   -0.2465232298E-10    0.1365331894E-09    0.4293839759E-09   -0.8084190649E-08    0.0000000000E+00    0.0000000000E+00    0.0000000000E+00   -0.2967404218E-12   -0.7900809713E-12
    0.2357907477E-11   -0.1302649841E-10   -0.4095049219E-10    0.7703715589E-09    0.0000000000E+00    0.0000000000E+00    0.0000000000E+00    0.2548612000E-13    0.6779941187E-13
 l,ispin:           1           2
 psi n=1,noccmax(l):
    0.8638973327E-01    0.2610961938E-01    0.1401158538E-01    0.1775241014E-01    0.0000000000E+00    0.0000000000E+00    0.0000000000E+00    0.8710914526E-02   -0.4958222043E-02
   -0.3376187710E+00   -0.1013746318E+00   -0.5263675385E-01   -0.7003116011E-01    0.0000000000E+00    0.0000000000E+00    0.0000000000E+00   -0.2826662110E-01    0.1686064768E-01
    0.5702901166E+00    0.1654905485E+00    0.7533222319E-01    0.1207092876E+00    0.0000000000E+00    0.0000000000E+00    0.0000000000E+00    0.2823757412E-01   -0.2139864301E-01
   -0.4497618598E+00   -0.1084202170E+00   -0.1308112379E-01   -0.1003075076E+00    0.0000000000E+00    0.0000000000E+00    0.0000000000E+00    0.3455433894E-01   -0.2912848689E-02
   -0.2489199713E-01   -0.7799693355E-01   -0.1351393704E+00   -0.8864743999E-03    0.0000000000E+00    0.0000000000E+00    0.0000000000E+00   -0.1728879440E+00    0.6240495075E-01
    0.8855754935E+00    0.4416209938E+00    0.4006998988E+00    0.2190007529E+00    0.0000000000E+00    0.0000000000E+00    0.0000000000E+00    0.4427739896E+00   -0.1813156282E+00
   -0.2271938119E+01   -0.1045488344E+01   -0.8264479787E+00   -0.5966118193E+00    0.0000000000E+00    0.0000000000E+00    0.0000000000E+00   -0.6914263151E+00    0.3013932019E+00
    0.1285801378E+01    0.6885936035E+00    0.5983718529E+00    0.3803614335E+00    0.0000000000E+00    0.0000000000E+00    0.0000000000E+00    0.1401724236E-01   -0.2112596706E-01
    0.1742074655E+01    0.5985606371E+00    0.2714262909E+00    0.4261533248E+00    0.0000000000E+00    0.0000000000E+00    0.0000000000E+00    0.7156802025E+00   -0.3141092286E+00
    0.2245422762E+00   -0.1728887394E-01    0.1108701240E+00   -0.7597373084E-01    0.0000000000E+00    0.0000000000E+00    0.0000000000E+00   -0.6100038358E-01    0.3991431886E-01
   -0.4085716742E+00   -0.1146275289E+00   -0.2057405922E+00   -0.2341346446E-01    0.0000000000E+00    0.0000000000E+00    0.0000000000E+00    0.9984144708E-01   -0.4716534089E-01
   -0.5923489254E+00   -0.2818819241E+00   -0.6091279804E-01   -0.2097656820E+00    0.0000000000E+00    0.0000000000E+00    0.0000000000E+00   -0.1136064777E+00    0.6282163557E-01
   -0.4313211332E+00   -0.1490139274E+00   -0.2382402361E+00   -0.8731982322E-01    0.0000000000E+00    0.0000000000E+00    0.0000000000E+00   -0.9216601671E-01    0.2759685756E-01
   -0.2162079589E+00   -0.1374698451E+00    0.4465121790E-01   -0.7056820008E-01    0.0000000000E+00    0.0000000000E+00    0.0000000000E+00   -0.8833829280E-01    0.5577028261E-01
   -0.8981326274E-01    0.6787033186E-01   -0.7576727601E-01    0.2481699266E-01    0.0000000000E+00    0.0000000000E+00    0.0000000000E+00   -0.3399897658E-01   -0.6847199705E-02
   -0.2938323492E-01   -0.1502339856E+00   -0.3771114851E-01   -0.1385903503E+00    0.0000000000E+00    0.0000000000E+00    0.0000000000E+00   -0.2654686337E-01    0.3450816782E-01
   -0.5302552347E-02    0.1197820974E+00    0.9147778579E-01    0.2190178269E+00    0.0000000000E+00    0.0000000000E+00    0.0000000000E+00   -0.1672590716E-01   -0.5207510743E-02
   -0.7925780308E-03   -0.1922749618E-01   -0.5459211810E-01   -0.2109727676E+00    0.0000000000E+00    0.0000000000E+00    0.0000000000E+00   -0.4604961245E-02    0.4252691638E-02
   -0.2389545340E-05    0.3689085404E-01    0.6831676530E-01    0.2494689491E+00    0.0000000000E+00    0.0000000000E+00    0.0000000000E+00   -0.3494672967E-02    0.2336599009E-02
   -0.9746819758E-05    0.1186992455E-01    0.1449406395E-01   -0.1384520337E+00    0.0000000000E+00    0.0000000000E+00    0.0000000000E+00   -0.7252741132E-03   -0.1348769933E-02
    0.2095217363E-05    0.1482884712E-01    0.1562608160E-01    0.1758335202E+00    0.0000000000E+00    0.0000000000E+00    0.0000000000E+00   -0.3830188540E-03   -0.1336231972E-02
   -0.1227709283E-06    0.1613097155E-02    0.2129399900E-02   -0.1279826515E+00    0.0000000000E+00    0.0000000000E+00    0.0000000000E+00    0.2586773591E-04   -0.1640820487E-02
   -0.2879530275E-06    0.1490451960E-02   -0.2657894007E-01   -0.6829181054E-01    0.0000000000E+00    0.0000000000E+00    0.0000000000E+00   -0.2607632671E-04   -0.9069192893E-03
    0.2755657393E-06   -0.6459027240E-03   -0.4707566055E-03    0.8602002840E-01    0.0000000000E+00    0.0000000000E+00    0.0000000000E+00    0.1124576661E-04    0.8820610870E-04
   -0.1859806067E-06    0.3180773183E-03    0.3504531409E-03   -0.2478207793E-01    0.0000000000E+00    0.0000000000E+00    0.0000000000E+00   -0.4760807610E-05   -0.2605621425E-04
    0.1096101197E-06   -0.1550467264E-03   -0.1933547939E-03    0.9272296767E-02    0.0000000000E+00    0.0000000000E+00    0.0000000000E+00    0.1963489192E-05    0.8951301828E-05
   -0.5989243090E-07    0.7420142590E-04    0.9821534812E-04   -0.3793711868E-02    0.0000000000E+00    0.0000000000E+00    0.0000000000E+00   -0.7911523072E-06   -0.3227525175E-05
    0.3110744740E-07   -0.3487121280E-04   -0.4764351163E-04    0.1610744264E-02    0.0000000000E+00    0.0000000000E+00    0.0000000000E+00    0.3124121780E-06    0.1184491884E-05
   -0.1555002225E-07    0.1611514628E-04    0.2239958879E-04   -0.6946937919E-03    0.0000000000E+00    0.0000000000E+00    0.0000000000E+00   -0.1212253884E-06   -0.4370744868E-06
    0.7530764841E-08   -0.7330330559E-05   -0.1028290487E-04    0.3010889622E-03    0.0000000000E+00    0.0000000000E+00    0.0000000000E+00    0.4630359279E-07    0.1611572527E-06
   -0.3544369835E-08    0.3281160660E-05    0.4624328504E-05   -0.1302221914E-03    0.0000000000E+00    0.0000000000E+00    0.0000000000E+00   -0.1741700929E-07   -0.5911946805E-07
    0.1621758790E-08   -0.1442423052E-05   -0.2037268304E-05    0.5585493217E-04    0.0000000000E+00    0.0000000000E+00    0.0000000000E+00    0.6443320278E-08    0.2148323913E-07
   -0.7196470100E-09    0.6201107570E-06    0.8765186751E-06   -0.2359082749E-04    0.0000000000E+00    0.0000000000E+00    0.0000000000E+00   -0.2336166820E-08   -0.7690103506E-08
    0.3078928380E-09   -0.2587969733E-06   -0.3658265970E-06    0.9720339783E-05    0.0000000000E+00    0.0000000000E+00    0.0000000000E+00    0.8248040919E-09    0.2690242818E-08
   -0.1256903032E-09    0.1036275345E-06    0.1464421677E-06   -0.3856460931E-05    0.0000000000E+00    0.0000000000E+00    0.0000000000E+00   -0.2805679616E-09   -0.9091147202E-09
    0.4813592668E-10   -0.3910045392E-07   -0.5523178348E-07    0.1445444215E-05    0.0000000000E+00    0.0000000000E+00    0.0000000000E+00    0.9042736533E-10    0.2916282119E-09
   -0.1683844838E-10    0.1352313870E-07    0.1909373368E-07   -0.4975174794E-06    0.0000000000E+00    0.0000000000E+00    0.0000000000E+00   -0.2690303900E-10   -0.8646910053E-10
    0.5157538208E-11   -0.4106520067E-08   -0.5795717557E-08    0.1505561988E-06    0.0000000000E+00    0.0000000000E+00    0.0000000000E+00    0.7089284610E-11    0.2273050064E-10
   -0.1290215107E-11    0.1020644903E-08    0.1439964739E-08   -0.3732625436E-07    0.0000000000E+00    0.0000000000E+00    0.0000000000E+00   -0.1545236183E-11   -0.4945927619E-11
    0.2321653777E-12   -0.1827687547E-09   -0.2577803138E-09    0.6672078125E-08    0.0000000000E+00    0.0000000000E+00    0.0000000000E+00    0.2456725155E-12    0.7853630448E-12
   -0.2223393776E-13    0.1744033746E-10    0.2459227841E-10   -0.6358479637E-09    0.0000000000E+00    0.0000000000E+00    0.0000000000E+00   -0.2110134774E-13   -0.6739675731E-13
 l,ispin:           2           1
 psi n=1,noccmax(l):
   -0.5537133319E-02    0.4120197525E-02   -0.7065722062E-02    0.2076926620E-01    0.0000000000E+00    0.0000000000E+00    0.0000000000E+00    0.1019501904E+01
    0.1545930040E-01   -0.1302115588E-01    0.2558244101E-01   -0.7136196179E-01    0.0000000000E+00    0.0000000000E+00    0.0000000000E+00   -0.1312576017E+01
   -0.5990375861E-02    0.1410271803E-01   -0.5774017054E-01    0.1245283632E+00    0.0000000000E+00    0.0000000000E+00    0.0000000000E+00   -0.8143668609E+00
   -0.5141870974E-01    0.9190022063E-02    0.1066200857E+00   -0.1428097541E+00    0.0000000000E+00    0.0000000000E+00    0.0000000000E+00    0.2829855345E+01
    0.1667089498E+00   -0.6251094256E-01   -0.1711490317E+00    0.1107761015E+00    0.0000000000E+00    0.0000000000E+00    0.0000000000E+00   -0.1539451862E+01
   -0.3906528192E+00    0.1695940833E+00    0.2744162769E+00   -0.6636598997E-02    0.0000000000E+00    0.0000000000E+00    0.0000000000E+00   -0.2693693663E+01
    0.5583432209E+00   -0.2601434755E+00   -0.3578323866E+00   -0.1035190058E+00    0.0000000000E+00    0.0000000000E+00    0.0000000000E+00    0.5639494124E+01
    0.8217920773E-01   -0.2832258515E-01    0.7878559289E-01   -0.1430987408E+00    0.0000000000E+00    0.0000000000E+00    0.0000000000E+00    0.3626306308E+01
   -0.6467164621E+00    0.3110854823E+00    0.2113300696E+00    0.4110573814E+00    0.0000000000E+00    0.0000000000E+00    0.0000000000E+00    0.1288771506E+01
    0.4913105077E-01   -0.3840171454E-01    0.2852538591E-01   -0.1372219072E+00    0.0000000000E+00    0.0000000000E+00    0.0000000000E+00    0.1021918568E+01
   -0.1183326310E+00    0.6168056350E-01    0.1087279799E-02    0.1328211569E+00    0.0000000000E+00    0.0000000000E+00    0.0000000000E+00    0.3329571521E+00
    0.8671180701E-01   -0.5566375250E-01   -0.1012261700E-01   -0.1197879837E+00    0.0000000000E+00    0.0000000000E+00    0.0000000000E+00    0.2021320665E+00
    0.7707398508E-01   -0.2255722169E-01   -0.5609295382E-01    0.2953958237E-01    0.0000000000E+00    0.0000000000E+00    0.0000000000E+00    0.5459541138E-01
    0.8198928110E-01   -0.5682734843E-01   -0.2845116305E-01   -0.9962234149E-01    0.0000000000E+00    0.0000000000E+00    0.0000000000E+00    0.3036200977E-01
    0.3173484805E-01    0.7081420061E-02   -0.9407306506E-02    0.5003120604E-01    0.0000000000E+00    0.0000000000E+00    0.0000000000E+00    0.5818006920E-02
    0.2470962606E-01   -0.3439220103E-01   -0.2573111377E-01   -0.8026251665E-01    0.0000000000E+00    0.0000000000E+00    0.0000000000E+00    0.4385526551E-02
    0.1798786684E-01    0.3461803381E-02   -0.2558334582E-03    0.4713776928E-01    0.0000000000E+00    0.0000000000E+00    0.0000000000E+00    0.5088531365E-03
    0.4545591038E-02   -0.4190145145E-02   -0.5840292807E-03   -0.4097767960E-01    0.0000000000E+00    0.0000000000E+00    0.0000000000E+00    0.4760861587E-03
    0.4006651742E-02   -0.3071987045E-02   -0.8095676232E-02    0.2321540005E-01    0.0000000000E+00    0.0000000000E+00    0.0000000000E+00    0.5856312858E-05
    0.8950786275E-03    0.1123236870E-02    0.8826084936E-02   -0.1128537808E-01    0.0000000000E+00    0.0000000000E+00    0.0000000000E+00    0.4894052318E-04
    0.5063585509E-03    0.1155442811E-02   -0.3593609263E-02    0.1312277527E-01    0.0000000000E+00    0.0000000000E+00    0.0000000000E+00   -0.9760261560E-05
   -0.1766842996E-04    0.1650281847E-02    0.1026560105E-01    0.1534529114E-01    0.0000000000E+00    0.0000000000E+00    0.0000000000E+00    0.5039025529E-05
    0.3229108557E-04    0.1005172181E-02   -0.3918533472E-02   -0.2761627988E-01    0.0000000000E+00    0.0000000000E+00    0.0000000000E+00   -0.1834270203E-05
   -0.1374376131E-04   -0.9214246008E-04   -0.1264627559E-02    0.1269124711E-01    0.0000000000E+00    0.0000000000E+00    0.0000000000E+00    0.6711180853E-06
    0.5807369989E-05    0.2687871192E-04    0.3366563609E-03   -0.2536355237E-02    0.0000000000E+00    0.0000000000E+00    0.0000000000E+00   -0.2382425626E-06
   -0.2391850177E-05   -0.9161939043E-05   -0.1089251771E-03    0.7283620065E-03    0.0000000000E+00    0.0000000000E+00    0.0000000000E+00    0.8226271598E-07
    0.9624705751E-06    0.3285994763E-05    0.3785495190E-04   -0.2371001807E-03    0.0000000000E+00    0.0000000000E+00    0.0000000000E+00   -0.2772298745E-07
   -0.3795777009E-06   -0.1201527753E-05   -0.1356142555E-04    0.8155257328E-04    0.0000000000E+00    0.0000000000E+00    0.0000000000E+00    0.9152260711E-08
    0.1471161295E-06    0.4422286389E-06    0.4921666105E-05   -0.2880847773E-04    0.0000000000E+00    0.0000000000E+00    0.0000000000E+00   -0.2969359708E-08
   -0.5613582567E-07   -0.1627676982E-06   -0.1793398562E-05    0.1030491477E-04    0.0000000000E+00    0.0000000000E+00    0.0000000000E+00    0.9488896873E-09
    0.2109734623E-07    0.5963634288E-07    0.6522959909E-06   -0.3699972964E-05    0.0000000000E+00    0.0000000000E+00    0.0000000000E+00   -0.2989377834E-09
   -0.7799386277E-08   -0.2165241115E-07   -0.2355603370E-06    0.1324032216E-05    0.0000000000E+00    0.0000000000E+00    0.0000000000E+00    0.9277437221E-10
    0.2826257656E-08    0.7746023338E-08    0.8393563946E-07   -0.4687467443E-06    0.0000000000E+00    0.0000000000E+00    0.0000000000E+00   -0.2828209243E-10
   -0.9973964690E-09   -0.2708679047E-08   -0.2926488753E-07    0.1626842955E-06    0.0000000000E+00    0.0000000000E+00    0.0000000000E+00    0.8421033062E-11
    0.3391619464E-09    0.9150805697E-09    0.9865168105E-08   -0.5466190621E-07    0.0000000000E+00    0.0000000000E+00    0.0000000000E+00   -0.2425507107E-11
   -0.1092837278E-09   -0.2934830594E-09   -0.3158874832E-08    0.1746234150E-07    0.0000000000E+00    0.0000000000E+00    0.0000000000E+00    0.6654032380E-12
    0.3250654809E-10    0.8700693746E-10    0.9353882141E-09   -0.5162289271E-08    0.0000000000E+00    0.0000000000E+00    0.0000000000E+00   -0.1696342777E-12
   -0.8564599780E-11   -0.2286966662E-10   -0.2456535676E-09    0.1354131830E-08    0.0000000000E+00    0.0000000000E+00    0.0000000000E+00    0.3862626785E-13
    0.1866599029E-11    0.4975873075E-11    0.5341443974E-10   -0.2941924629E-09    0.0000000000E+00    0.0000000000E+00    0.0000000000E+00   -0.7349885481E-14
   -0.2967404218E-12   -0.7900809713E-12   -0.8477376349E-11    0.4666319865E-10    0.0000000000E+00    0.0000000000E+00    0.0000000000E+00    0.1032465729E-14
    0.2548612000E-13    0.6779941187E-13    0.7272284674E-12   -0.4001281019E-11    0.0000000000E+00    0.0000000000E+00    0.0000000000E+00   -0.7942852876E-16
 l,ispin:           2           2
 psi n=1,noccmax(l):
    0.8710914526E-02   -0.4958222043E-02    0.5704735493E-02   -0.2305472483E-01    0.0000000000E+00    0.0000000000E+00    0.0000000000E+00   -0.1057370661E+01
   -0.2826662110E-01    0.1686064768E-01   -0.1998893371E-01    0.8017231261E-01    0.0000000000E+00    0.0000000000E+00    0.0000000000E+00    0.1367273462E+01
    0.2823757412E-01   -0.2139864301E-01    0.4718039352E-01   -0.1411530152E+00    0.0000000000E+00    0.0000000000E+00    0.0000000000E+00    0.8262709302E+00
    0.3455433894E-01   -0.2912848689E-02   -0.9570019123E-01    0.1620964372E+00    0.0000000000E+00    0.0000000000E+00    0.0000000000E+00   -0.2910205185E+01
   -0.1728879440E+00    0.6240495075E-01    0.1654576367E+00   -0.1260501562E+00    0.0000000000E+00    0.0000000000E+00    0.0000000000E+00    0.1578533250E+01
    0.4427739896E+00   -0.1813156282E+00   -0.2800674937E+00    0.1076832891E-01    0.0000000000E+00    0.0000000000E+00    0.0000000000E+00    0.2798111509E+01
   -0.6914263151E+00    0.3013932019E+00    0.3919772450E+00    0.1286252224E+00    0.0000000000E+00    0.0000000000E+00    0.0000000000E+00   -0.5825658672E+01
    0.1401724236E-01   -0.2112596706E-01   -0.1208473883E+00    0.1082491311E+00    0.0000000000E+00    0.0000000000E+00    0.0000000000E+00   -0.3795378929E+01
    0.7156802025E+00   -0.3141092286E+00   -0.2185006857E+00   -0.4239847058E+00    0.0000000000E+00    0.0000000000E+00    0.0000000000E+00   -0.1343769277E+01
   -0.6100038358E-01    0.3991431886E-01   -0.2400310258E-01    0.1469547322E+00    0.0000000000E+00    0.0000000000E+00    0.0000000000E+00   -0.1046143057E+01
    0.9984144708E-01   -0.4716534089E-01    0.1016066594E-01   -0.1255395675E+00    0.0000000000E+00    0.0000000000E+00    0.0000000000E+00   -0.3361364278E+00
   -0.1136064777E+00    0.6282163557E-01    0.1864976754E-01    0.1315015752E+00    0.0000000000E+00    0.0000000000E+00    0.0000000000E+00   -0.2022783393E+00
   -0.9216601671E-01    0.2759685756E-01    0.5989420844E-01   -0.2805048714E-01    0.0000000000E+00    0.0000000000E+00    0.0000000000E+00   -0.5315730765E-01
   -0.8833829280E-01    0.5577028261E-01    0.2805014769E-01    0.1005994971E+00    0.0000000000E+00    0.0000000000E+00    0.0000000000E+00   -0.2950088284E-01
   -0.3399897658E-01   -0.6847199705E-02    0.9559267210E-02   -0.5062963904E-01    0.0000000000E+00    0.0000000000E+00    0.0000000000E+00   -0.5371223890E-02
   -0.2654686337E-01    0.3450816782E-01    0.2599750607E-01    0.8087625603E-01    0.0000000000E+00    0.0000000000E+00    0.0000000000E+00   -0.4106947518E-02
   -0.1672590716E-01   -0.5207510743E-02   -0.2076667693E-02   -0.5021817869E-01    0.0000000000E+00    0.0000000000E+00    0.0000000000E+00   -0.3706095940E-03
   -0.4604961245E-02    0.4252691638E-02    0.1582011787E-02    0.4291321535E-01    0.0000000000E+00    0.0000000000E+00    0.0000000000E+00   -0.4350529065E-03
   -0.3494672967E-02    0.2336599009E-02    0.6237947022E-02   -0.2658793048E-01    0.0000000000E+00    0.0000000000E+00    0.0000000000E+00    0.1702675637E-04
   -0.7252741132E-03   -0.1348769933E-02   -0.8343232420E-02    0.1310134603E-01    0.0000000000E+00    0.0000000000E+00    0.0000000000E+00   -0.4440251608E-04
   -0.3830188540E-03   -0.1336231972E-02    0.2747615881E-02   -0.1572687746E-01    0.0000000000E+00    0.0000000000E+00    0.0000000000E+00    0.1138364743E-04
    0.2586773591E-04   -0.1640820487E-02   -0.9503558608E-02   -0.1142038479E-01    0.0000000000E+00    0.0000000000E+00    0.0000000000E+00   -0.5105591562E-05
   -0.2607632671E-04   -0.9069192893E-03    0.4025240014E-02    0.2537665112E-01    0.0000000000E+00    0.0000000000E+00    0.0000000000E+00    0.1898593332E-05
    0.1124576661E-04    0.8820610870E-04    0.1090685351E-02   -0.1219189999E-01    0.0000000000E+00    0.0000000000E+00    0.0000000000E+00   -0.6951668665E-06
   -0.4760807610E-05   -0.2605621425E-04   -0.2916088506E-03    0.2499229109E-02    0.0000000000E+00    0.0000000000E+00    0.0000000000E+00    0.2471243959E-06
    0.1963489192E-05    0.8951301828E-05    0.9449965335E-04   -0.7264173282E-03    0.0000000000E+00    0.0000000000E+00    0.0000000000E+00   -0.8548042386E-07
   -0.7911523072E-06   -0.3227525175E-05   -0.3287422183E-04    0.2380806363E-03    0.0000000000E+00    0.0000000000E+00    0.0000000000E+00    0.2886352440E-07
    0.3124121780E-06    0.1184491884E-05    0.1178569131E-04   -0.8223107627E-04    0.0000000000E+00    0.0000000000E+00    0.0000000000E+00   -0.9547303757E-08
   -0.1212253884E-06   -0.4370744868E-06   -0.4279588798E-05    0.2912566807E-04    0.0000000000E+00    0.0000000000E+00    0.0000000000E+00    0.3103104720E-08
    0.4630359279E-07    0.1611572527E-06    0.1560084597E-05   -0.1043668755E-04    0.0000000000E+00    0.0000000000E+00    0.0000000000E+00   -0.9931972197E-09
   -0.1741700929E-07   -0.5911946805E-07   -0.5676123917E-06    0.3751702205E-05    0.0000000000E+00    0.0000000000E+00    0.0000000000E+00    0.3133137424E-09
    0.6443320278E-08    0.2148323913E-07    0.2050265676E-06   -0.1343616390E-05    0.0000000000E+00    0.0000000000E+00    0.0000000000E+00   -0.9734201641E-10
   -0.2336166820E-08   -0.7690103506E-08   -0.7306824742E-07    0.4759397972E-06    0.0000000000E+00    0.0000000000E+00    0.0000000000E+00    0.2970041054E-10
    0.8248040919E-09    0.2690242818E-08    0.2547907343E-07   -0.1652426298E-06    0.0000000000E+00    0.0000000000E+00    0.0000000000E+00   -0.8849390872E-11
   -0.2805679616E-09   -0.9091147202E-09   -0.8589760189E-08    0.5553583567E-07    0.0000000000E+00    0.0000000000E+00    0.0000000000E+00    0.2550235567E-11
    0.9042736533E-10    0.2916282119E-09    0.2750666331E-08   -0.1774468895E-07    0.0000000000E+00    0.0000000000E+00    0.0000000000E+00   -0.6999035939E-12
   -0.2690303900E-10   -0.8646910053E-10   -0.8145512069E-09    0.5246404431E-08    0.0000000000E+00    0.0000000000E+00    0.0000000000E+00    0.1784842047E-12
    0.7089284610E-11    0.2273050064E-10    0.2139265954E-09   -0.1376313730E-08    0.0000000000E+00    0.0000000000E+00    0.0000000000E+00   -0.4065075708E-13
   -0.1545236183E-11   -0.4945927619E-11   -0.4651696443E-10    0.2990293001E-09    0.0000000000E+00    0.0000000000E+00    0.0000000000E+00    0.7736433009E-14
    0.2456725155E-12    0.7853630448E-12    0.7382816466E-11   -0.4743234084E-10    0.0000000000E+00    0.0000000000E+00    0.0000000000E+00   -0.1086903184E-14
   -0.2110134774E-13   -0.6739675731E-13   -0.6333403791E-12    0.4067349749E-11    0.0000000000E+00    0.0000000000E+00    0.0000000000E+00    0.8362424975E-16
 l,ispin:           3           1
 psi n=1,noccmax(l):
    0.1019501904E+01   -0.1161517595E+00   -0.1567308569E+00    0.5734587340E-01    0.0000000000E+00    0.0000000000E+00    0.0000000000E+00
   -0.1312576017E+01    0.1598194588E+00    0.2406129320E+00    0.5193516051E-01    0.0000000000E+00    0.0000000000E+00    0.0000000000E+00
   -0.8143668609E+00    0.5805097524E-01   -0.6094646250E-02   -0.4712803341E+00    0.0000000000E+00    0.0000000000E+00    0.0000000000E+00
    0.2829855345E+01   -0.2708485809E+00   -0.2392753038E+00    0.7959117482E+00    0.0000000000E+00    0.0000000000E+00    0.0000000000E+00
   -0.1539451862E+01    0.1368068005E+00    0.8584703573E-01   -0.5898882931E+00    0.0000000000E+00    0.0000000000E+00    0.0000000000E+00
   -0.2693693663E+01    0.3042885755E+00    0.4244551227E+00   -0.5442467029E-01    0.0000000000E+00    0.0000000000E+00    0.0000000000E+00
    0.5639494124E+01   -0.6064807662E+00   -0.7673238919E+00    0.5234589317E+00    0.0000000000E+00    0.0000000000E+00    0.0000000000E+00
    0.3626306308E+01   -0.3678653275E+00   -0.3987655782E+00    0.6712343638E+00    0.0000000000E+00    0.0000000000E+00    0.0000000000E+00
    0.1288771506E+01   -0.1610230000E+00   -0.2244049425E+00    0.8739082739E-01    0.0000000000E+00    0.0000000000E+00    0.0000000000E+00
    0.1021918568E+01   -0.1038508352E+00   -0.1050719796E+00    0.2324449459E+00    0.0000000000E+00    0.0000000000E+00    0.0000000000E+00
    0.3329571521E+00   -0.4161079398E-01   -0.6387537704E-01   -0.8316413070E-02    0.0000000000E+00    0.0000000000E+00    0.0000000000E+00
    0.2021320665E+00   -0.1844278210E-01   -0.1214780988E-01    0.6726223100E-01    0.0000000000E+00    0.0000000000E+00    0.0000000000E+00
    0.5459541138E-01   -0.6622880911E-02   -0.1453636426E-01   -0.2062871238E-01    0.0000000000E+00    0.0000000000E+00    0.0000000000E+00
    0.3036200977E-01   -0.2085660728E-02    0.2901328135E-02    0.2059781235E-01    0.0000000000E+00    0.0000000000E+00    0.0000000000E+00
    0.5818006920E-02    0.8859855243E-03   -0.2192829207E-02   -0.1396630570E-01    0.0000000000E+00    0.0000000000E+00    0.0000000000E+00
    0.4385526551E-02   -0.1959048640E-02   -0.1719117085E-03    0.1119595903E-01    0.0000000000E+00    0.0000000000E+00    0.0000000000E+00
    0.5088531365E-03    0.1783023021E-02    0.1475070662E-02   -0.1012375635E-01    0.0000000000E+00    0.0000000000E+00    0.0000000000E+00
    0.4760861587E-03   -0.1676871251E-03    0.2095791147E-03    0.5867699919E-02    0.0000000000E+00    0.0000000000E+00    0.0000000000E+00
    0.5856312858E-05    0.1476245543E-03    0.1237192232E-03   -0.4966355116E-02    0.0000000000E+00    0.0000000000E+00    0.0000000000E+00
    0.4894052318E-04    0.2879231157E-03    0.8235091149E-03    0.2082421203E-02    0.0000000000E+00    0.0000000000E+00    0.0000000000E+00
   -0.9760261560E-05    0.1818927532E-03    0.2459572299E-05   -0.2437173520E-02    0.0000000000E+00    0.0000000000E+00    0.0000000000E+00
    0.5039025529E-05    0.1632843476E-03    0.6275601943E-03    0.6017340435E-03    0.0000000000E+00    0.0000000000E+00    0.0000000000E+00
   -0.1834270203E-05    0.7795849263E-04   -0.3457267776E-03    0.9763605381E-03    0.0000000000E+00    0.0000000000E+00    0.0000000000E+00
    0.6711180853E-06   -0.6676254955E-05   -0.3818867486E-04   -0.5750064887E-03    0.0000000000E+00    0.0000000000E+00    0.0000000000E+00
   -0.2382425626E-06    0.1714924610E-05    0.8687106744E-05    0.1119570596E-03    0.0000000000E+00    0.0000000000E+00    0.0000000000E+00
    0.8226271598E-07   -0.5060189382E-06   -0.2348398881E-05   -0.2872741022E-04    0.0000000000E+00    0.0000000000E+00    0.0000000000E+00
   -0.2772298745E-07    0.1552369078E-06    0.6790842309E-06    0.8092895962E-05    0.0000000000E+00    0.0000000000E+00    0.0000000000E+00
    0.9152260711E-08   -0.4816528189E-07   -0.2024251774E-06   -0.2373594932E-05    0.0000000000E+00    0.0000000000E+00    0.0000000000E+00
   -0.2969359708E-08    0.1496758526E-07    0.6120227422E-07    0.7096721057E-06    0.0000000000E+00    0.0000000000E+00    0.0000000000E+00
    0.9488896873E-09   -0.4638456294E-08   -0.1861045221E-07   -0.2140648519E-06    0.0000000000E+00    0.0000000000E+00    0.0000000000E+00
   -0.2989377834E-09    0.1429316762E-08    0.5659634121E-08    0.6471495766E-07    0.0000000000E+00    0.0000000000E+00    0.0000000000E+00
    0.9277437221E-10   -0.4365283052E-09   -0.1712681800E-08   -0.1949817678E-07    0.0000000000E+00    0.0000000000E+00    0.0000000000E+00
   -0.2828209243E-10    0.1315353190E-09    0.5127551303E-09    0.5818693763E-08    0.0000000000E+00    0.0000000000E+00    0.0000000000E+00
    0.8421033062E-11   -0.3883553980E-10   -0.1507079491E-09   -0.1706157480E-08    0.0000000000E+00    0.0000000000E+00    0.0000000000E+00
   -0.2425507107E-11    0.1111753790E-10    0.4300699005E-10    0.4860307199E-09    0.0000000000E+00    0.0000000000E+00    0.0000000000E+00
    0.6654032380E-12   -0.3036457330E-11   -0.1172008281E-10   -0.1322818285E-09    0.0000000000E+00    0.0000000000E+00    0.0000000000E+00
   -0.1696342777E-12    0.7716238815E-12    0.2973647296E-11    0.3353155774E-10    0.0000000000E+00    0.0000000000E+00    0.0000000000E+00
    0.3862626785E-13   -0.1752959155E-12   -0.6748038622E-12   -0.7604083483E-11    0.0000000000E+00    0.0000000000E+00    0.0000000000E+00
   -0.7349885481E-14    0.3330022678E-13    0.1280904079E-12    0.1442685995E-11    0.0000000000E+00    0.0000000000E+00    0.0000000000E+00
    0.1032465729E-14   -0.4672214627E-14   -0.1796203140E-13   -0.2022346845E-12    0.0000000000E+00    0.0000000000E+00    0.0000000000E+00
   -0.7942852876E-16    0.3591292277E-15    0.1380119530E-14    0.1553477429E-13    0.0000000000E+00    0.0000000000E+00    0.0000000000E+00
 l,ispin:           3           2
 psi n=1,noccmax(l):
   -0.1057370661E+01   -0.1073834209E+00   -0.1495116239E+00   -0.5209902097E-01    0.0000000000E+00    0.0000000000E+00    0.0000000000E+00
    0.1367273462E+01    0.1491833857E+00    0.2315829705E+00   -0.5753472690E-01    0.0000000000E+00    0.0000000000E+00    0.0000000000E+00
    0.8262709302E+00    0.4900583857E-01   -0.1255050342E-01    0.4634112436E+00    0.0000000000E+00    0.0000000000E+00    0.0000000000E+00
   -0.2910205185E+01   -0.2437228785E+00   -0.2185334648E+00   -0.7762182820E+00    0.0000000000E+00    0.0000000000E+00    0.0000000000E+00
    0.1578533250E+01    0.1215766164E+00    0.7465379359E-01    0.5782445167E+00    0.0000000000E+00    0.0000000000E+00    0.0000000000E+00
    0.2798111509E+01    0.2812037824E+00    0.4050443116E+00    0.4064395740E-01    0.0000000000E+00    0.0000000000E+00    0.0000000000E+00
   -0.5825658672E+01   -0.5548054164E+00   -0.7243019592E+00   -0.4891573854E+00    0.0000000000E+00    0.0000000000E+00    0.0000000000E+00
   -0.3795378929E+01   -0.3394500481E+00   -0.3785203329E+00   -0.6553805684E+00    0.0000000000E+00    0.0000000000E+00    0.0000000000E+00
   -0.1343769277E+01   -0.1511997428E+00   -0.2169260240E+00   -0.8282112438E-01    0.0000000000E+00    0.0000000000E+00    0.0000000000E+00
   -0.1046143057E+01   -0.9365823919E-01   -0.9684756499E-01   -0.2248863950E+00    0.0000000000E+00    0.0000000000E+00    0.0000000000E+00
   -0.3361364278E+00   -0.3797477961E-01   -0.6046528189E-01    0.1097201644E-01    0.0000000000E+00    0.0000000000E+00    0.0000000000E+00
   -0.2022783393E+00   -0.1589622751E-01   -0.9936765264E-02   -0.6491988302E-01    0.0000000000E+00    0.0000000000E+00    0.0000000000E+00
   -0.5315730765E-01   -0.5820151093E-02   -0.1364930315E-01    0.2130676850E-01    0.0000000000E+00    0.0000000000E+00    0.0000000000E+00
   -0.2950088284E-01   -0.1559484792E-02    0.3389081818E-02   -0.1995433337E-01    0.0000000000E+00    0.0000000000E+00    0.0000000000E+00
   -0.5371223890E-02    0.1001322593E-02   -0.2043459669E-02    0.1400205333E-01    0.0000000000E+00    0.0000000000E+00    0.0000000000E+00
   -0.4106947518E-02   -0.1855072097E-02   -0.6183560124E-04   -0.1097289948E-01    0.0000000000E+00    0.0000000000E+00    0.0000000000E+00
   -0.3706095940E-03    0.1819374525E-02    0.1529560504E-02    0.1011062694E-01    0.0000000000E+00    0.0000000000E+00    0.0000000000E+00
   -0.4350529065E-03   -0.1539946524E-03    0.2134907936E-03   -0.5816873957E-02    0.0000000000E+00    0.0000000000E+00    0.0000000000E+00
    0.1702675637E-04    0.1574405892E-03    0.1520488440E-03    0.4974775470E-02    0.0000000000E+00    0.0000000000E+00    0.0000000000E+00
   -0.4440251608E-04    0.2908954703E-03    0.8156494032E-03   -0.2082590062E-02    0.0000000000E+00    0.0000000000E+00    0.0000000000E+00
    0.1138364743E-04    0.1830607999E-03    0.1031073140E-04    0.2437693602E-02    0.0000000000E+00    0.0000000000E+00    0.0000000000E+00
   -0.5105591562E-05    0.1628784288E-03    0.6159339983E-03   -0.6372350550E-03    0.0000000000E+00    0.0000000000E+00    0.0000000000E+00
    0.1898593332E-05    0.7701502281E-04   -0.3449270664E-03   -0.9498641285E-03    0.0000000000E+00    0.0000000000E+00    0.0000000000E+00
   -0.6951668665E-06   -0.6618891825E-05   -0.3696477225E-04    0.5678235605E-03    0.0000000000E+00    0.0000000000E+00    0.0000000000E+00
    0.2471243959E-06    0.1700525419E-05    0.8409929633E-05   -0.1108486213E-03    0.0000000000E+00    0.0000000000E+00    0.0000000000E+00
   -0.8548042386E-07   -0.5018167513E-06   -0.2272842307E-05    0.2847369721E-04    0.0000000000E+00    0.0000000000E+00    0.0000000000E+00
    0.2886352440E-07    0.1539577423E-06    0.6570827387E-06   -0.8026055850E-05    0.0000000000E+00    0.0000000000E+00    0.0000000000E+00
   -0.9547303757E-08   -0.4777076952E-07   -0.1958363575E-06    0.2354814897E-05    0.0000000000E+00    0.0000000000E+00    0.0000000000E+00
    0.3103104720E-08    0.1484556217E-07    0.5920442413E-07   -0.7042164053E-06    0.0000000000E+00    0.0000000000E+00    0.0000000000E+00
   -0.9931972197E-09   -0.4600778759E-08   -0.1800188987E-07    0.2124513923E-06    0.0000000000E+00    0.0000000000E+00    0.0000000000E+00
    0.3133137424E-09    0.1417739054E-08    0.5474375856E-08   -0.6423383841E-07    0.0000000000E+00    0.0000000000E+00    0.0000000000E+00
   -0.9734201641E-10   -0.4329998640E-09   -0.1656587706E-08    0.1935460511E-07    0.0000000000E+00    0.0000000000E+00    0.0000000000E+00
    0.2970041054E-10    0.1304738262E-09    0.4959559484E-09   -0.5776136793E-08    0.0000000000E+00    0.0000000000E+00    0.0000000000E+00
   -0.8849390872E-11   -0.3852251129E-10   -0.1457695599E-09    0.1693737973E-08    0.0000000000E+00    0.0000000000E+00    0.0000000000E+00
    0.2550235567E-11    0.1102800618E-10    0.4159763277E-10   -0.4825045820E-09    0.0000000000E+00    0.0000000000E+00    0.0000000000E+00
   -0.6999035939E-12   -0.3012020201E-11   -0.1133600027E-10    0.1313243807E-09    0.0000000000E+00    0.0000000000E+00    0.0000000000E+00
    0.1784842047E-12    0.7654169217E-12    0.2876196771E-11   -0.3328925974E-10    0.0000000000E+00    0.0000000000E+00    0.0000000000E+00
   -0.4065075708E-13   -0.1738863298E-12   -0.6526898308E-12    0.7549200632E-11    0.0000000000E+00    0.0000000000E+00    0.0000000000E+00
    0.7736433009E-14    0.3303252276E-13    0.1238928119E-12   -0.1432281885E-11    0.0000000000E+00    0.0000000000E+00    0.0000000000E+00
   -0.1086903184E-14   -0.4634661248E-14   -0.1737341430E-13    0.2007770877E-12    0.0000000000E+00    0.0000000000E+00    0.0000000000E+00
    0.8362424975E-16    0.3562430839E-15    0.1334893539E-14   -0.1542285381E-13    0.0000000000E+00    0.0000000000E+00    0.0000000000E+00
