   40             4.00000 ng, rij 
     2.750     5.500                                       rcov,rprb 
 r                           (non)relativistic calculation
 PBE                         XC-functional
 91.000 13.000    0.4850000000    0.4977782695E+02   -0.4300539451E+01    0.0000000000E+00    0.0000000000E+00  znuc,zion,rloc,gpot()
   3                                                       lpx, (Projectors for l=0..lpx)
    0.4487442299   -0.2438629997E+01    0.1743952120E+01   -0.2134283678E+01    0.7202509623E-01   -0.1859679988E+00    0.1476075230E+00  r_l(),hsep(), so=+0.5
    0.3879662228    0.6237160064E+01   -0.1219386516E+02    0.2390196276E+02    0.5690603480E+01   -0.1346642568E+02    0.9570660267E+01  r_l(),hsep(), so=+0.5
   -0.1955365442E+01    0.3264930878E+00    0.3988179438E+00    0.4715926106E+00   -0.1115991804E+01    0.7931413033E+00         hsep(), so=-0.5
    0.7264655902    0.4178286859E+00    0.4637967791E+00   -0.5258961156E+00    0.0000000000E+00   -0.0000000000E+00    0.0000000000E+00  r_l(),hsep(), so=+0.5
    0.3080821398E+00    0.4586542205E+00   -0.5200650023E+00    0.0000000000E+00   -0.0000000000E+00    0.0000000000E+00         hsep(), so=-0.5
    0.3268406794   -0.1671349791E+02   -0.0000000000E+00    0.0000000000E+00    0.0000000000E+00   -0.0000000000E+00    0.0000000000E+00  r_l(),hsep(), so=+0.5
   -0.1682815247E+02   -0.0000000000E+00    0.0000000000E+00    0.0000000000E+00   -0.0000000000E+00    0.0000000000E+00         hsep(), so=-0.5
 ---------------------------------------------
 Additional information (last calculation):
 gaussian exponents:
 xp():   24.048694864459051        17.004995217345098        12.024347432229531        8.5024976086725523        6.0121737161147664        4.2512488043362753        3.0060868580573841        2.1256244021681390        1.5030434290286920        1.0628122010840697       0.75152171451434624       0.53140610054203496       0.37576085725717312       0.26570305027101748       0.18788042862858667       0.13285152513550882        9.3940214314293363E-002   6.6425762567754412E-002   4.6970107157146689E-002   3.3212881283877213E-002   2.3485053578573348E-002   1.6606440641938610E-002   1.1742526789286681E-002   8.3032203209693085E-003   5.8712633946433387E-003   4.1516101604846551E-003   2.9356316973216706E-003   2.0758050802423280E-003   1.4678158486608355E-003   1.0379025401211640E-003   7.3390792433041809E-004   5.1895127006058221E-004   3.6695396216520910E-004   2.5947563503029111E-004   1.8347698108260455E-004   1.2973781751514558E-004   9.1738490541302329E-005   6.4868908757572804E-005   4.5869245270651165E-005   3.2434454378786409E-005
 orbital coefficients (one orbital per column)
 l,ispin:           0           1
 psi n=1,noccmax(l):
   -0.2407605387E-03    0.6036934757E-03    0.1858486295E-02    0.1350959781E-02    0.0000000000E+00    0.0000000000E+00    0.0000000000E+00    0.4744891675E-01    0.1524723088E-01
   -0.4103610092E-01   -0.2031754349E-01   -0.1957530954E-01   -0.1555328134E-01    0.0000000000E+00    0.0000000000E+00    0.0000000000E+00   -0.1792351743E+00   -0.5712817507E-01
    0.2463419127E+00    0.1106169183E+00    0.8520709687E-01    0.6984992415E-01    0.0000000000E+00    0.0000000000E+00    0.0000000000E+00    0.2979642629E+00    0.9273531709E-01
   -0.7076138131E+00   -0.3112847636E+00   -0.2221237441E+00   -0.1844926304E+00    0.0000000000E+00    0.0000000000E+00    0.0000000000E+00   -0.2461475610E+00   -0.6993673547E-01
    0.1500717358E+01    0.6630979314E+00    0.4517577779E+00    0.3789572931E+00    0.0000000000E+00    0.0000000000E+00    0.0000000000E+00    0.2585980946E-01   -0.1351263872E-01
   -0.2954224938E+01   -0.1341832714E+01   -0.8689421409E+00   -0.7383186556E+00    0.0000000000E+00    0.0000000000E+00    0.0000000000E+00    0.2677400642E-01    0.7737945683E-01
    0.3306282542E+01    0.1606700675E+01    0.1074080168E+01    0.9150455260E+00    0.0000000000E+00    0.0000000000E+00    0.0000000000E+00    0.1377088640E+01    0.2725692840E+00
    0.1658861833E+01    0.6452306981E+00    0.8876421460E-01    0.1099333806E+00    0.0000000000E+00    0.0000000000E+00    0.0000000000E+00   -0.3898892256E+01   -0.1122641231E+01
   -0.4315551044E+01   -0.2277608430E+01   -0.9440093969E+00   -0.8756613053E+00    0.0000000000E+00    0.0000000000E+00    0.0000000000E+00    0.2945247138E+01    0.1023249671E+01
   -0.9210768404E+00    0.1267870536E+00   -0.2660417821E+00   -0.1792735546E+00    0.0000000000E+00    0.0000000000E+00    0.0000000000E+00    0.5370149507E+00    0.7538998580E-01
    0.2313355285E-01   -0.4626237287E+00    0.1459392974E+00    0.7954647045E-01    0.0000000000E+00    0.0000000000E+00    0.0000000000E+00    0.1914480504E+00    0.1409190301E+00
    0.6869628933E+00    0.7728490886E+00   -0.4296634555E-01   -0.6241961653E-02    0.0000000000E+00    0.0000000000E+00    0.0000000000E+00   -0.4022128937E+00   -0.2320130883E+00
    0.8757344233E+00    0.1939419242E+00    0.6546533786E+00    0.5889444532E+00    0.0000000000E+00    0.0000000000E+00    0.0000000000E+00   -0.3597463913E+00   -0.6448255506E-01
    0.3572402995E+00    0.7154348130E+00   -0.1533284886E+00   -0.1866863937E+00    0.0000000000E+00    0.0000000000E+00    0.0000000000E+00   -0.2668333414E+00   -0.2147233113E+00
    0.2539465367E+00   -0.4853404805E+00    0.1335788849E+00    0.1835134931E+00    0.0000000000E+00    0.0000000000E+00    0.0000000000E+00   -0.1147622593E+00    0.1072979117E+00
    0.1590717395E-02    0.8312275279E+00    0.5317568932E+00    0.5550201375E+00    0.0000000000E+00    0.0000000000E+00    0.0000000000E+00   -0.6550292441E-01   -0.2073260142E+00
    0.4392349204E-01   -0.5594362554E+00   -0.8371100114E+00   -0.1086585911E+01    0.0000000000E+00    0.0000000000E+00    0.0000000000E+00   -0.1351130392E-01    0.1057516858E+00
   -0.2595163839E-01    0.1249948702E+00    0.7142571966E+00    0.1300299644E+01    0.0000000000E+00    0.0000000000E+00    0.0000000000E+00   -0.5339024871E-02   -0.2586463486E-01
    0.1858802562E-01   -0.2181591324E+00   -0.5977731988E+00   -0.1462014595E+01    0.0000000000E+00    0.0000000000E+00    0.0000000000E+00    0.5103680135E-03    0.2325583082E-01
   -0.1278188541E-01   -0.3287744340E-01    0.1666035489E-01    0.7647955054E+00    0.0000000000E+00    0.0000000000E+00    0.0000000000E+00   -0.5295345098E-03    0.1422300265E-01
    0.8625641491E-02   -0.8179130227E-01   -0.1895155982E+00   -0.1007218852E+01    0.0000000000E+00    0.0000000000E+00    0.0000000000E+00    0.2799460714E-03    0.1602221165E-01
   -0.5716879996E-02    0.1438540275E-01    0.4748938963E-01    0.3784065528E+00    0.0000000000E+00    0.0000000000E+00    0.0000000000E+00   -0.1525811305E-03    0.5115394335E-02
    0.3723569780E-02   -0.1539630231E-01    0.1692909823E+00    0.1435910180E+01    0.0000000000E+00    0.0000000000E+00    0.0000000000E+00    0.8190019797E-04    0.1925284823E-02
   -0.2383869642E-02    0.9349190494E-02    0.4557550068E-01   -0.1295801403E+01    0.0000000000E+00    0.0000000000E+00    0.0000000000E+00   -0.4320042635E-04   -0.5503136385E-03
    0.1500027578E-02   -0.5639818931E-02   -0.2609917927E-01    0.3949647461E+00    0.0000000000E+00    0.0000000000E+00    0.0000000000E+00    0.2235763245E-04    0.2520879989E-03
   -0.9274476297E-03    0.3331550107E-02    0.1515114362E-01   -0.1710788153E+00    0.0000000000E+00    0.0000000000E+00    0.0000000000E+00   -0.1134504748E-04   -0.1191682324E-03
    0.5631874653E-03   -0.1927233564E-02   -0.8654851650E-02    0.8280301401E-01    0.0000000000E+00    0.0000000000E+00    0.0000000000E+00    0.5644110135E-05    0.5609055511E-04
   -0.3356641197E-03    0.1093002330E-02    0.4851003863E-02   -0.4186880820E-01    0.0000000000E+00    0.0000000000E+00    0.0000000000E+00   -0.2753574882E-05   -0.2609298318E-04
    0.1961749884E-03   -0.6084161273E-03   -0.2670463822E-02    0.2154383252E-01    0.0000000000E+00    0.0000000000E+00    0.0000000000E+00    0.1317717966E-05    0.1197807523E-04
   -0.1122742355E-03    0.3325709547E-03    0.1445099061E-02   -0.1113738173E-01    0.0000000000E+00    0.0000000000E+00    0.0000000000E+00   -0.6185018003E-06   -0.5423571841E-05
    0.6279302713E-04   -0.1783861534E-03   -0.7683668485E-03    0.5737824706E-02    0.0000000000E+00    0.0000000000E+00    0.0000000000E+00    0.2845080393E-06    0.2419848048E-05
   -0.3420744859E-04    0.9366224288E-04    0.4004677693E-03   -0.2925259759E-02    0.0000000000E+00    0.0000000000E+00    0.0000000000E+00   -0.1279882284E-06   -0.1061332472E-05
    0.1805844322E-04   -0.4790650481E-04   -0.2035957564E-03    0.1464250681E-02    0.0000000000E+00    0.0000000000E+00    0.0000000000E+00    0.5607917145E-07    0.4555177541E-06
   -0.9164816650E-05    0.2367754725E-04    0.1001378072E-03   -0.7123054501E-03    0.0000000000E+00    0.0000000000E+00    0.0000000000E+00   -0.2376640468E-07   -0.1898765072E-06
    0.4416983049E-05   -0.1116603528E-04   -0.4704241105E-04    0.3320203137E-03    0.0000000000E+00    0.0000000000E+00    0.0000000000E+00    0.9633463047E-08    0.7596375285E-07
   -0.1984165278E-05    0.4928772551E-05    0.2070262950E-04   -0.1453070572E-03    0.0000000000E+00    0.0000000000E+00    0.0000000000E+00   -0.3669823032E-08   -0.2864416160E-07
    0.8074782126E-06   -0.1978090455E-05   -0.8289465928E-05    0.5795202225E-04    0.0000000000E+00    0.0000000000E+00    0.0000000000E+00    0.1278672561E-08    0.9902172156E-08
   -0.2848833266E-06    0.6903115753E-06    0.2887727386E-05   -0.2013136261E-04    0.0000000000E+00    0.0000000000E+00    0.0000000000E+00   -0.3905014360E-09   -0.3005942438E-08
    0.8113549208E-07   -0.1949492254E-06   -0.8144216445E-06    0.5666216342E-05    0.0000000000E+00    0.0000000000E+00    0.0000000000E+00    0.9747579656E-10    0.7469220498E-09
   -0.1640309175E-07    0.3915870805E-07    0.1634246126E-06   -0.1135374361E-05    0.0000000000E+00    0.0000000000E+00    0.0000000000E+00   -0.1751196762E-10   -0.1337290394E-09
    0.1739682502E-08   -0.4132806106E-08   -0.1723481644E-07    0.1196148303E-06    0.0000000000E+00    0.0000000000E+00    0.0000000000E+00    0.1675104941E-11    0.1275919058E-10
 l,ispin:           1           1
 psi n=1,noccmax(l):
    0.4744891675E-01    0.1524723088E-01    0.7818704328E-02   -0.1141303199E-01    0.0000000000E+00    0.0000000000E+00    0.0000000000E+00   -0.2306614794E-01    0.1261830855E-01
   -0.1792351743E+00   -0.5712817507E-01   -0.2700435396E-01    0.4344922337E-01    0.0000000000E+00    0.0000000000E+00    0.0000000000E+00    0.7893572832E-01   -0.4343764648E-01
    0.2979642629E+00    0.9273531709E-01    0.3283512728E-01   -0.7385663301E-01    0.0000000000E+00    0.0000000000E+00    0.0000000000E+00   -0.1367924476E+00    0.7603278176E-01
   -0.2461475610E+00   -0.6993673547E-01    0.8669185073E-02    0.6573452990E-01    0.0000000000E+00    0.0000000000E+00    0.0000000000E+00    0.1579726690E+00   -0.8942272747E-01
    0.2585980946E-01   -0.1351263872E-01   -0.9422202776E-01   -0.1491365904E-01    0.0000000000E+00    0.0000000000E+00    0.0000000000E+00   -0.1159916057E+00    0.7097156150E-01
    0.2677400642E-01    0.7737945683E-01    0.1652739247E+00   -0.3155779953E-01    0.0000000000E+00    0.0000000000E+00    0.0000000000E+00   -0.6523730706E-01    0.1570231381E-01
    0.1377088640E+01    0.2725692840E+00    0.6323721976E-01   -0.1856104419E+00    0.0000000000E+00    0.0000000000E+00    0.0000000000E+00    0.2356193186E+00   -0.1075629123E+00
   -0.3898892256E+01   -0.1122641231E+01   -0.6764420400E+00    0.7601760255E+00    0.0000000000E+00    0.0000000000E+00    0.0000000000E+00    0.2913900250E+00   -0.1308981092E+00
    0.2945247138E+01    0.1023249671E+01    0.6242489094E+00   -0.7283552950E+00    0.0000000000E+00    0.0000000000E+00    0.0000000000E+00   -0.6922029182E+00    0.3396160963E+00
    0.5370149507E+00    0.7538998580E-01    0.1731103607E+00   -0.9696251990E-02    0.0000000000E+00    0.0000000000E+00    0.0000000000E+00    0.5899714657E-01   -0.4689234182E-01
    0.1914480504E+00    0.1409190301E+00   -0.1832752857E-01   -0.1230825050E+00    0.0000000000E+00    0.0000000000E+00    0.0000000000E+00   -0.9031918284E-01    0.5229294770E-01
   -0.4022128937E+00   -0.2320130883E+00   -0.5112594890E-01    0.1773397937E+00    0.0000000000E+00    0.0000000000E+00    0.0000000000E+00    0.5619277193E-01   -0.4655974129E-01
   -0.3597463913E+00   -0.6448255506E-01   -0.1707995121E+00    0.4694076187E-01    0.0000000000E+00    0.0000000000E+00    0.0000000000E+00    0.7485577910E-01   -0.1816842612E-01
   -0.2668333414E+00   -0.2147233113E+00   -0.4682642939E-01    0.1447585161E+00    0.0000000000E+00    0.0000000000E+00    0.0000000000E+00    0.7689422589E-01   -0.5667800923E-01
   -0.1147622593E+00    0.1072979117E+00   -0.7196868623E-02   -0.8987417539E-01    0.0000000000E+00    0.0000000000E+00    0.0000000000E+00    0.3209120331E-01    0.8409600887E-02
   -0.6550292441E-01   -0.2073260142E+00   -0.1275710786E+00    0.2390152165E+00    0.0000000000E+00    0.0000000000E+00    0.0000000000E+00    0.2276834423E-01   -0.3361621737E-01
   -0.1351130392E-01    0.1057516858E+00    0.1065456892E+00   -0.2491002639E+00    0.0000000000E+00    0.0000000000E+00    0.0000000000E+00    0.1825919354E-01    0.2958714164E-02
   -0.5339024871E-02   -0.2586463486E-01   -0.6589706158E-01    0.2330286729E+00    0.0000000000E+00    0.0000000000E+00    0.0000000000E+00    0.4195917734E-02   -0.3699271928E-02
    0.5103680135E-03    0.2325583082E-01    0.4890361159E-01   -0.2208029665E+00    0.0000000000E+00    0.0000000000E+00    0.0000000000E+00    0.4005839209E-02   -0.3074170186E-02
   -0.5295345098E-03    0.1422300265E-01    0.2725420042E-01    0.1019344912E+00    0.0000000000E+00    0.0000000000E+00    0.0000000000E+00    0.8101673162E-03    0.1038361658E-02
    0.2799460714E-03    0.1602221165E-01    0.1232136154E-01   -0.1409875546E+00    0.0000000000E+00    0.0000000000E+00    0.0000000000E+00    0.5118337542E-03    0.1143198279E-02
   -0.1525811305E-03    0.5115394335E-02    0.2174992087E-01    0.2514361941E-01    0.0000000000E+00    0.0000000000E+00    0.0000000000E+00   -0.2863474084E-04    0.1473902572E-02
    0.8190019797E-04    0.1925284823E-02   -0.3045306956E-01    0.1616373156E+00    0.0000000000E+00    0.0000000000E+00    0.0000000000E+00    0.3693275681E-04    0.1008024466E-02
   -0.4320042635E-04   -0.5503136385E-03   -0.4575358229E-02   -0.1158632491E+00    0.0000000000E+00    0.0000000000E+00    0.0000000000E+00   -0.1569472011E-04   -0.6661124952E-04
    0.2235763245E-04    0.2520879989E-03    0.1644487505E-02    0.2865223587E-01    0.0000000000E+00    0.0000000000E+00    0.0000000000E+00    0.6641897667E-05    0.1911226685E-04
   -0.1134504748E-04   -0.1191682324E-03   -0.7037025183E-03   -0.1017205527E-01    0.0000000000E+00    0.0000000000E+00    0.0000000000E+00   -0.2740893805E-05   -0.6406266159E-05
    0.5644110135E-05    0.5609055511E-04    0.3144560401E-03    0.4059770143E-02    0.0000000000E+00    0.0000000000E+00    0.0000000000E+00    0.1105001912E-05    0.2267294399E-05
   -0.2753574882E-05   -0.2609298318E-04   -0.1417302505E-03   -0.1700292461E-02    0.0000000000E+00    0.0000000000E+00    0.0000000000E+00   -0.4365050223E-06   -0.8209594825E-06
    0.1317717966E-05    0.1197807523E-04    0.6369517421E-04    0.7272847342E-03    0.0000000000E+00    0.0000000000E+00    0.0000000000E+00    0.1694088481E-06    0.3000621151E-06
   -0.6185018003E-06   -0.5423571841E-05   -0.2840912157E-04   -0.3135516301E-03    0.0000000000E+00    0.0000000000E+00    0.0000000000E+00   -0.6471154400E-07   -0.1099066318E-06
    0.2845080393E-06    0.2419848048E-05    0.1253643676E-04    0.1351356455E-03    0.0000000000E+00    0.0000000000E+00    0.0000000000E+00    0.2434049980E-07    0.4013401119E-07
   -0.1279882284E-06   -0.1061332472E-05   -0.5453696292E-05   -0.5782318650E-04    0.0000000000E+00    0.0000000000E+00    0.0000000000E+00   -0.9003993451E-08   -0.1453823971E-07
    0.5607917145E-07    0.4555177541E-06    0.2326503586E-05    0.2438139404E-04    0.0000000000E+00    0.0000000000E+00    0.0000000000E+00    0.3264305875E-08    0.5192840045E-08
   -0.2376640468E-07   -0.1898765072E-06   -0.9653870831E-06   -0.1003432084E-04    0.0000000000E+00    0.0000000000E+00    0.0000000000E+00   -0.1152386967E-08   -0.1813933613E-08
    0.9633463047E-08    0.7596375285E-07    0.3849214369E-06    0.3977736518E-05    0.0000000000E+00    0.0000000000E+00    0.0000000000E+00    0.3919665431E-09    0.6123631705E-09
   -0.3669823032E-08   -0.2864416160E-07   -0.1447820406E-06   -0.1490024433E-05    0.0000000000E+00    0.0000000000E+00    0.0000000000E+00   -0.1263219546E-09   -0.1962996433E-09
    0.1278672561E-08    0.9902172156E-08    0.4995793784E-07    0.5126476889E-06    0.0000000000E+00    0.0000000000E+00    0.0000000000E+00    0.3757971744E-10    0.5817623495E-10
   -0.3905014360E-09   -0.3005942438E-08   -0.1514471657E-07   -0.1550886756E-06    0.0000000000E+00    0.0000000000E+00    0.0000000000E+00   -0.9902224784E-11   -0.1528809267E-10
    0.9747579656E-10    0.7469220498E-09    0.3759406996E-08    0.3844180284E-07    0.0000000000E+00    0.0000000000E+00    0.0000000000E+00    0.2158280544E-11    0.3325799236E-11
   -0.1751196762E-10   -0.1337290394E-09   -0.6725893638E-09   -0.6870443716E-08    0.0000000000E+00    0.0000000000E+00    0.0000000000E+00   -0.3431279182E-12   -0.5280231450E-12
    0.1675104941E-11    0.1275919058E-10    0.6413777766E-10    0.6546816008E-09    0.0000000000E+00    0.0000000000E+00    0.0000000000E+00    0.2947129780E-13    0.4530815493E-13
 l,ispin:           1           2
 psi n=1,noccmax(l):
   -0.6794788931E-01    0.2008064021E-01   -0.9843814825E-02   -0.1288881393E-01    0.0000000000E+00    0.0000000000E+00    0.0000000000E+00    0.2726040312E-01    0.1325967342E-01
    0.2527252230E+00   -0.7319181105E-01    0.3318323528E-01    0.4757968523E-01    0.0000000000E+00    0.0000000000E+00    0.0000000000E+00   -0.9391016695E-01   -0.4588148665E-01
   -0.4160384696E+00    0.1134098418E+00   -0.3899378309E-01   -0.7645628939E-01    0.0000000000E+00    0.0000000000E+00    0.0000000000E+00    0.1620549663E+00    0.7975842419E-01
    0.3595222949E+00   -0.7816934519E-01   -0.9826249899E-02    0.6063843238E-01    0.0000000000E+00    0.0000000000E+00    0.0000000000E+00   -0.1832180763E+00   -0.9142875504E-01
   -0.4753196144E-01   -0.4219978581E-01    0.1142936859E+00    0.7411550873E-02    0.0000000000E+00    0.0000000000E+00    0.0000000000E+00    0.1304452837E+00    0.6921942314E-01
   -0.7907068207E+00    0.3577307380E+00   -0.3454379059E+00   -0.1979842693E+00    0.0000000000E+00    0.0000000000E+00    0.0000000000E+00    0.8508441980E-01    0.2628081476E-01
    0.1789638666E+01   -0.7855610222E+00    0.6509064807E+00    0.4673331063E+00    0.0000000000E+00    0.0000000000E+00    0.0000000000E+00   -0.3248995595E+00   -0.1428543800E+00
    0.2004219303E+00    0.1362338287E+00   -0.2324387582E+00   -0.8145812522E-01    0.0000000000E+00    0.0000000000E+00    0.0000000000E+00   -0.2405428197E+00   -0.9409894091E-01
   -0.2737056559E+01    0.9213296757E+00   -0.4797085105E+00   -0.5772878234E+00    0.0000000000E+00    0.0000000000E+00    0.0000000000E+00    0.7753976965E+00    0.3490795843E+00
   -0.3533471200E-01   -0.7520788810E-01   -0.7624250054E-01    0.7015785671E-01    0.0000000000E+00    0.0000000000E+00    0.0000000000E+00   -0.7175158241E-01   -0.4852513158E-01
    0.1926125075E+00   -0.2008725586E-01    0.1440895186E+00    0.2186167999E-02    0.0000000000E+00    0.0000000000E+00    0.0000000000E+00    0.7620598535E-01    0.4105025553E-01
    0.6325057786E+00   -0.3055527999E+00    0.7488520951E-01    0.1880883270E+00    0.0000000000E+00    0.0000000000E+00    0.0000000000E+00   -0.8099136402E-01   -0.5430138332E-01
    0.3933085874E+00   -0.1193596936E+00    0.2172705730E+00    0.9937754673E-01    0.0000000000E+00    0.0000000000E+00    0.0000000000E+00   -0.8882382041E-01   -0.2285604643E-01
    0.2426675143E+00   -0.1678006109E+00   -0.1998083737E-01    0.6543850011E-01    0.0000000000E+00    0.0000000000E+00    0.0000000000E+00   -0.8324471806E-01   -0.5611881359E-01
    0.8170298670E-01    0.8659243399E-01    0.5461277246E-01   -0.2145176478E-01    0.0000000000E+00    0.0000000000E+00    0.0000000000E+00   -0.3402908571E-01    0.8361964111E-02
    0.3887993576E-01   -0.1667631876E+00    0.5987210344E-01    0.1407199006E+00    0.0000000000E+00    0.0000000000E+00    0.0000000000E+00   -0.2469444636E-01   -0.3396901512E-01
    0.1975595475E-02    0.1205811079E+00   -0.9926784523E-01   -0.2084675035E+00    0.0000000000E+00    0.0000000000E+00    0.0000000000E+00   -0.1702095672E-01    0.4662185566E-02
    0.3231412124E-02   -0.2039734377E-01    0.5808200387E-01    0.1949642564E+00    0.0000000000E+00    0.0000000000E+00    0.0000000000E+00   -0.4273877323E-02   -0.3784221171E-02
   -0.1308032196E-02    0.3557251190E-01   -0.6515633570E-01   -0.2215858140E+00    0.0000000000E+00    0.0000000000E+00    0.0000000000E+00   -0.3521800405E-02   -0.2396997491E-02
    0.7566996940E-03    0.1170778833E-01   -0.1606363957E-01    0.1097624820E+00    0.0000000000E+00    0.0000000000E+00    0.0000000000E+00   -0.6575512026E-03    0.1255914720E-02
   -0.4188994260E-03    0.1479426810E-01   -0.1373438966E-01   -0.1404958580E+00    0.0000000000E+00    0.0000000000E+00    0.0000000000E+00   -0.3961323618E-03    0.1302107956E-02
    0.2292394267E-03    0.1759826099E-02   -0.4899875331E-02    0.8146723506E-01    0.0000000000E+00    0.0000000000E+00    0.0000000000E+00    0.3525618348E-04    0.1477707173E-02
   -0.1235541750E-03    0.1575285631E-02    0.2517533753E-01    0.9731656867E-01    0.0000000000E+00    0.0000000000E+00    0.0000000000E+00   -0.3051315197E-04    0.9167594007E-03
    0.6547737405E-04   -0.6540412905E-03    0.2149210869E-02   -0.9186708728E-01    0.0000000000E+00    0.0000000000E+00    0.0000000000E+00    0.1314349921E-04   -0.6640921754E-04
   -0.3408325471E-04    0.3211754397E-03   -0.8972610235E-03    0.2413748300E-01    0.0000000000E+00    0.0000000000E+00    0.0000000000E+00   -0.5573312756E-05    0.1934137133E-04
    0.1741591274E-04   -0.1565694893E-03    0.4153113791E-03   -0.8784632436E-02    0.0000000000E+00    0.0000000000E+00    0.0000000000E+00    0.2303179156E-05   -0.6554330932E-05
   -0.8733218537E-05    0.7498837262E-04   -0.1941525833E-03    0.3552438382E-02    0.0000000000E+00    0.0000000000E+00    0.0000000000E+00   -0.9297879073E-06    0.2338400199E-05
    0.4296932458E-05   -0.3527215832E-04    0.8995709233E-04   -0.1499590260E-02    0.0000000000E+00    0.0000000000E+00    0.0000000000E+00    0.3677619241E-06   -0.8516371871E-06
   -0.2074038749E-05    0.1631338194E-04   -0.4114661097E-04    0.6446965471E-03    0.0000000000E+00    0.0000000000E+00    0.0000000000E+00   -0.1428960324E-06    0.3125650382E-06
    0.9816091363E-06   -0.7425326993E-05    0.1856587117E-04   -0.2788917791E-03    0.0000000000E+00    0.0000000000E+00    0.0000000000E+00    0.5463960129E-07   -0.1148200826E-06
   -0.4550144759E-06    0.3325364538E-05   -0.8256602342E-05    0.1204787542E-03    0.0000000000E+00    0.0000000000E+00    0.0000000000E+00   -0.2056965624E-07    0.4201357596E-07
    0.2060972902E-06   -0.1462413921E-05    0.3610813402E-05   -0.5163564662E-04    0.0000000000E+00    0.0000000000E+00    0.0000000000E+00    0.7614423745E-08   -0.1524060143E-07
   -0.9083867859E-07    0.6288827718E-06   -0.1545906758E-05    0.2179734909E-04    0.0000000000E+00    0.0000000000E+00    0.0000000000E+00   -0.2762080951E-08    0.5449032758E-08
    0.3868934394E-07   -0.2625120755E-06    0.6430711243E-06   -0.8978115154E-05    0.0000000000E+00    0.0000000000E+00    0.0000000000E+00    0.9755187801E-09   -0.1904708894E-08
   -0.1574652622E-07    0.1051308422E-06   -0.2568472161E-06    0.3561091318E-05    0.0000000000E+00    0.0000000000E+00    0.0000000000E+00   -0.3319212497E-09    0.6433066319E-09
    0.6018360771E-08   -0.3967194009E-07    0.9672396982E-07   -0.1334498953E-05    0.0000000000E+00    0.0000000000E+00    0.0000000000E+00    0.1069988211E-09   -0.2062848824E-09
   -0.2102457951E-08    0.1372184639E-07   -0.3340279613E-07    0.4592724671E-06    0.0000000000E+00    0.0000000000E+00    0.0000000000E+00   -0.3183760150E-10    0.6114896988E-10
    0.6433956833E-09   -0.4167089704E-08    0.1013185955E-07   -0.1389701900E-06    0.0000000000E+00    0.0000000000E+00    0.0000000000E+00    0.8390443600E-11   -0.1607173248E-10
   -0.1608562107E-09    0.1035739544E-08   -0.2516061689E-08    0.3445161167E-07    0.0000000000E+00    0.0000000000E+00    0.0000000000E+00   -0.1828979739E-11    0.3496638898E-11
    0.2893340927E-10   -0.1854769386E-09    0.4502702220E-09   -0.6157952540E-08    0.0000000000E+00    0.0000000000E+00    0.0000000000E+00    0.2907993060E-12   -0.5551866262E-12
   -0.2770145227E-11    0.1769911006E-10   -0.4294591100E-10    0.5868326472E-09    0.0000000000E+00    0.0000000000E+00    0.0000000000E+00   -0.2497832975E-13    0.4764134458E-13
 l,ispin:           2           1
 psi n=1,noccmax(l):
   -0.2306614794E-01    0.1261830855E-01    0.4304633942E-03    0.1576546788E-01    0.0000000000E+00    0.0000000000E+00    0.0000000000E+00    0.2703898814E+00
    0.7893572832E-01   -0.4343764648E-01   -0.1142854221E-02   -0.5449118930E-01    0.0000000000E+00    0.0000000000E+00    0.0000000000E+00    0.3488746924E+00
   -0.1367924476E+00    0.7603278176E-01   -0.3331391828E-02    0.9672460002E-01    0.0000000000E+00    0.0000000000E+00    0.0000000000E+00   -0.2092264349E+01
    0.1579726690E+00   -0.8942272747E-01    0.1929412399E-01   -0.1172404342E+00    0.0000000000E+00    0.0000000000E+00    0.0000000000E+00    0.2632920572E+01
   -0.1159916057E+00    0.7097156150E-01   -0.5150785203E-01    0.1025070729E+00    0.0000000000E+00    0.0000000000E+00    0.0000000000E+00   -0.5792769486E+00
   -0.6523730706E-01    0.1570231381E-01    0.1354337976E+00   -0.1692789418E-01    0.0000000000E+00    0.0000000000E+00    0.0000000000E+00   -0.2982481679E+01
    0.2356193186E+00   -0.1075629123E+00   -0.2195220415E+00   -0.8494778602E-01    0.0000000000E+00    0.0000000000E+00    0.0000000000E+00    0.4802148643E+01
    0.2913900250E+00   -0.1308981092E+00   -0.1506622717E-01   -0.1333658786E+00    0.0000000000E+00    0.0000000000E+00    0.0000000000E+00    0.3557814314E+01
   -0.6922029182E+00    0.3396160963E+00    0.2373881624E+00    0.3502023877E+00    0.0000000000E+00    0.0000000000E+00    0.0000000000E+00    0.9614132621E+00
    0.5899714657E-01   -0.4689234182E-01    0.2250393744E-01   -0.6887328484E-01    0.0000000000E+00    0.0000000000E+00    0.0000000000E+00    0.9778708279E+00
   -0.9031918284E-01    0.5229294770E-01   -0.8892649956E-02    0.6214363987E-01    0.0000000000E+00    0.0000000000E+00    0.0000000000E+00    0.2876985168E+00
    0.5619277193E-01   -0.4655974129E-01   -0.1636655468E-02   -0.6293072767E-01    0.0000000000E+00    0.0000000000E+00    0.0000000000E+00    0.2030315083E+00
    0.7485577910E-01   -0.1816842612E-01   -0.5214324203E-01   -0.5803928141E-02    0.0000000000E+00    0.0000000000E+00    0.0000000000E+00    0.5062691382E-01
    0.7689422589E-01   -0.5667800923E-01   -0.2820453863E-01   -0.6799403927E-01    0.0000000000E+00    0.0000000000E+00    0.0000000000E+00    0.3241216461E-01
    0.3209120331E-01    0.8409600887E-02   -0.8195524088E-02    0.2602790132E-01    0.0000000000E+00    0.0000000000E+00    0.0000000000E+00    0.5493574909E-02
    0.2276834423E-01   -0.3361621737E-01   -0.2452982589E-01   -0.5835740850E-01    0.0000000000E+00    0.0000000000E+00    0.0000000000E+00    0.4956874296E-02
    0.1825919354E-01    0.2958714164E-02   -0.1403428050E-02    0.2868044612E-01    0.0000000000E+00    0.0000000000E+00    0.0000000000E+00    0.5821201284E-03
    0.4195917734E-02   -0.3699271928E-02    0.6305892602E-03   -0.2500256001E-01    0.0000000000E+00    0.0000000000E+00    0.0000000000E+00    0.5749976281E-03
    0.4005839209E-02   -0.3074170186E-02   -0.8615392052E-02    0.1011515143E-01    0.0000000000E+00    0.0000000000E+00    0.0000000000E+00    0.2040878016E-04
    0.8101673162E-03    0.1038361658E-02    0.8848666269E-02   -0.6863521361E-03    0.0000000000E+00    0.0000000000E+00    0.0000000000E+00    0.6534233912E-04
    0.5118337542E-03    0.1143198279E-02   -0.3689622348E-02    0.3281203939E-02    0.0000000000E+00    0.0000000000E+00    0.0000000000E+00   -0.9958599124E-05
   -0.2863474084E-04    0.1473902572E-02    0.9319335481E-02    0.2102259812E-01    0.0000000000E+00    0.0000000000E+00    0.0000000000E+00    0.6425908139E-05
    0.3693275681E-04    0.1008024466E-02   -0.2888917867E-02   -0.2814658713E-01    0.0000000000E+00    0.0000000000E+00    0.0000000000E+00   -0.2237802244E-05
   -0.1569472011E-04   -0.6661124952E-04   -0.1607495414E-02    0.1160336381E-01    0.0000000000E+00    0.0000000000E+00    0.0000000000E+00    0.8218194953E-06
    0.6641897667E-05    0.1911226685E-04    0.4030308257E-03   -0.1910553648E-02    0.0000000000E+00    0.0000000000E+00    0.0000000000E+00   -0.2920735252E-06
   -0.2740893805E-05   -0.6406266159E-05   -0.1285224481E-03    0.5052939565E-03    0.0000000000E+00    0.0000000000E+00    0.0000000000E+00    0.1008810578E-06
    0.1105001912E-05    0.2267294399E-05    0.4445659101E-04   -0.1573812921E-03    0.0000000000E+00    0.0000000000E+00    0.0000000000E+00   -0.3398814468E-07
   -0.4365050223E-06   -0.8209594825E-06   -0.1589981016E-04    0.5274470906E-04    0.0000000000E+00    0.0000000000E+00    0.0000000000E+00    0.1121345839E-07
    0.1694088481E-06    0.3000621151E-06    0.5766729066E-05   -0.1833491808E-04    0.0000000000E+00    0.0000000000E+00    0.0000000000E+00   -0.3635146828E-08
   -0.6471154400E-07   -0.1099066318E-06   -0.2100835727E-05    0.6491427938E-05    0.0000000000E+00    0.0000000000E+00    0.0000000000E+00    0.1160662895E-08
    0.2434049980E-07    0.4013401119E-07    0.7640445717E-06   -0.2315161319E-05    0.0000000000E+00    0.0000000000E+00    0.0000000000E+00   -0.3653614570E-09
   -0.9003993451E-08   -0.1453823971E-07   -0.2759028874E-06    0.8248073714E-06    0.0000000000E+00    0.0000000000E+00    0.0000000000E+00    0.1133081791E-09
    0.3264305875E-08    0.5192840045E-08    0.9830774543E-07   -0.2911406739E-06    0.0000000000E+00    0.0000000000E+00    0.0000000000E+00   -0.3452098182E-10
   -0.1152386967E-08   -0.1813933613E-08   -0.3427503403E-07    0.1008422576E-06    0.0000000000E+00    0.0000000000E+00    0.0000000000E+00    0.1027358935E-10
    0.3919665431E-09    0.6123631705E-09    0.1155384112E-07   -0.3383725055E-07    0.0000000000E+00    0.0000000000E+00    0.0000000000E+00   -0.2957925822E-11
   -0.1263219546E-09   -0.1962996433E-09   -0.3699526643E-08    0.1079977823E-07    0.0000000000E+00    0.0000000000E+00    0.0000000000E+00    0.8112118504E-12
    0.3757971744E-10    0.5817623495E-10    0.1095465018E-08   -0.3190686204E-08    0.0000000000E+00    0.0000000000E+00    0.0000000000E+00   -0.2067560018E-12
   -0.9902224784E-11   -0.1528809267E-10   -0.2876892655E-09    0.8366008882E-09    0.0000000000E+00    0.0000000000E+00    0.0000000000E+00    0.4707030422E-13
    0.2158280544E-11    0.3325799236E-11    0.6255388356E-10   -0.1817034010E-09    0.0000000000E+00    0.0000000000E+00    0.0000000000E+00   -0.8955380531E-14
   -0.3431279182E-12   -0.5280231450E-12   -0.9927800718E-11    0.2881508790E-10    0.0000000000E+00    0.0000000000E+00    0.0000000000E+00    0.1257863431E-14
    0.2947129780E-13    0.4530815493E-13    0.8516463565E-12   -0.2470503735E-11    0.0000000000E+00    0.0000000000E+00    0.0000000000E+00   -0.9676101035E-16
 l,ispin:           2           2
 psi n=1,noccmax(l):
    0.2726040312E-01    0.1325967342E-01   -0.1493881272E-02   -0.1854173891E-01    0.0000000000E+00    0.0000000000E+00    0.0000000000E+00   -0.2820451125E+00
   -0.9391016695E-01   -0.4588148665E-01    0.5035016961E-02    0.6433700079E-01    0.0000000000E+00    0.0000000000E+00    0.0000000000E+00   -0.3556751794E+00
    0.1620549663E+00    0.7975842419E-01   -0.3161441577E-02   -0.1144197757E+00    0.0000000000E+00    0.0000000000E+00    0.0000000000E+00    0.2158724343E+01
   -0.1832180763E+00   -0.9142875504E-01   -0.1330919983E-01    0.1386309646E+00    0.0000000000E+00    0.0000000000E+00    0.0000000000E+00   -0.2717403292E+01
    0.1304452837E+00    0.6921942314E-01    0.4852283391E-01   -0.1230580477E+00    0.0000000000E+00    0.0000000000E+00    0.0000000000E+00    0.5870329438E+00
    0.8508441980E-01    0.2628081476E-01   -0.1408075625E+00    0.2939794359E-01    0.0000000000E+00    0.0000000000E+00    0.0000000000E+00    0.3106101543E+01
   -0.3248995595E+00   -0.1428543800E+00    0.2485394035E+00    0.9731897737E-01    0.0000000000E+00    0.0000000000E+00    0.0000000000E+00   -0.4974654639E+01
   -0.2405428197E+00   -0.9409894091E-01   -0.1574426007E-01    0.1165685990E+00    0.0000000000E+00    0.0000000000E+00    0.0000000000E+00   -0.3717478196E+01
    0.7753976965E+00    0.3490795843E+00   -0.2495306935E+00   -0.3738663069E+00    0.0000000000E+00    0.0000000000E+00    0.0000000000E+00   -0.1013230681E+01
   -0.7175158241E-01   -0.4852513158E-01   -0.1851549920E-01    0.8296603476E-01    0.0000000000E+00    0.0000000000E+00    0.0000000000E+00   -0.1004115799E+01
    0.7620598535E-01    0.4105025553E-01    0.1754659920E-01   -0.6155824079E-01    0.0000000000E+00    0.0000000000E+00    0.0000000000E+00   -0.2920573320E+00
   -0.8099136402E-01   -0.5430138332E-01    0.1024352025E-01    0.7801132938E-01    0.0000000000E+00    0.0000000000E+00    0.0000000000E+00   -0.2041223431E+00
   -0.8882382041E-01   -0.2285604643E-01    0.5584507481E-01    0.4528863140E-02    0.0000000000E+00    0.0000000000E+00    0.0000000000E+00   -0.4958840364E-01
   -0.8324471806E-01   -0.5611881359E-01    0.2803106943E-01    0.7135652297E-01    0.0000000000E+00    0.0000000000E+00    0.0000000000E+00   -0.3170683225E-01
   -0.3402908571E-01    0.8361964111E-02    0.8260482481E-02   -0.2851575568E-01    0.0000000000E+00    0.0000000000E+00    0.0000000000E+00   -0.5104188835E-02
   -0.2469444636E-01   -0.3396901512E-01    0.2496786103E-01    0.6065759844E-01    0.0000000000E+00    0.0000000000E+00    0.0000000000E+00   -0.4706526698E-02
   -0.1702095672E-01    0.4662185566E-02   -0.8486286450E-03   -0.3292029552E-01    0.0000000000E+00    0.0000000000E+00    0.0000000000E+00   -0.4294324432E-03
   -0.4273877323E-02   -0.3784221171E-02    0.3229320496E-03    0.2789397132E-01    0.0000000000E+00    0.0000000000E+00    0.0000000000E+00   -0.5343407135E-03
   -0.3521800405E-02   -0.2396997491E-02    0.6924552103E-02   -0.1406440421E-01    0.0000000000E+00    0.0000000000E+00    0.0000000000E+00    0.8119966970E-05
   -0.6575512026E-03    0.1255914720E-02   -0.8447654671E-02    0.3015097995E-02    0.0000000000E+00    0.0000000000E+00    0.0000000000E+00   -0.5896191617E-04
   -0.3961323618E-03    0.1302107956E-02    0.2971540501E-02   -0.6154968740E-02    0.0000000000E+00    0.0000000000E+00    0.0000000000E+00    0.1262614429E-04
    0.3525618348E-04    0.1477707173E-02   -0.8727481306E-02   -0.1729852674E-01    0.0000000000E+00    0.0000000000E+00    0.0000000000E+00   -0.6404452595E-05
   -0.3051315197E-04    0.9167594007E-03    0.3068522650E-02    0.2623164577E-01    0.0000000000E+00    0.0000000000E+00    0.0000000000E+00    0.2332994540E-05
    0.1314349921E-04   -0.6640921754E-04    0.1424442525E-02   -0.1128487905E-01    0.0000000000E+00    0.0000000000E+00    0.0000000000E+00   -0.8561009532E-06
   -0.5573312756E-05    0.1934137133E-04   -0.3588445385E-03    0.1938146484E-02    0.0000000000E+00    0.0000000000E+00    0.0000000000E+00    0.3046088339E-06
    0.2303179156E-05   -0.6554330932E-05    0.1146745597E-03   -0.5244485142E-03    0.0000000000E+00    0.0000000000E+00    0.0000000000E+00   -0.1053785223E-06
   -0.9297879073E-06    0.2338400199E-05   -0.3972055410E-04    0.1656103904E-03    0.0000000000E+00    0.0000000000E+00    0.0000000000E+00    0.3556691388E-07
    0.3677619241E-06   -0.8516371871E-06    0.1421971779E-04   -0.5598648687E-04    0.0000000000E+00    0.0000000000E+00    0.0000000000E+00   -0.1175536813E-07
   -0.1428960324E-06    0.3125650382E-06   -0.5161006871E-05    0.1957168763E-04    0.0000000000E+00    0.0000000000E+00    0.0000000000E+00    0.3817160862E-08
    0.5463960129E-07   -0.1148200826E-06    0.1881137992E-05   -0.6955100671E-05    0.0000000000E+00    0.0000000000E+00    0.0000000000E+00   -0.1220557616E-08
   -0.2056965624E-07    0.4201357596E-07   -0.6844008526E-06    0.2486692452E-05    0.0000000000E+00    0.0000000000E+00    0.0000000000E+00    0.3846882257E-09
    0.7614423745E-08   -0.1524060143E-07    0.2472105150E-06   -0.8873980508E-06    0.0000000000E+00    0.0000000000E+00    0.0000000000E+00   -0.1194218406E-09
   -0.2762080951E-08    0.5449032758E-08   -0.8810177834E-07    0.3135878815E-06    0.0000000000E+00    0.0000000000E+00    0.0000000000E+00    0.3641278509E-10
    0.9755187801E-09   -0.1904708894E-08    0.3072113508E-07   -0.1087005801E-06    0.0000000000E+00    0.0000000000E+00    0.0000000000E+00   -0.1084340999E-10
   -0.3319212497E-09    0.6433066319E-09   -0.1035692519E-07    0.3649311355E-07    0.0000000000E+00    0.0000000000E+00    0.0000000000E+00    0.3123501722E-11
    0.1069988211E-09   -0.2062848824E-09    0.3316523731E-08   -0.1165158868E-07    0.0000000000E+00    0.0000000000E+00    0.0000000000E+00   -0.8569385385E-12
   -0.3183760150E-10    0.6114896988E-10   -0.9821071134E-09    0.3443181077E-08    0.0000000000E+00    0.0000000000E+00    0.0000000000E+00    0.2184716935E-12
    0.8390443600E-11   -0.1607173248E-10    0.2579293798E-09   -0.9029551758E-09    0.0000000000E+00    0.0000000000E+00    0.0000000000E+00   -0.4974796180E-13
   -0.1828979739E-11    0.3496638898E-11   -0.5608458385E-10    0.1961373425E-09    0.0000000000E+00    0.0000000000E+00    0.0000000000E+00    0.9466300188E-14
    0.2907993060E-12   -0.5551866262E-12    0.8901248514E-11   -0.3110649082E-10    0.0000000000E+00    0.0000000000E+00    0.0000000000E+00   -0.1329780608E-14
   -0.2497832975E-13    0.4764134458E-13   -0.7635955015E-12    0.2667103256E-11    0.0000000000E+00    0.0000000000E+00    0.0000000000E+00    0.1023019444E-15
 l,ispin:           3           1
 psi n=1,noccmax(l):
    0.2703898814E+00    0.4100740332E-01    0.7038186871E-01   -0.1270665873E-01    0.0000000000E+00    0.0000000000E+00    0.0000000000E+00
    0.3488746924E+00    0.2837638388E-01   -0.3301856459E-01    0.2076002938E+00    0.0000000000E+00    0.0000000000E+00    0.0000000000E+00
   -0.2092264349E+01   -0.2450623846E+00   -0.1802186777E+00   -0.5602981130E+00    0.0000000000E+00    0.0000000000E+00    0.0000000000E+00
    0.2632920572E+01    0.3118851445E+00    0.2449554514E+00    0.6709517038E+00    0.0000000000E+00    0.0000000000E+00    0.0000000000E+00
   -0.5792769486E+00   -0.4935460871E-01    0.4559782368E-01   -0.3293143167E+00    0.0000000000E+00    0.0000000000E+00    0.0000000000E+00
   -0.2982481679E+01   -0.4009709717E+00   -0.5380503723E+00   -0.2634099712E+00    0.0000000000E+00    0.0000000000E+00    0.0000000000E+00
    0.4802148643E+01    0.6257954770E+00    0.7721726705E+00    0.5850839655E+00    0.0000000000E+00    0.0000000000E+00    0.0000000000E+00
    0.3557814314E+01    0.4399911838E+00    0.4480175573E+00    0.6583729615E+00    0.0000000000E+00    0.0000000000E+00    0.0000000000E+00
    0.9614132621E+00    0.1446789939E+00    0.2049128266E+00    0.9967330332E-01    0.0000000000E+00    0.0000000000E+00    0.0000000000E+00
    0.9778708279E+00    0.1229234174E+00    0.1159273921E+00    0.2146375798E+00    0.0000000000E+00    0.0000000000E+00    0.0000000000E+00
    0.2876985168E+00    0.4192968931E-01    0.6555452542E-01    0.1057566259E-01    0.0000000000E+00    0.0000000000E+00    0.0000000000E+00
    0.2030315083E+00    0.2412832840E-01    0.1527254134E-01    0.5763180717E-01    0.0000000000E+00    0.0000000000E+00    0.0000000000E+00
    0.5062691382E-01    0.6696147146E-02    0.1577139009E-01   -0.1100427757E-01    0.0000000000E+00    0.0000000000E+00    0.0000000000E+00
    0.3241216461E-01    0.3623054759E-02   -0.2192922323E-02    0.1562123621E-01    0.0000000000E+00    0.0000000000E+00    0.0000000000E+00
    0.5493574909E-02   -0.1113106015E-02    0.2464591112E-02   -0.9881512448E-02    0.0000000000E+00    0.0000000000E+00    0.0000000000E+00
    0.4956874296E-02    0.2314318801E-02    0.2250707441E-03    0.8715920957E-02    0.0000000000E+00    0.0000000000E+00    0.0000000000E+00
    0.5821201284E-03   -0.1744244679E-02   -0.1152282126E-02   -0.7981346620E-02    0.0000000000E+00    0.0000000000E+00    0.0000000000E+00
    0.5749976281E-03    0.1987879312E-03   -0.3772917212E-03    0.4394288006E-02    0.0000000000E+00    0.0000000000E+00    0.0000000000E+00
    0.2040878016E-04   -0.1392271595E-03    0.6260106554E-04   -0.3748699049E-02    0.0000000000E+00    0.0000000000E+00    0.0000000000E+00
    0.6534233912E-04   -0.2538068403E-03   -0.8693055109E-03    0.1283381716E-02    0.0000000000E+00    0.0000000000E+00    0.0000000000E+00
   -0.9958599124E-05   -0.1782833328E-03    0.7152853693E-04   -0.1698613395E-02    0.0000000000E+00    0.0000000000E+00    0.0000000000E+00
    0.6425908139E-05   -0.1429437495E-03   -0.6125633890E-03    0.5717775732E-04    0.0000000000E+00    0.0000000000E+00    0.0000000000E+00
   -0.2237802244E-05   -0.8067619053E-04    0.2883286168E-03    0.1142586729E-02    0.0000000000E+00    0.0000000000E+00    0.0000000000E+00
    0.8218194953E-06    0.5437005941E-05    0.5813432413E-04   -0.5709779953E-03    0.0000000000E+00    0.0000000000E+00    0.0000000000E+00
   -0.2920735252E-06   -0.1428879845E-05   -0.1238725060E-04    0.9917248060E-04    0.0000000000E+00    0.0000000000E+00    0.0000000000E+00
    0.1008810578E-06    0.4261254072E-06    0.3301511590E-05   -0.2448805756E-04    0.0000000000E+00    0.0000000000E+00    0.0000000000E+00
   -0.3398814468E-07   -0.1314832226E-06   -0.9512317335E-06    0.6775874480E-05    0.0000000000E+00    0.0000000000E+00    0.0000000000E+00
    0.1121345839E-07    0.4093394768E-07    0.2833392992E-06   -0.1968138012E-05    0.0000000000E+00    0.0000000000E+00    0.0000000000E+00
   -0.3635146828E-08   -0.1274702868E-07   -0.8567197557E-07    0.5851026301E-06    0.0000000000E+00    0.0000000000E+00    0.0000000000E+00
    0.1160662895E-08    0.3955510923E-08    0.2605731946E-07   -0.1758675740E-06    0.0000000000E+00    0.0000000000E+00    0.0000000000E+00
   -0.3653614570E-09   -0.1219892751E-08   -0.7926004077E-08    0.5304685106E-07    0.0000000000E+00    0.0000000000E+00    0.0000000000E+00
    0.1133081791E-09    0.3727674915E-09    0.2398886103E-08   -0.1595880248E-07    0.0000000000E+00    0.0000000000E+00    0.0000000000E+00
   -0.3452098182E-10   -0.1123611802E-09   -0.7182666106E-09    0.4757707831E-08    0.0000000000E+00    0.0000000000E+00    0.0000000000E+00
    0.1027358935E-10    0.3318161487E-10    0.2111234987E-09   -0.1394112001E-08    0.0000000000E+00    0.0000000000E+00    0.0000000000E+00
   -0.2957925822E-11   -0.9500279800E-11   -0.6024934041E-10    0.3969556141E-09    0.0000000000E+00    0.0000000000E+00    0.0000000000E+00
    0.8112118504E-12    0.2594970351E-11    0.1641910331E-10   -0.1080042979E-09    0.0000000000E+00    0.0000000000E+00    0.0000000000E+00
   -0.2067560018E-12   -0.6594687307E-12   -0.4165906580E-11    0.2737158758E-10    0.0000000000E+00    0.0000000000E+00    0.0000000000E+00
    0.4707030422E-13    0.1498217094E-12    0.9453589936E-12   -0.6206229191E-11    0.0000000000E+00    0.0000000000E+00    0.0000000000E+00
   -0.8955380531E-14   -0.2846157578E-13   -0.1794460757E-12    0.1177355257E-11    0.0000000000E+00    0.0000000000E+00    0.0000000000E+00
    0.1257863431E-14    0.3993372733E-14    0.2516347889E-13   -0.1650288918E-12    0.0000000000E+00    0.0000000000E+00    0.0000000000E+00
   -0.9676101035E-16   -0.3069523654E-15   -0.1933436410E-14    0.1267615342E-13    0.0000000000E+00    0.0000000000E+00    0.0000000000E+00
 l,ispin:           3           2
 psi n=1,noccmax(l):
   -0.2820451125E+00    0.3832564960E-01    0.6814734860E-01   -0.1448442686E-01    0.0000000000E+00    0.0000000000E+00    0.0000000000E+00
   -0.3556751794E+00    0.2351013700E-01   -0.3585149610E-01    0.2055096637E+00    0.0000000000E+00    0.0000000000E+00    0.0000000000E+00
    0.2158724343E+01   -0.2202282829E+00   -0.1631366648E+00   -0.5472056054E+00    0.0000000000E+00    0.0000000000E+00    0.0000000000E+00
   -0.2717403292E+01    0.2807900991E+00    0.2233845970E+00    0.6543702493E+00    0.0000000000E+00    0.0000000000E+00    0.0000000000E+00
    0.5870329438E+00   -0.4091940017E-01    0.5083786463E-01   -0.3252478759E+00    0.0000000000E+00    0.0000000000E+00    0.0000000000E+00
    0.3106101543E+01   -0.3696932799E+00   -0.5144945355E+00   -0.2452185658E+00    0.0000000000E+00    0.0000000000E+00    0.0000000000E+00
   -0.4974654639E+01    0.5719205628E+00    0.7313217200E+00    0.5526552405E+00    0.0000000000E+00    0.0000000000E+00    0.0000000000E+00
   -0.3717478196E+01    0.4034211183E+00    0.4234549841E+00    0.6408273596E+00    0.0000000000E+00    0.0000000000E+00    0.0000000000E+00
   -0.1013230681E+01    0.1366501746E+00    0.1997956487E+00    0.9664320745E-01    0.0000000000E+00    0.0000000000E+00    0.0000000000E+00
   -0.1004115799E+01    0.1109332854E+00    0.1071029104E+00    0.2075573417E+00    0.0000000000E+00    0.0000000000E+00    0.0000000000E+00
   -0.2920573320E+00    0.3818653243E-01    0.6232170218E-01    0.7782804034E-02    0.0000000000E+00    0.0000000000E+00    0.0000000000E+00
   -0.2041223431E+00    0.2104857928E-01    0.1282325526E-01    0.5546512730E-01    0.0000000000E+00    0.0000000000E+00    0.0000000000E+00
   -0.4958840364E-01    0.5816652770E-02    0.1486364789E-01   -0.1187105984E-01    0.0000000000E+00    0.0000000000E+00    0.0000000000E+00
   -0.3170683225E-01    0.2969179185E-02   -0.2750561050E-02    0.1506617266E-01    0.0000000000E+00    0.0000000000E+00    0.0000000000E+00
   -0.5104188835E-02   -0.1240582038E-02    0.2308199472E-02   -0.1000968338E-01    0.0000000000E+00    0.0000000000E+00    0.0000000000E+00
   -0.4706526698E-02    0.2186826711E-02    0.1031814480E-03    0.8547705123E-02    0.0000000000E+00    0.0000000000E+00    0.0000000000E+00
   -0.4294324432E-03   -0.1788656823E-02   -0.1216236459E-02   -0.8020417799E-02    0.0000000000E+00    0.0000000000E+00    0.0000000000E+00
   -0.5343407135E-03    0.1815591119E-03   -0.3801354330E-03    0.4377114266E-02    0.0000000000E+00    0.0000000000E+00    0.0000000000E+00
    0.8119966970E-05   -0.1507956829E-03    0.3011410519E-04   -0.3784135209E-02    0.0000000000E+00    0.0000000000E+00    0.0000000000E+00
   -0.5896191617E-04   -0.2579394272E-03   -0.8608190277E-03    0.1301058426E-02    0.0000000000E+00    0.0000000000E+00    0.0000000000E+00
    0.1262614429E-04   -0.1795887569E-03    0.6274437747E-04   -0.1713190451E-02    0.0000000000E+00    0.0000000000E+00    0.0000000000E+00
   -0.6404452595E-05   -0.1427549258E-03   -0.6009154286E-03    0.1015705881E-03    0.0000000000E+00    0.0000000000E+00    0.0000000000E+00
    0.2332994540E-05   -0.7950304430E-04    0.2886015095E-03    0.1114183908E-02    0.0000000000E+00    0.0000000000E+00    0.0000000000E+00
   -0.8561009532E-06    0.5394844204E-05    0.5645780029E-04   -0.5643546733E-03    0.0000000000E+00    0.0000000000E+00    0.0000000000E+00
    0.3046088339E-06   -0.1417382879E-05   -0.1203109976E-04    0.9845130383E-04    0.0000000000E+00    0.0000000000E+00    0.0000000000E+00
   -0.1053785223E-06    0.4226406266E-06    0.3206238708E-05   -0.2435474140E-04    0.0000000000E+00    0.0000000000E+00    0.0000000000E+00
    0.3556691388E-07   -0.1304010313E-06   -0.9237103282E-06    0.6745632753E-05    0.0000000000E+00    0.0000000000E+00    0.0000000000E+00
   -0.1175536813E-07    0.4059638550E-07    0.2751311087E-06   -0.1960512067E-05    0.0000000000E+00    0.0000000000E+00    0.0000000000E+00
    0.3817160862E-08   -0.1264192137E-07   -0.8318898771E-07    0.5830547577E-06    0.0000000000E+00    0.0000000000E+00    0.0000000000E+00
   -0.1220557616E-08    0.3922925874E-08    0.2530210737E-07   -0.1752954363E-06    0.0000000000E+00    0.0000000000E+00    0.0000000000E+00
    0.3846882257E-09   -0.1209855382E-08   -0.7696331824E-08    0.5288307456E-07    0.0000000000E+00    0.0000000000E+00    0.0000000000E+00
   -0.1194218406E-09    0.3697039244E-09    0.2329392047E-08   -0.1591133147E-07    0.0000000000E+00    0.0000000000E+00    0.0000000000E+00
    0.3641278509E-10   -0.1114387043E-09   -0.6974645974E-09    0.4743923363E-08    0.0000000000E+00    0.0000000000E+00    0.0000000000E+00
   -0.1084340999E-10    0.3290943302E-10    0.2050105725E-09   -0.1390147078E-08    0.0000000000E+00    0.0000000000E+00    0.0000000000E+00
    0.3123501722E-11   -0.9422405611E-11   -0.5850523038E-10    0.3958412579E-09    0.0000000000E+00    0.0000000000E+00    0.0000000000E+00
   -0.8569385385E-12    0.2573711025E-11    0.1594388115E-10   -0.1077038547E-09    0.0000000000E+00    0.0000000000E+00    0.0000000000E+00
    0.2184716935E-12   -0.6540683376E-12   -0.4045348125E-11    0.2729593012E-10    0.0000000000E+00    0.0000000000E+00    0.0000000000E+00
   -0.4974796180E-13    0.1485952199E-12    0.9180038615E-12   -0.6189150897E-11    0.0000000000E+00    0.0000000000E+00    0.0000000000E+00
    0.9466300188E-14   -0.2822863762E-13   -0.1742540047E-12    0.1174125479E-11    0.0000000000E+00    0.0000000000E+00    0.0000000000E+00
   -0.1329780608E-14    0.3960695814E-14    0.2443544687E-13   -0.1645771596E-12    0.0000000000E+00    0.0000000000E+00    0.0000000000E+00
    0.1023019444E-15   -0.3044409851E-15   -0.1877500651E-14    0.1264150775E-13    0.0000000000E+00    0.0000000000E+00    0.0000000000E+00
