   40             4.00000 ng, rij 
     2.480     4.960                                       rcov,rprb 
 r                           (non)relativistic calculation
 PBE                         XC-functional
 99.000 39.000    0.2225000000    0.1610023554E+03   -0.1665689444E+02    0.0000000000E+00    0.0000000000E+00  znuc,zion,rloc,gpot()
   3                                                       lpx, (Projectors for l=0..lpx)
    0.1686156762    0.1386620129E+02    0.2235885774E+02   -0.5781279786E+02   -0.1779750045E+02    0.4595294855E+02   -0.3647402216E+02  r_l(),hsep(), so=+0.5
    0.2065796036    0.6481521679E+01    0.1599529229E+02   -0.4742386008E+02   -0.1711746881E+02    0.4050732446E+02   -0.2878877068E+02  r_l(),hsep(), so=+0.5
    0.4032271834E+01   -0.2033733219E+02    0.6107978691E+02    0.2223406715E+02   -0.5261540608E+02    0.3739404860E+02         hsep(), so=-0.5
    0.4473812326    0.2791973828E+01   -0.1842297103E+01    0.2088968561E+01    0.0000000000E+00   -0.0000000000E+00    0.0000000000E+00  r_l(),hsep(), so=+0.5
    0.1479307206E+01   -0.9329433373E+00    0.1057858311E+01    0.0000000000E+00   -0.0000000000E+00    0.0000000000E+00         hsep(), so=-0.5
    0.2278252529   -0.2730381575E+00   -0.0000000000E+00    0.0000000000E+00    0.0000000000E+00   -0.0000000000E+00    0.0000000000E+00  r_l(),hsep(), so=+0.5
   -0.7035754918E+00   -0.0000000000E+00    0.0000000000E+00    0.0000000000E+00   -0.0000000000E+00    0.0000000000E+00         hsep(), so=-0.5
 ---------------------------------------------
 Additional information (last calculation):
 gaussian exponents:
 xp():   114.26545637151636        80.797879055674812        57.132728185758182        40.398939527837413        28.566364092879091        20.199469763918707        14.283182046439553        10.099734881959359        7.1415910232197755        5.0498674409796802        3.5707955116098899        2.5249337204898401        1.7853977558049445        1.2624668602449201       0.89269887790247260       0.63123343012246036       0.44634943895123647       0.31561671506123024       0.22317471947561829       0.15780835753061517       0.11158735973780917        7.8904178765307600E-002   5.5793679868904607E-002   3.9452089382653814E-002   2.7896839934452303E-002   1.9726044691326914E-002   1.3948419967226157E-002   9.8630223456634553E-003   6.9742099836130785E-003   4.9315111728317294E-003   3.4871049918065414E-003   2.4657555864158651E-003   1.7435524959032707E-003   1.2328777932079330E-003   8.7177624795163546E-004   6.1643889660396660E-004   4.3588812397581784E-004   3.0821944830198330E-004   2.1794406198790897E-004   1.5410972415099173E-004
 orbital coefficients (one orbital per column)
 l,ispin:           0           1
 psi n=1,noccmax(l):
   -0.2233351848E-01    0.3081378918E-01    0.9876830078E-02   -0.4921425508E-02   -0.4954112242E-02    0.0000000000E+00    0.0000000000E+00    0.6871583037E+00    0.2825254833E+00
    0.1408022351E-01   -0.1314432569E+00   -0.4378726424E-01    0.2117782318E-01    0.2216158789E-01    0.0000000000E+00    0.0000000000E+00   -0.2925916319E+01   -0.1229594042E+01
    0.5072185075E+00    0.1483257967E+00    0.5979830423E-01   -0.2403668997E-01   -0.3157238422E-01    0.0000000000E+00    0.0000000000E+00    0.6211351174E+01    0.2658913736E+01
   -0.2614635250E+01    0.4454306758E+00    0.9849307744E-01   -0.7385914700E-01   -0.4328055026E-01    0.0000000000E+00    0.0000000000E+00   -0.8121101531E+01   -0.3424492025E+01
    0.6246417482E+01   -0.1722178846E+01   -0.4600413584E+00    0.2884479753E+00    0.2172648057E+00    0.0000000000E+00    0.0000000000E+00    0.6848727156E+01    0.2352069841E+01
   -0.3989205209E+01   -0.2388581905E+00   -0.1459328556E+00    0.3070629668E-01    0.8282261974E-01    0.0000000000E+00    0.0000000000E+00   -0.8257047392E+01   -0.2117603779E+01
   -0.1419548419E+02    0.1123991202E+02    0.3512326643E+01   -0.1882833859E+01   -0.1740053214E+01    0.0000000000E+00    0.0000000000E+00    0.1667552693E+02    0.8730431600E+01
    0.1084368057E+02   -0.1068311032E+02   -0.3478185527E+01    0.1852131496E+01    0.1736659740E+01    0.0000000000E+00    0.0000000000E+00    0.3204498297E+01   -0.7648541869E+01
    0.1858636929E+02   -0.8983796410E+01   -0.2566881896E+01    0.1530032449E+01    0.1235221633E+01    0.0000000000E+00    0.0000000000E+00   -0.3400462110E+02   -0.9187427207E+01
   -0.7490694812E+01    0.3870998910E+01    0.1128653483E+01   -0.7584631490E+00   -0.5368858915E+00    0.0000000000E+00    0.0000000000E+00    0.6613895168E+01    0.3004969045E+01
    0.1011888756E+01    0.1315527125E+01    0.4806781839E+00   -0.1165171906E+00   -0.2566815443E+00    0.0000000000E+00    0.0000000000E+00    0.3406821205E+01    0.2649721619E+01
   -0.8025531994E+01    0.5477297363E+01    0.1745073596E+01   -0.1151215915E+01   -0.8499547999E+00    0.0000000000E+00    0.0000000000E+00    0.7756853898E+01    0.4073936608E+01
    0.1054840417E+01    0.1120166375E+01    0.4391013294E+00   -0.5059878179E-01   -0.2356576080E+00    0.0000000000E+00    0.0000000000E+00    0.1794307058E+01    0.1516641526E+01
   -0.2738862286E+01    0.1493453514E+01    0.5495654678E+00   -0.5372148561E+00   -0.2749667190E+00    0.0000000000E+00    0.0000000000E+00    0.1894925700E+01    0.8673411081E+00
    0.1464084406E+01   -0.1365262785E+01   -0.5619242508E+00    0.5775827487E+00    0.3020561928E+00    0.0000000000E+00    0.0000000000E+00   -0.2036527895E+00   -0.4215679489E+00
   -0.1104540211E+01   -0.4452222322E+00   -0.1691285282E+00   -0.2000701036E+00    0.3525146181E-01    0.0000000000E+00    0.0000000000E+00    0.3237133786E+00   -0.3645744796E+00
    0.7669782791E+00   -0.1153708074E+01   -0.6052958781E+00    0.6954518368E+00    0.4324646738E+00    0.0000000000E+00    0.0000000000E+00   -0.1656872264E+00   -0.5010919418E+00
   -0.5300434799E+00   -0.1213934506E+00   -0.3702899363E+00   -0.9524153540E-01    0.1048102902E+00    0.0000000000E+00    0.0000000000E+00    0.9902292019E-01   -0.2523370729E+00
    0.3624049248E+00   -0.3427352546E+00    0.3020544466E+00   -0.4473877913E-01   -0.2757824085E+00    0.0000000000E+00    0.0000000000E+00   -0.5735350535E-01   -0.1528278456E+00
   -0.2453708679E+00    0.1021233629E+00   -0.5639336468E+00    0.6441240123E+00    0.1041632820E+01    0.0000000000E+00    0.0000000000E+00    0.3288229431E-01   -0.5698884215E-01
    0.1646366530E+00   -0.1020241199E+00    0.3136886559E+00   -0.8594750603E+00   -0.1561763502E+01    0.0000000000E+00    0.0000000000E+00   -0.1865300066E-01   -0.2722834439E-01
   -0.1095547272E+00    0.6775422548E-01    0.4683730119E-01    0.6571138968E+00    0.1742688058E+01    0.0000000000E+00    0.0000000000E+00    0.1047611854E-01   -0.1095855488E-02
    0.7234776019E-01   -0.4672316991E-01    0.8748050171E-01   -0.4770756194E+00   -0.1838877761E+01    0.0000000000E+00    0.0000000000E+00   -0.5828987249E-02   -0.3057221129E-02
   -0.4743765979E-01    0.3161001259E-01    0.1210499707E+00   -0.9360370781E-01    0.1109492651E+01    0.0000000000E+00    0.0000000000E+00    0.3214855764E-02    0.1311497672E-02
    0.3089095760E-01   -0.2105081974E-01    0.4701698244E-01   -0.1761914172E+00   -0.1578661766E+01    0.0000000000E+00    0.0000000000E+00   -0.1758141268E-02   -0.7673416092E-03
   -0.1997605267E-01    0.1378974891E-01    0.2546746812E-01   -0.2403598259E-01    0.8343553866E+00    0.0000000000E+00    0.0000000000E+00    0.9534255661E-03    0.4236473672E-03
    0.1282134464E-01   -0.8878014005E-02   -0.4937085223E-02    0.2626262429E+00    0.1493688814E+01    0.0000000000E+00    0.0000000000E+00   -0.5125105203E-03   -0.2286258069E-03
   -0.8159178639E-02    0.5611025947E-02    0.3470501424E-02    0.1946501527E-01   -0.1522829171E+01    0.0000000000E+00    0.0000000000E+00    0.2728494525E-03    0.1203671387E-03
    0.5139223573E-02   -0.3475711239E-02   -0.2137042167E-02   -0.1330498002E-01    0.5165815352E+00    0.0000000000E+00    0.0000000000E+00   -0.1436454998E-03   -0.6176577538E-04
   -0.3195628767E-02    0.2105568940E-02    0.1262722029E-02    0.8011724033E-02   -0.2281753117E+00    0.0000000000E+00    0.0000000000E+00    0.7461095930E-04    0.3086151625E-04
    0.1954304496E-02   -0.1243672899E-02   -0.7197709471E-03   -0.4570479192E-02    0.1094066103E+00    0.0000000000E+00    0.0000000000E+00   -0.3810595993E-04   -0.1499458182E-04
   -0.1169236467E-02    0.7132116820E-03    0.3960178250E-03    0.2500777310E-02   -0.5375987123E-01    0.0000000000E+00    0.0000000000E+00    0.1904564296E-04    0.7068835005E-05
    0.6793012844E-03   -0.3947318488E-03   -0.2098550244E-03   -0.1315126690E-02    0.2635426156E-01    0.0000000000E+00    0.0000000000E+00   -0.9253681738E-05   -0.3221227889E-05
   -0.3792801159E-03    0.2090266346E-03    0.1064961182E-03    0.6622029166E-03   -0.1265620065E-01    0.0000000000E+00    0.0000000000E+00    0.4329953756E-05    0.1409900181E-05
    0.2005592997E-03   -0.1045729409E-03   -0.5121070993E-04   -0.3161691333E-03    0.5848967792E-02    0.0000000000E+00    0.0000000000E+00   -0.1925458196E-05   -0.5865653192E-06
   -0.9836969531E-04    0.4850654246E-04    0.2292938562E-04    0.1406977820E-03   -0.2544416558E-02    0.0000000000E+00    0.0000000000E+00    0.7982707353E-06    0.2281234432E-06
    0.4341816373E-04   -0.2027975753E-04   -0.9298209643E-05   -0.5676632719E-04    0.1010344862E-02    0.0000000000E+00    0.0000000000E+00   -0.2999547640E-06   -0.8078567264E-07
   -0.1647986619E-04    0.7315524123E-05    0.3269278033E-05    0.1987784841E-04   -0.3498353934E-03    0.0000000000E+00    0.0000000000E+00    0.9783519262E-07    0.2498384347E-07
    0.5004406838E-05   -0.2121228857E-05   -0.9282646085E-06   -0.5625873424E-05    0.9822612421E-04    0.0000000000E+00    0.0000000000E+00   -0.2582842226E-07   -0.6296781376E-08
   -0.1068765204E-05    0.4350070480E-06    0.1871809789E-06    0.1131602899E-05   -0.1964624045E-04    0.0000000000E+00    0.0000000000E+00    0.4861591179E-08    0.1139546961E-08
    0.1186503824E-06   -0.4665300681E-07   -0.1980998615E-07   -0.1195324227E-06    0.2066954613E-05    0.0000000000E+00    0.0000000000E+00   -0.4830090177E-09   -0.1096040196E-09
 l,ispin:           1           1
 psi n=1,noccmax(l):
    0.6871583037E+00    0.2825254833E+00    0.7505722585E-01    0.5622158562E-01   -0.6343952865E-01    0.0000000000E+00    0.0000000000E+00   -0.4240306650E+01   -0.5461788178E+00
   -0.2925916319E+01   -0.1229594042E+01   -0.3275542332E+00   -0.2452351403E+00    0.2774688616E+00    0.0000000000E+00    0.0000000000E+00    0.1543452937E+02    0.2014605767E+01
    0.6211351174E+01    0.2658913736E+01    0.7117342061E+00    0.5301561466E+00   -0.6095463261E+00    0.0000000000E+00    0.0000000000E+00   -0.3009660356E+02   -0.3989139431E+01
   -0.8121101531E+01   -0.3424492025E+01   -0.9256949250E+00   -0.6747930539E+00    0.8247321467E+00    0.0000000000E+00    0.0000000000E+00    0.3963117610E+02    0.5293180411E+01
    0.6848727156E+01    0.2352069841E+01    0.6512034596E+00    0.4301526755E+00   -0.6714341286E+00    0.0000000000E+00    0.0000000000E+00   -0.3425612847E+02   -0.4425304962E+01
   -0.8257047392E+01   -0.2117603779E+01   -0.5802811281E+00   -0.3513536431E+00    0.6561362430E+00    0.0000000000E+00    0.0000000000E+00    0.1773811750E+02    0.1828626232E+01
    0.1667552693E+02    0.8730431600E+01    0.2374873948E+01    0.1776766060E+01   -0.2034595616E+01    0.0000000000E+00    0.0000000000E+00   -0.2646483616E+02   -0.3452927991E+01
    0.3204498297E+01   -0.7648541869E+01   -0.2296697099E+01   -0.1732770975E+01    0.2032886790E+01    0.0000000000E+00    0.0000000000E+00    0.4858693430E+02    0.8066285234E+01
   -0.3400462110E+02   -0.9187427207E+01   -0.2147902046E+01   -0.1819539303E+01    0.1287469761E+01    0.0000000000E+00    0.0000000000E+00    0.1880222612E+01   -0.3219422674E+00
    0.6613895168E+01    0.3004969045E+01    0.7017651870E+00    0.6864341282E+00   -0.2483920278E+00    0.0000000000E+00    0.0000000000E+00   -0.1296712100E+02   -0.2299366477E+01
    0.3406821205E+01    0.2649721619E+01    0.8038384579E+00    0.5216000491E+00   -0.8717555038E+00    0.0000000000E+00    0.0000000000E+00   -0.1227102331E+02   -0.2104949749E+01
    0.7756853898E+01    0.4073936608E+01    0.1002142736E+01    0.9199033379E+00   -0.4977107801E+00    0.0000000000E+00    0.0000000000E+00   -0.7409445967E+01   -0.1240461224E+01
    0.1794307058E+01    0.1516641526E+01    0.4834558691E+00    0.2736680810E+00   -0.6014787427E+00    0.0000000000E+00    0.0000000000E+00   -0.2705045809E+01   -0.3057250370E+00
    0.1894925700E+01    0.8673411081E+00    0.1675912090E+00    0.2435684363E+00    0.9415849291E-01    0.0000000000E+00    0.0000000000E+00   -0.9104793663E+00   -0.2518446110E+00
   -0.2036527895E+00   -0.4215679489E+00   -0.7648120171E-01   -0.1692806723E+00   -0.1390517265E+00    0.0000000000E+00    0.0000000000E+00   -0.2972073453E+00    0.1699173223E-01
    0.3237133786E+00   -0.3645744796E+00   -0.1650232980E+00   -0.3210796293E-01    0.3074802230E+00    0.0000000000E+00    0.0000000000E+00   -0.6516983089E-01    0.9004269518E-01
   -0.1656872264E+00   -0.5010919418E+00   -0.1072283349E+00   -0.1882226539E+00   -0.7159351734E-01    0.0000000000E+00    0.0000000000E+00   -0.1040375378E-01    0.7889161160E-01
    0.9902292019E-01   -0.2523370729E+00   -0.1905616076E+00   -0.7308331435E-01    0.3051897914E+00    0.0000000000E+00    0.0000000000E+00   -0.1356223419E-02    0.7811431772E-01
   -0.5735350535E-01   -0.1528278456E+00    0.9972553878E-01    0.3095280686E-01   -0.2606267234E+00    0.0000000000E+00    0.0000000000E+00    0.1497430677E-03    0.3818907128E-01
    0.3288229431E-01   -0.5698884215E-01   -0.1790696560E+00   -0.1572338693E+00    0.4067350844E+00    0.0000000000E+00    0.0000000000E+00   -0.1224109292E-03    0.1546345113E-01
   -0.1865300066E-01   -0.2722834439E-01    0.6597563725E-01    0.1087054414E+00   -0.3872835026E+00    0.0000000000E+00    0.0000000000E+00    0.6499074338E-04    0.2389736789E-01
    0.1047611854E-01   -0.1095855488E-02    0.4535261789E-03   -0.5871220116E-01    0.3543135533E+00    0.0000000000E+00    0.0000000000E+00   -0.3304272048E-04    0.5040598132E-02
   -0.5828987249E-02   -0.3057221129E-02    0.1715485001E-02    0.2892543145E-01   -0.3131222445E+00    0.0000000000E+00    0.0000000000E+00    0.1621503379E-04    0.5513104699E-02
    0.3214855764E-02    0.1311497672E-02    0.2319394031E-01    0.4551889880E-01    0.1769430040E+00    0.0000000000E+00    0.0000000000E+00   -0.7754414326E-05    0.2321254408E-02
   -0.1758141268E-02   -0.7673416092E-03    0.1530908465E-01    0.1218754168E-01   -0.2439739169E+00    0.0000000000E+00    0.0000000000E+00    0.3633607862E-05    0.1271144647E-02
    0.9534255661E-03    0.4236473672E-03    0.1165145410E-01    0.4251116454E-01    0.6390646668E-01    0.0000000000E+00    0.0000000000E+00   -0.1673629702E-05    0.2791660199E-03
   -0.5125105203E-03   -0.2286258069E-03    0.1847006237E-02   -0.4701879208E-01    0.2058833849E+00    0.0000000000E+00    0.0000000000E+00    0.7589847067E-06    0.5271505810E-04
    0.2728494525E-03    0.1203671387E-03   -0.9314625985E-04   -0.3524911528E-02   -0.1565310437E+00    0.0000000000E+00    0.0000000000E+00   -0.3390654094E-06   -0.1470214916E-04
   -0.1436454998E-03   -0.6176577538E-04   -0.7280903462E-05    0.1313579602E-02    0.4308203997E-01    0.0000000000E+00    0.0000000000E+00    0.1491440108E-06    0.5734664452E-05
    0.7461095930E-04    0.3086151625E-04    0.1354905723E-04   -0.5513946270E-03   -0.1565705044E-01    0.0000000000E+00    0.0000000000E+00   -0.6450215804E-07   -0.2262575463E-05
   -0.3810595993E-04   -0.1499458182E-04   -0.8762887511E-05    0.2394102251E-03    0.6222395087E-02    0.0000000000E+00    0.0000000000E+00    0.2735912523E-07    0.8781654692E-06
    0.1904564296E-04    0.7068835005E-05    0.4623925732E-05   -0.1039994827E-03   -0.2548698405E-02    0.0000000000E+00    0.0000000000E+00   -0.1133822982E-07   -0.3331861584E-06
   -0.9253681738E-05   -0.3221227889E-05   -0.2212022917E-05    0.4448356484E-04    0.1047062699E-02    0.0000000000E+00    0.0000000000E+00    0.4565848656E-08    0.1231164828E-06
    0.4329953756E-05    0.1409900181E-05    0.9872274834E-06   -0.1851565465E-04   -0.4237427810E-03    0.0000000000E+00    0.0000000000E+00   -0.1772569310E-08   -0.4406573556E-07
   -0.1925458196E-05   -0.5865653192E-06   -0.4129367814E-06    0.7400607548E-05    0.1660522553E-03    0.0000000000E+00    0.0000000000E+00    0.6558464938E-09    0.1513424227E-07
    0.7982707353E-06    0.2281234432E-06    0.1603803629E-06   -0.2788168969E-05   -0.6169211667E-04    0.0000000000E+00    0.0000000000E+00   -0.2273618829E-09   -0.4910234562E-08
   -0.2999547640E-06   -0.8078567264E-07   -0.5655409666E-07    0.9630119432E-06    0.2109811149E-04    0.0000000000E+00    0.0000000000E+00    0.7196125301E-10    0.1467458451E-08
    0.9783519262E-07    0.2498384347E-07    0.1739957154E-07   -0.2920852620E-06   -0.6354348920E-05    0.0000000000E+00    0.0000000000E+00   -0.1996509030E-10   -0.3878745181E-09
   -0.2582842226E-07   -0.6296781376E-08   -0.4363012975E-08    0.7252050308E-07    0.1569841421E-05    0.0000000000E+00    0.0000000000E+00    0.4538653667E-11    0.8471720470E-10
    0.4861591179E-08    0.1139546961E-08    0.7860121563E-09   -0.1297507027E-07   -0.2798759844E-06    0.0000000000E+00    0.0000000000E+00   -0.7463217204E-12   -0.1348732995E-10
   -0.4830090177E-09   -0.1096040196E-09   -0.7531225154E-10    0.1237237552E-08    0.2662046656E-07    0.0000000000E+00    0.0000000000E+00    0.6582754615E-13    0.1159509489E-11
 l,ispin:           1           2
 psi n=1,noccmax(l):
    0.8938837279E+00    0.3090274498E+00    0.7257386003E-01    0.4822897512E-01   -0.5314280240E-01    0.0000000000E+00    0.0000000000E+00    0.4221742673E+01   -0.6575352511E+00
   -0.3886365492E+01   -0.1395199524E+01   -0.3291766439E+00   -0.2192905602E+00    0.2406172282E+00    0.0000000000E+00    0.0000000000E+00   -0.1536337444E+02    0.2428260104E+01
    0.8321872956E+01    0.3130364213E+01    0.7436451009E+00    0.4941104524E+00   -0.5466045486E+00    0.0000000000E+00    0.0000000000E+00    0.2995233234E+02   -0.4815390507E+01
   -0.1019107277E+02   -0.4038397326E+01   -0.9707489540E+00   -0.6302675757E+00    0.7373684328E+00    0.0000000000E+00    0.0000000000E+00   -0.3944878276E+02    0.6396196793E+01
    0.4469180478E+01    0.1981932950E+01    0.4993989439E+00    0.2669956959E+00   -0.4668688001E+00    0.0000000000E+00    0.0000000000E+00    0.3415484444E+02   -0.5336622172E+01
    0.2874438060E+01    0.4497569275E+00    0.6808430576E-01    0.1604712129E+00    0.1239833660E+00    0.0000000000E+00    0.0000000000E+00   -0.1778925691E+02    0.2154586187E+01
    0.1780036728E+02    0.9246036826E+01    0.2247273207E+01    0.1487457927E+01   -0.1669888446E+01    0.0000000000E+00    0.0000000000E+00    0.2627985919E+02   -0.4130725390E+01
   -0.4411002653E+02   -0.1876569960E+02   -0.4546874532E+01   -0.3133421954E+01    0.3200469337E+01    0.0000000000E+00    0.0000000000E+00   -0.4797740921E+02    0.9876900384E+01
   -0.1085559857E+01   -0.3994931854E+01   -0.8746316030E+00   -0.7592022001E+00    0.3685073849E+00    0.0000000000E+00    0.0000000000E+00   -0.1845561162E+01   -0.4830267885E+00
    0.1148484946E+02    0.6990856864E+01    0.1617664034E+01    0.1294086219E+01   -0.8659164165E+00    0.0000000000E+00    0.0000000000E+00    0.1275474092E+02   -0.2823165880E+01
    0.5768040463E+01    0.5092194140E+01    0.1338608704E+01    0.8368664331E+00   -0.1084122105E+01    0.0000000000E+00    0.0000000000E+00    0.1205884632E+02   -0.2565860288E+01
    0.6713011606E+01    0.4055167272E+01    0.9558207416E+00    0.8140973208E+00   -0.4519806419E+00    0.0000000000E+00    0.0000000000E+00    0.7181320532E+01   -0.1506469446E+01
    0.8708752995E+00    0.9641849586E+00    0.2939284299E+00    0.9250397510E-01   -0.3669253833E+00    0.0000000000E+00    0.0000000000E+00    0.2861808834E+01   -0.4959316789E+00
    0.1183478427E+01   -0.9578924269E-01   -0.7572534815E-01    0.6004032716E-01    0.2082137429E+00    0.0000000000E+00    0.0000000000E+00    0.9792877797E+00   -0.2130500588E+00
   -0.3294886192E+00   -0.9234988131E+00   -0.2554344607E+00   -0.3011431396E+00    0.3757368952E-01    0.0000000000E+00    0.0000000000E+00    0.2818679762E+00    0.6101577234E-01
    0.2515040460E+00   -0.6567225047E+00   -0.2162108298E+00   -0.4757895713E-01    0.2666105613E+00    0.0000000000E+00    0.0000000000E+00    0.6109651427E-01    0.1233357046E+00
   -0.1442163187E+00   -0.5164547264E+00   -0.1677350880E+00   -0.2387343505E+00    0.2827835703E-01    0.0000000000E+00    0.0000000000E+00    0.6754556733E-02    0.9911481699E-01
    0.8411938345E-01   -0.2027684376E+00   -0.1232787583E+00    0.1529635637E-01    0.1593819113E+00    0.0000000000E+00    0.0000000000E+00    0.1651471349E-02    0.8979327569E-01
   -0.4840806059E-01   -0.9991487922E-01    0.8602794570E-01   -0.1601195570E-01   -0.1463536410E+00    0.0000000000E+00    0.0000000000E+00   -0.4786141324E-03    0.4067012677E-01
    0.2755433308E-01   -0.1997033029E-01   -0.1419553384E+00   -0.8928174976E-01    0.2629467150E+00    0.0000000000E+00    0.0000000000E+00    0.2630069713E-03    0.1998489022E-01
   -0.1552732025E-01   -0.9208792423E-02    0.9298436044E-01    0.1187867155E+00   -0.3257122201E+00    0.0000000000E+00    0.0000000000E+00   -0.1310991344E-03    0.2300814712E-01
    0.8670090705E-02    0.1852972607E-02    0.2832870119E-02   -0.6173189032E-01    0.2952117635E+00    0.0000000000E+00    0.0000000000E+00    0.6385261843E-04    0.5375892519E-02
   -0.4800854633E-02   -0.1466078375E-02    0.2042162109E-01    0.6150641784E-01   -0.3091316485E+00    0.0000000000E+00    0.0000000000E+00   -0.3049347123E-04    0.5230267326E-02
    0.2637892736E-02    0.8232207587E-03    0.2191472438E-01    0.2852882192E-01    0.1722274772E+00    0.0000000000E+00    0.0000000000E+00    0.1432561250E-04    0.1974805231E-02
   -0.1438827969E-02   -0.4628330840E-03    0.1462508960E-01    0.1803876509E-01   -0.2303593385E+00    0.0000000000E+00    0.0000000000E+00   -0.6634370883E-05    0.1021262658E-02
    0.7791143137E-03    0.2549062779E-03    0.6556345121E-02    0.1249531157E-01    0.1492020824E+00    0.0000000000E+00    0.0000000000E+00    0.3032396849E-05    0.1699352133E-03
   -0.4186804030E-03   -0.1375204475E-03    0.8411969429E-03   -0.3722448681E-01    0.1022006756E+00    0.0000000000E+00    0.0000000000E+00   -0.1368573908E-05    0.3820883098E-04
    0.2230901409E-03    0.7261205166E-04   -0.1213412593E-03   -0.4255070115E-03   -0.1143216041E+00    0.0000000000E+00    0.0000000000E+00    0.6097289844E-06   -0.1244484219E-04
   -0.1176914426E-03   -0.3748178680E-04    0.4022266545E-04    0.3133499000E-03    0.3314083214E-01    0.0000000000E+00    0.0000000000E+00   -0.2678956357E-06    0.5006488914E-05
    0.6133012189E-04    0.1888721969E-04   -0.1566546691E-04   -0.1675345878E-03   -0.1230294861E-01    0.0000000000E+00    0.0000000000E+00    0.1158711554E-06   -0.2000798821E-05
   -0.3146328214E-04   -0.9271958404E-05    0.6438078805E-05    0.8261646195E-04    0.4945311213E-02    0.0000000000E+00    0.0000000000E+00   -0.4920003374E-07    0.7820614850E-06
    0.1581447918E-04    0.4421160766E-05   -0.2690418643E-05   -0.3867991794E-04   -0.2039686498E-02    0.0000000000E+00    0.0000000000E+00    0.2042673257E-07   -0.2980481981E-06
   -0.7735661005E-05   -0.2038403102E-05    0.1120989579E-05    0.1733494519E-04    0.8417598095E-03    0.0000000000E+00    0.0000000000E+00   -0.8245399574E-08    0.1104662036E-06
    0.3647594607E-05    0.9023567708E-06   -0.4586411439E-06   -0.7435955712E-05   -0.3417131617E-03    0.0000000000E+00    0.0000000000E+00    0.3209948252E-08   -0.3962236855E-07
   -0.1635785551E-05   -0.3793627468E-06    0.1813121527E-06    0.3031729046E-05    0.1341967766E-03    0.0000000000E+00    0.0000000000E+00   -0.1191226454E-08    0.1362905426E-07
    0.6842631901E-06    0.1489190431E-06   -0.6784164863E-07   -0.1157489518E-05   -0.4993328901E-04    0.0000000000E+00    0.0000000000E+00    0.4142180514E-09   -0.4426801617E-08
   -0.2594675204E-06   -0.5316060130E-07    0.2333402974E-07    0.4033992662E-06    0.1709529050E-04    0.0000000000E+00    0.0000000000E+00   -0.1314888163E-09    0.1324052241E-08
    0.8538930940E-07    0.1655083498E-07   -0.7059713185E-08   -0.1231041110E-06   -0.5152782235E-05    0.0000000000E+00    0.0000000000E+00    0.3658049946E-10   -0.3501762359E-09
   -0.2273397473E-07   -0.4194207266E-08    0.1750316858E-08    0.3069331230E-07    0.1273704156E-05    0.0000000000E+00    0.0000000000E+00   -0.8336203957E-11    0.7651622140E-10
    0.4312188752E-08    0.7623557123E-09   -0.3129124033E-09   -0.5507353812E-08   -0.2271705073E-06    0.0000000000E+00    0.0000000000E+00    0.1373680881E-11   -0.1218550190E-10
   -0.4313299531E-09   -0.7357620615E-10    0.2982550747E-10    0.5261965813E-09    0.2161356226E-07    0.0000000000E+00    0.0000000000E+00   -0.1213770263E-12    0.1047828099E-11
 l,ispin:           2           1
 psi n=1,noccmax(l):
   -0.4240306650E+01   -0.5461788178E+00    0.3460711862E+00    0.2715806066E+00    0.3662370457E+00    0.0000000000E+00    0.0000000000E+00   -0.7491847334E+01
    0.1543452937E+02    0.2014605767E+01   -0.1274243353E+01   -0.1007986429E+01   -0.1335526526E+01    0.0000000000E+00    0.0000000000E+00    0.2292860566E+02
   -0.3009660356E+02   -0.3989139431E+01    0.2519763021E+01    0.2006738361E+01    0.2619941059E+01    0.0000000000E+00    0.0000000000E+00   -0.3951709315E+02
    0.3963117610E+02    0.5293180411E+01   -0.3348125939E+01   -0.2656536140E+01   -0.3500910363E+01    0.0000000000E+00    0.0000000000E+00    0.4917750518E+02
   -0.3425612847E+02   -0.4425304962E+01    0.2831406164E+01    0.2148075837E+01    0.3128611452E+01    0.0000000000E+00    0.0000000000E+00   -0.4382671254E+02
    0.1773811750E+02    0.1828626232E+01   -0.1239382451E+01   -0.7187807560E+00   -0.1739492851E+01    0.0000000000E+00    0.0000000000E+00    0.2430491693E+02
   -0.2646483616E+02   -0.3452927991E+01    0.2229232494E+01    0.1635065266E+01    0.2561142143E+01    0.0000000000E+00    0.0000000000E+00   -0.2140056211E+02
    0.4858693430E+02    0.8066285234E+01   -0.5063306587E+01   -0.4230756458E+01   -0.4990818465E+01    0.0000000000E+00    0.0000000000E+00    0.4164812655E+02
    0.1880222612E+01   -0.3219422674E+00    0.3030566445E+00    0.1548032118E-01    0.7512460231E+00    0.0000000000E+00    0.0000000000E+00   -0.5748818604E+01
   -0.1296712100E+02   -0.2299366477E+01    0.1335520509E+01    0.1418589233E+01    0.7826214482E+00    0.0000000000E+00    0.0000000000E+00   -0.1059101239E+02
   -0.1227102331E+02   -0.2104949749E+01    0.1358232797E+01    0.1040462551E+01    0.1510522362E+01    0.0000000000E+00    0.0000000000E+00   -0.1011017470E+02
   -0.7409445967E+01   -0.1240461224E+01    0.7095442095E+00    0.7811251108E+00    0.3651498742E+00    0.0000000000E+00    0.0000000000E+00   -0.5231656242E+01
   -0.2705045809E+01   -0.3057250370E+00    0.2312243941E+00    0.9229486952E-01    0.4098578810E+00    0.0000000000E+00    0.0000000000E+00   -0.2916305817E+01
   -0.9104793663E+00   -0.2518446110E+00    0.1180031378E+00    0.1968273862E+00   -0.6350636112E-01    0.0000000000E+00    0.0000000000E+00   -0.1211469207E+01
   -0.2972073453E+00    0.1699173223E-01    0.1629538901E-01   -0.6011154103E-01    0.1423511201E+00    0.0000000000E+00    0.0000000000E+00   -0.5535326287E+00
   -0.6516983089E-01    0.9004269518E-01   -0.8179729040E-01   -0.1712559304E-01   -0.1789246145E+00    0.0000000000E+00    0.0000000000E+00   -0.1932815662E+00
   -0.1040375378E-01    0.7889161160E-01   -0.2795789321E-01   -0.7076091272E-01    0.5803140757E-01    0.0000000000E+00    0.0000000000E+00   -0.8057004942E-01
   -0.1356223419E-02    0.7811431772E-01   -0.7401657976E-01   -0.3718986004E-01   -0.1433296935E+00    0.0000000000E+00    0.0000000000E+00   -0.2391805931E-01
    0.1497430677E-03    0.3818907128E-01    0.1347296460E-02   -0.1711356184E-01    0.7330999576E-01    0.0000000000E+00    0.0000000000E+00   -0.9209147838E-02
   -0.1224109292E-03    0.1546345113E-01   -0.3118955359E-01   -0.1968025005E-01   -0.9940741881E-01    0.0000000000E+00    0.0000000000E+00   -0.2685901347E-02
    0.6499074338E-04    0.2389736789E-01   -0.7840108277E-02   -0.1601203845E-01    0.4992805068E-01    0.0000000000E+00    0.0000000000E+00   -0.1049543716E-02
   -0.3304272048E-04    0.5040598132E-02   -0.1272980104E-02    0.9276849919E-02   -0.4351567230E-01    0.0000000000E+00    0.0000000000E+00   -0.1787282743E-03
    0.1621503379E-04    0.5513104699E-02   -0.7380135815E-02   -0.1988137045E-01    0.1762858313E-01    0.0000000000E+00    0.0000000000E+00   -0.1000677096E-03
   -0.7754414326E-05    0.2321254408E-02    0.1923260837E-03    0.1376448165E-01   -0.9486647450E-02    0.0000000000E+00    0.0000000000E+00   -0.1451788849E-05
    0.3633607862E-05    0.1271144647E-02    0.2737933996E-03   -0.8883762992E-02    0.8160947177E-02    0.0000000000E+00    0.0000000000E+00   -0.7141225869E-05
   -0.1673629702E-05    0.2791660199E-03    0.2000831469E-02    0.1660338130E-01    0.3373879932E-01    0.0000000000E+00    0.0000000000E+00    0.1852539321E-05
    0.7589847067E-06    0.5271505810E-04    0.1846750510E-02   -0.4610280529E-02   -0.4374549028E-01    0.0000000000E+00    0.0000000000E+00   -0.7421391272E-06
   -0.3390654094E-06   -0.1470214916E-04   -0.1340593141E-03   -0.2341717766E-02    0.1838816057E-01    0.0000000000E+00    0.0000000000E+00    0.2705301569E-06
    0.1491440108E-06    0.5734664452E-05    0.3596775342E-04    0.6232131459E-03   -0.3532383935E-02    0.0000000000E+00    0.0000000000E+00   -0.9544940160E-07
   -0.6450215804E-07   -0.2262575463E-05   -0.1153883841E-04   -0.1999136817E-03    0.9844395574E-03    0.0000000000E+00    0.0000000000E+00    0.3265023066E-07
    0.2735912523E-07    0.8781654692E-06    0.3932579987E-05    0.6835818004E-04   -0.3115191543E-03    0.0000000000E+00    0.0000000000E+00   -0.1084942106E-07
   -0.1133822982E-07   -0.3331861584E-06   -0.1368904275E-05   -0.2387096946E-04    0.1037026710E-03    0.0000000000E+00    0.0000000000E+00    0.3506464978E-08
    0.4565848656E-08    0.1231164828E-06    0.4770623446E-06    0.8336154913E-05   -0.3509671591E-04    0.0000000000E+00    0.0000000000E+00   -0.1101665110E-08
   -0.1772569310E-08   -0.4406573556E-07   -0.1640048963E-06   -0.2868560344E-05    0.1182319372E-04    0.0000000000E+00    0.0000000000E+00    0.3353287091E-09
    0.6558464938E-09    0.1513424227E-07    0.5477526227E-07    0.9582298355E-06   -0.3891944552E-05    0.0000000000E+00    0.0000000000E+00   -0.9813101245E-10
   -0.2273618829E-09   -0.4910234562E-08   -0.1742945742E-07   -0.3048223798E-06    0.1225446486E-05    0.0000000000E+00    0.0000000000E+00    0.2722798296E-10
    0.7196125301E-10    0.1467458451E-08    0.5138767129E-08    0.8982604919E-07   -0.3585288244E-06    0.0000000000E+00    0.0000000000E+00   -0.6997439027E-11
   -0.1996509030E-10   -0.3878745181E-09   -0.1345459587E-08   -0.2350517182E-07    0.9334289287E-07    0.0000000000E+00    0.0000000000E+00    0.1602417950E-11
    0.4538653667E-11    0.8471720470E-10    0.2919267485E-09    0.5097102726E-08   -0.2016897539E-07    0.0000000000E+00    0.0000000000E+00   -0.3061331158E-12
   -0.7463217204E-12   -0.1348732995E-10   -0.4626089806E-10   -0.8073220681E-09    0.3186437679E-08    0.0000000000E+00    0.0000000000E+00    0.4312462161E-13
    0.6582754615E-13    0.1159509489E-11    0.3964158715E-11    0.6915140353E-10   -0.2724454358E-09    0.0000000000E+00    0.0000000000E+00   -0.3324162179E-14
 l,ispin:           2           2
 psi n=1,noccmax(l):
    0.4221742673E+01   -0.6575352511E+00   -0.3670426930E+00   -0.2936100774E+00    0.3935980061E+00    0.0000000000E+00    0.0000000000E+00   -0.7788932097E+01
   -0.1536337444E+02    0.2428260104E+01    0.1353363230E+01    0.1090132094E+01   -0.1435902070E+01    0.0000000000E+00    0.0000000000E+00    0.2389637128E+02
    0.2995233234E+02   -0.4815390507E+01   -0.2680660174E+01   -0.2172050647E+01    0.2818956739E+01    0.0000000000E+00    0.0000000000E+00   -0.4133145375E+02
   -0.3944878276E+02    0.6396196793E+01    0.3565126931E+01    0.2879998824E+01   -0.3770931148E+01    0.0000000000E+00    0.0000000000E+00    0.5162951727E+02
    0.3415484444E+02   -0.5336622172E+01   -0.3004912905E+01   -0.2336542826E+01    0.3373734427E+01    0.0000000000E+00    0.0000000000E+00   -0.4605579760E+02
   -0.1778925691E+02    0.2154586187E+01    0.1278696969E+01    0.7872156251E+00   -0.1871527545E+01    0.0000000000E+00    0.0000000000E+00    0.2509293748E+02
    0.2627985919E+02   -0.4130725390E+01   -0.2345515034E+01   -0.1770134370E+01    0.2751151736E+01    0.0000000000E+00    0.0000000000E+00   -0.2148240956E+02
   -0.4797740921E+02    0.9876900384E+01    0.5471377830E+01    0.4624039270E+01   -0.5418961359E+01    0.0000000000E+00    0.0000000000E+00    0.4412567220E+02
   -0.1845561162E+01   -0.4830267885E+00   -0.3648763398E+00   -0.9460685735E-01    0.8753147628E+00    0.0000000000E+00    0.0000000000E+00   -0.7136042599E+01
    0.1275474092E+02   -0.2823165880E+01   -0.1461246757E+01   -0.1511943979E+01    0.8313686113E+00    0.0000000000E+00    0.0000000000E+00   -0.1174864014E+02
    0.1205884632E+02   -0.2565860288E+01   -0.1457109519E+01   -0.1144942555E+01    0.1641570842E+01    0.0000000000E+00    0.0000000000E+00   -0.1071952663E+02
    0.7181320532E+01   -0.1506469446E+01   -0.7689782135E+00   -0.8218891141E+00    0.3776053200E+00    0.0000000000E+00    0.0000000000E+00   -0.5445868165E+01
    0.2861808834E+01   -0.4959316789E+00   -0.3107107040E+00   -0.1733975288E+00    0.5088322323E+00    0.0000000000E+00    0.0000000000E+00   -0.2992996664E+01
    0.9792877797E+00   -0.2130500588E+00   -0.8060769457E-01   -0.1553992696E+00   -0.1204956180E+00    0.0000000000E+00    0.0000000000E+00   -0.1221480134E+01
    0.2818679762E+00    0.6101577234E-01    0.8484409288E-02    0.7653895189E-01    0.1389782191E+00    0.0000000000E+00    0.0000000000E+00   -0.5509787421E+00
    0.6109651427E-01    0.1233357046E+00    0.9262888011E-01    0.3158554096E-01   -0.2030067327E+00    0.0000000000E+00    0.0000000000E+00   -0.1876309749E+00
    0.6754556733E-02    0.9911481699E-01    0.3492663365E-01    0.7389604738E-01    0.6250303001E-01    0.0000000000E+00    0.0000000000E+00   -0.7714441394E-01
    0.1651471349E-02    0.8979327569E-01    0.7421046912E-01    0.3958472760E-01   -0.1510402174E+00    0.0000000000E+00    0.0000000000E+00   -0.2172271954E-01
   -0.4786141324E-03    0.4067012677E-01   -0.2596683075E-02    0.1429001104E-01    0.8016705399E-01    0.0000000000E+00    0.0000000000E+00   -0.8416439504E-02
    0.2630069713E-03    0.1998489022E-01    0.3314605658E-01    0.2323029101E-01   -0.1062188889E+00    0.0000000000E+00    0.0000000000E+00   -0.2184508822E-02
   -0.1310991344E-03    0.2300814712E-01    0.4840841252E-02    0.1080934009E-01    0.5875069780E-01    0.0000000000E+00    0.0000000000E+00   -0.8526132895E-03
    0.6385261843E-04    0.5375892519E-02    0.1476503028E-02   -0.6605368975E-02   -0.4983497742E-01    0.0000000000E+00    0.0000000000E+00   -0.1092199384E-03
   -0.3049347123E-04    0.5230267326E-02    0.6401025601E-02    0.1652002414E-01    0.2513284045E-01    0.0000000000E+00    0.0000000000E+00   -0.7238322483E-04
    0.1432561250E-04    0.1974805231E-02   -0.7702762534E-03   -0.1288269483E-01   -0.1381194020E-01    0.0000000000E+00    0.0000000000E+00    0.5371904665E-05
   -0.6634370883E-05    0.1021262658E-02   -0.6731911307E-03    0.7037533858E-02    0.1435351520E-01    0.0000000000E+00    0.0000000000E+00   -0.5696573191E-05
    0.3032396849E-05    0.1699352133E-03   -0.2149073915E-02   -0.1539710139E-01    0.2607792393E-01    0.0000000000E+00    0.0000000000E+00    0.1896444846E-05
   -0.1368573908E-05    0.3820883098E-04   -0.1614752985E-02    0.5016794641E-02   -0.3984739695E-01    0.0000000000E+00    0.0000000000E+00   -0.7235908574E-06
    0.6097289844E-06   -0.1244484219E-04    0.1267858029E-03    0.1964963935E-02    0.1763522127E-01    0.0000000000E+00    0.0000000000E+00    0.2641018893E-06
   -0.2678956357E-06    0.5006488914E-05   -0.3419790982E-04   -0.5260525455E-03   -0.3518107110E-02    0.0000000000E+00    0.0000000000E+00   -0.9340933737E-07
    0.1158711554E-06   -0.2000798821E-05    0.1100086188E-04    0.1690861707E-03    0.9992381689E-03    0.0000000000E+00    0.0000000000E+00    0.3205562941E-07
   -0.4920003374E-07    0.7820614850E-06   -0.3756903757E-05   -0.5788300994E-04   -0.3196792171E-03    0.0000000000E+00    0.0000000000E+00   -0.1068970332E-07
    0.2042673257E-07   -0.2980481981E-06    0.1309849095E-05    0.2022906090E-04    0.1071398428E-03    0.0000000000E+00    0.0000000000E+00    0.3467023225E-08
   -0.8245399574E-08    0.1104662036E-06   -0.4570443842E-06   -0.7068512749E-05   -0.3641749762E-04    0.0000000000E+00    0.0000000000E+00   -0.1092818527E-08
    0.3209948252E-08   -0.3962236855E-07    0.1572689070E-06    0.2433435655E-05    0.1230318306E-04    0.0000000000E+00    0.0000000000E+00    0.3335847339E-09
   -0.1191226454E-08    0.1362905426E-07   -0.5256163258E-07   -0.8131515073E-06   -0.4057679244E-05    0.0000000000E+00    0.0000000000E+00   -0.9785527115E-10
    0.4142180514E-09   -0.4426801617E-08    0.1673349427E-07    0.2587366795E-06    0.1279277979E-05    0.0000000000E+00    0.0000000000E+00    0.2720482876E-10
   -0.1314888163E-09    0.1324052241E-08   -0.4935376666E-08   -0.7625967359E-07   -0.3746063457E-06    0.0000000000E+00    0.0000000000E+00   -0.7002461477E-11
    0.3658049946E-10   -0.3501762359E-09    0.1292547619E-08    0.1995797417E-07    0.9758706892E-07    0.0000000000E+00    0.0000000000E+00    0.1605541045E-11
   -0.8336203957E-11    0.7651622140E-10   -0.2804995471E-09   -0.4328335604E-08   -0.2109468758E-07    0.0000000000E+00    0.0000000000E+00   -0.3070211403E-12
    0.1373680881E-11   -0.1218550190E-10    0.4445610578E-10    0.6856098201E-09    0.3333628872E-08    0.0000000000E+00    0.0000000000E+00    0.4328103461E-13
   -0.1213770263E-12    0.1047828099E-11   -0.3809874515E-11   -0.5872933304E-10   -0.2850859681E-09    0.0000000000E+00    0.0000000000E+00   -0.3338040158E-14
 l,ispin:           3           1
 psi n=1,noccmax(l):
   -0.7491847334E+01   -0.4794577536E+00    0.7516263580E+00   -0.6376963043E-01   -0.2470825437E+01    0.0000000000E+00    0.0000000000E+00
    0.2292860566E+02    0.1469836860E+01   -0.2260556264E+01   -0.5555688032E-01    0.6528927855E+01    0.0000000000E+00    0.0000000000E+00
   -0.3951709315E+02   -0.2538297842E+01    0.3820972533E+01    0.5736201178E+00   -0.9286186524E+01    0.0000000000E+00    0.0000000000E+00
    0.4917750518E+02    0.3163815801E+01   -0.4687160656E+01   -0.1151458424E+01    0.9758732696E+01    0.0000000000E+00    0.0000000000E+00
   -0.4382671254E+02   -0.2817804519E+01    0.4198415086E+01    0.8883032761E+00   -0.9264293861E+01    0.0000000000E+00    0.0000000000E+00
    0.2430491693E+02    0.1549335316E+01   -0.2469047484E+01    0.4457581867E+00    0.8980190860E+01    0.0000000000E+00    0.0000000000E+00
   -0.2140056211E+02   -0.1367996531E+01    0.2127079674E+01   -0.8523562296E-01   -0.6647997708E+01    0.0000000000E+00    0.0000000000E+00
    0.4164812655E+02    0.2711423242E+01   -0.3763333788E+01   -0.2504576809E+01    0.2085529597E+01    0.0000000000E+00    0.0000000000E+00
   -0.5748818604E+01   -0.3771828282E+00    0.6850428266E+00   -0.5356562680E+00   -0.4009678136E+01    0.0000000000E+00    0.0000000000E+00
   -0.1059101239E+02   -0.7004664436E+00    0.7652762578E+00    0.1825235894E+01    0.4384012592E+01    0.0000000000E+00    0.0000000000E+00
   -0.1011017470E+02   -0.6581705103E+00    0.9417866581E+00    0.4561928604E+00   -0.1149636325E+01    0.0000000000E+00    0.0000000000E+00
   -0.5231656242E+01   -0.3456950395E+00    0.3804468197E+00    0.8805163684E+00    0.2084265547E+01    0.0000000000E+00    0.0000000000E+00
   -0.2916305817E+01   -0.1885957923E+00    0.2867828685E+00    0.3804527239E-01   -0.7216176857E+00    0.0000000000E+00    0.0000000000E+00
   -0.1211469207E+01   -0.8026322491E-01    0.7297970152E-01    0.2845172204E+00    0.8263368076E+00    0.0000000000E+00    0.0000000000E+00
   -0.5535326287E+00   -0.3392104546E-01    0.6379352532E-01   -0.6062713170E-01   -0.4157933406E+00    0.0000000000E+00    0.0000000000E+00
   -0.1932815662E+00   -0.1242364893E-01    0.1294261282E-02    0.9120515993E-01    0.3347904900E+00    0.0000000000E+00    0.0000000000E+00
   -0.8057004942E-01   -0.3510019499E-02    0.1410125429E-01   -0.4437073109E-01   -0.2083425488E+00    0.0000000000E+00    0.0000000000E+00
   -0.2391805931E-01   -0.1970482534E-02   -0.4813510063E-02    0.3424708388E-01    0.1447462443E+00    0.0000000000E+00    0.0000000000E+00
   -0.9209147838E-02    0.2224053835E-02    0.1445870572E-02   -0.2579433540E-01   -0.1019252053E+00    0.0000000000E+00    0.0000000000E+00
   -0.2685901347E-02   -0.2338446984E-02    0.3333008091E-03    0.1917699903E-01    0.7171020017E-01    0.0000000000E+00    0.0000000000E+00
   -0.1049543716E-02    0.1776911840E-02   -0.1381432446E-02   -0.1564847336E-01   -0.5390370189E-01    0.0000000000E+00    0.0000000000E+00
   -0.1787282743E-03    0.9715806764E-04   -0.7152853839E-03    0.9173264674E-02    0.3683493402E-01    0.0000000000E+00    0.0000000000E+00
   -0.1000677096E-03   -0.3176120103E-04    0.3174523279E-03   -0.7151499735E-02   -0.2868166852E-01    0.0000000000E+00    0.0000000000E+00
   -0.1451788849E-05    0.3791090465E-03   -0.1267223834E-02    0.3197496922E-02    0.1921055472E-01    0.0000000000E+00    0.0000000000E+00
   -0.7141225869E-05    0.2151204137E-03    0.9016793538E-04   -0.3659649887E-02   -0.1875298106E-01    0.0000000000E+00    0.0000000000E+00
    0.1852539321E-05    0.2441584432E-03   -0.1021731414E-02    0.6868651696E-03    0.1494636645E-01    0.0000000000E+00    0.0000000000E+00
   -0.7421391272E-06    0.1203708285E-03    0.5096296385E-03    0.1546335975E-02   -0.6177976753E-02    0.0000000000E+00    0.0000000000E+00
    0.2705301569E-06   -0.9758802521E-05    0.5936746834E-04   -0.8642891426E-03    0.9149193416E-03    0.0000000000E+00    0.0000000000E+00
   -0.9544940160E-07    0.2389065809E-05   -0.1367834498E-04    0.1688763959E-03    0.1305440744E-03    0.0000000000E+00    0.0000000000E+00
    0.3265023066E-07   -0.6808199379E-06    0.3691011471E-05   -0.4303570242E-04   -0.6039587482E-04    0.0000000000E+00    0.0000000000E+00
   -0.1084942106E-07    0.2026331097E-06   -0.1056513699E-05    0.1196380048E-04    0.2028856291E-04    0.0000000000E+00    0.0000000000E+00
    0.3506464978E-08   -0.6089937458E-07    0.3089577811E-06   -0.3435626649E-05   -0.6352724168E-05    0.0000000000E+00    0.0000000000E+00
   -0.1101665110E-08    0.1819685699E-07   -0.9055779186E-07    0.9945738620E-06    0.1924112743E-05    0.0000000000E+00    0.0000000000E+00
    0.3353287091E-09   -0.5345704517E-08    0.2624345068E-07   -0.2856794902E-06   -0.5668227416E-06    0.0000000000E+00    0.0000000000E+00
   -0.9813101245E-10    0.1525151457E-08   -0.7415279161E-08    0.8020197990E-07    0.1614784834E-06    0.0000000000E+00    0.0000000000E+00
    0.2722798296E-10   -0.4155170337E-09    0.2006372067E-08   -0.2159837320E-07   -0.4386443994E-07    0.0000000000E+00    0.0000000000E+00
   -0.6997439027E-11    0.1053884751E-09   -0.5063875258E-09    0.5432420708E-08    0.1108999806E-07    0.0000000000E+00    0.0000000000E+00
    0.1602417950E-11   -0.2390590919E-10    0.1144654397E-09   -0.1224866566E-08   -0.2508257033E-08    0.0000000000E+00    0.0000000000E+00
   -0.3061331158E-12    0.4535940115E-11   -0.2166467762E-10    0.2314020519E-09    0.4747380225E-09    0.0000000000E+00    0.0000000000E+00
    0.4312462161E-13   -0.6358324330E-12    0.3031481866E-11   -0.3233615907E-10   -0.6641288029E-10    0.0000000000E+00    0.0000000000E+00
   -0.3324162179E-14    0.4883844291E-13   -0.2325540214E-12    0.2478195400E-11    0.5093076754E-11    0.0000000000E+00    0.0000000000E+00
 l,ispin:           3           2
 psi n=1,noccmax(l):
   -0.7788932097E+01   -0.4047566790E+00    0.6805389823E+00   -0.1227320456E+00   -0.2444429869E+01    0.0000000000E+00    0.0000000000E+00
    0.2389637128E+02    0.1244343661E+01   -0.2047840914E+01    0.1204976099E+00    0.6467424441E+01    0.0000000000E+00    0.0000000000E+00
   -0.4133145375E+02   -0.2157486805E+01    0.3466113564E+01    0.2816011986E+00   -0.9213486707E+01    0.0000000000E+00    0.0000000000E+00
    0.5162951727E+02    0.2700263309E+01   -0.4260619389E+01   -0.8036638134E+00    0.9692918917E+01    0.0000000000E+00    0.0000000000E+00
   -0.4605579760E+02   -0.2406933041E+01    0.3820949694E+01    0.5822900095E+00   -0.9188036866E+01    0.0000000000E+00    0.0000000000E+00
    0.2509293748E+02    0.1297333447E+01   -0.2224709494E+01    0.6522918791E+00    0.8889261178E+01    0.0000000000E+00    0.0000000000E+00
   -0.2148240956E+02   -0.1113890287E+01    0.1869277264E+01   -0.3198286432E+00   -0.6655754858E+01    0.0000000000E+00    0.0000000000E+00
    0.4412567220E+02    0.2341498068E+01   -0.3436830389E+01   -0.2243760677E+01    0.2135137540E+01    0.0000000000E+00    0.0000000000E+00
   -0.7136042599E+01   -0.3820453531E+00    0.7134247137E+00   -0.4783328688E+00   -0.3824760318E+01    0.0000000000E+00    0.0000000000E+00
   -0.1174864014E+02   -0.6343053935E+00    0.7228171286E+00    0.1800737957E+01    0.4302610713E+01    0.0000000000E+00    0.0000000000E+00
   -0.1071952663E+02   -0.5690161662E+00    0.8631005626E+00    0.3945483817E+00   -0.1144492950E+01    0.0000000000E+00    0.0000000000E+00
   -0.5445868165E+01   -0.2940542797E+00    0.3338274317E+00    0.8378016675E+00    0.2011933181E+01    0.0000000000E+00    0.0000000000E+00
   -0.2992996664E+01   -0.1575673574E+00    0.2566708151E+00    0.1189764056E-01   -0.7202720289E+00    0.0000000000E+00    0.0000000000E+00
   -0.1221480134E+01   -0.6607463541E-01    0.5932559512E-01    0.2706699499E+00    0.7969811519E+00    0.0000000000E+00    0.0000000000E+00
   -0.5509787421E+00   -0.2704195420E-01    0.5655568693E-01   -0.6706255528E-01   -0.4106926722E+00    0.0000000000E+00    0.0000000000E+00
   -0.1876309749E+00   -0.9678308049E-02   -0.1455367212E-02    0.8798429220E-01    0.3240454890E+00    0.0000000000E+00    0.0000000000E+00
   -0.7714441394E-01   -0.2315101101E-02    0.1269774526E-01   -0.4552936003E-01   -0.2043751060E+00    0.0000000000E+00    0.0000000000E+00
   -0.2172271954E-01   -0.1493571562E-02   -0.5313605013E-02    0.3346935765E-01    0.1404218455E+00    0.0000000000E+00    0.0000000000E+00
   -0.8416439504E-02    0.2393114796E-02    0.1213888902E-02   -0.2588073794E-01   -0.9959908652E-01    0.0000000000E+00    0.0000000000E+00
   -0.2184508822E-02   -0.2261539418E-02    0.2527293053E-03    0.1894721472E-01    0.6976765149E-01    0.0000000000E+00    0.0000000000E+00
   -0.8526132895E-03    0.1819194823E-02   -0.1459717588E-02   -0.1565631123E-01   -0.5273845066E-01    0.0000000000E+00    0.0000000000E+00
   -0.1092199384E-03    0.1063527513E-03   -0.7087174814E-03    0.9127742207E-02    0.3595934602E-01    0.0000000000E+00    0.0000000000E+00
   -0.7238322483E-04   -0.2190060685E-04    0.2826795349E-03   -0.7170341771E-02   -0.2812506536E-01    0.0000000000E+00    0.0000000000E+00
    0.5371904665E-05    0.3816416968E-03   -0.1258010028E-02    0.3198080744E-02    0.1879680367E-01    0.0000000000E+00    0.0000000000E+00
   -0.5696573191E-05    0.2165478342E-03    0.7966018041E-04   -0.3664848357E-02   -0.1842363808E-01    0.0000000000E+00    0.0000000000E+00
    0.1896444846E-05    0.2438063524E-03   -0.1008593036E-02    0.7338008902E-03    0.1481726511E-01    0.0000000000E+00    0.0000000000E+00
   -0.7235908574E-06    0.1194634713E-03    0.5088435267E-03    0.1512966800E-02   -0.6180335646E-02    0.0000000000E+00    0.0000000000E+00
    0.2641018893E-06   -0.9710354771E-05    0.5797511034E-04   -0.8552978178E-03    0.9367827762E-03    0.0000000000E+00    0.0000000000E+00
   -0.9340933737E-07    0.2378059143E-05   -0.1336266295E-04    0.1674852054E-03    0.1208464066E-03    0.0000000000E+00    0.0000000000E+00
    0.3205562941E-07   -0.6778167285E-06    0.3605679600E-05   -0.4272008929E-04   -0.5751991579E-04    0.0000000000E+00    0.0000000000E+00
   -0.1068970332E-07    0.2017650583E-06   -0.1032021770E-05    0.1188187610E-04    0.1944371848E-04    0.0000000000E+00    0.0000000000E+00
    0.3467023225E-08   -0.6064379218E-07    0.3017823277E-06   -0.3413112758E-05   -0.6104328414E-05    0.0000000000E+00    0.0000000000E+00
   -0.1092818527E-08    0.1812159343E-07   -0.8845242864E-07    0.9882456265E-06    0.1851451827E-05    0.0000000000E+00    0.0000000000E+00
    0.3335847339E-09   -0.5323822597E-08    0.2563301011E-07   -0.2838981514E-06   -0.5458596420E-06    0.0000000000E+00    0.0000000000E+00
   -0.9785527115E-10    0.1518954435E-08   -0.7242759943E-08    0.7970885325E-07    0.1555841175E-06    0.0000000000E+00    0.0000000000E+00
    0.2720482876E-10   -0.4138375535E-09    0.1959691397E-08   -0.2146686988E-07   -0.4227673430E-07    0.0000000000E+00    0.0000000000E+00
   -0.7002461477E-11    0.1049640937E-09   -0.4946063358E-09    0.5399571528E-08    0.1069080187E-07    0.0000000000E+00    0.0000000000E+00
    0.1605541045E-11   -0.2380989912E-10    0.1118025892E-09   -0.1217495605E-08   -0.2418300062E-08    0.0000000000E+00    0.0000000000E+00
   -0.3070211403E-12    0.4517757257E-11   -0.2116072727E-10    0.2300142439E-09    0.4577534841E-09    0.0000000000E+00    0.0000000000E+00
    0.4328103461E-13   -0.6332870166E-12    0.2960971015E-11   -0.3214268866E-10   -0.6404075153E-10    0.0000000000E+00    0.0000000000E+00
   -0.3338040158E-14    0.4864311326E-13   -0.2271452951E-12    0.2463392985E-11    0.4911364330E-11    0.0000000000E+00    0.0000000000E+00
