   40             4.00000 ng, rij 
     1.100     8.000                                       rcov,rprb 
 r                           (non)relativistic calculation
 PBE                         XC-functional
  9.000  7.000    0.1800000000   -0.3990926774E+02    0.3171310397E+01    0.0000000000E+00    0.0000000000E+00  znuc,zion,rloc,gpot()
   1                                                       lpx, (Projectors for l=0..lpx)
    0.1977172971    0.2613380635E+02   -0.0000000000E+00    0.0000000000E+00    0.0000000000E+00   -0.0000000000E+00    0.0000000000E+00  r_l(),hsep(), so=+0.5
    0.1625621890    0.4220099876E+01   -0.0000000000E+00    0.0000000000E+00    0.0000000000E+00   -0.0000000000E+00    0.0000000000E+00  r_l(),hsep(), so=+0.5
    0.4192954640E+01   -0.0000000000E+00    0.0000000000E+00    0.0000000000E+00   -0.0000000000E+00    0.0000000000E+00         hsep(), so=-0.5
 ---------------------------------------------
 Additional information (last calculation):
 gaussian exponents:
 xp():   174.59426695964143        123.45679012345680        87.297133479820715        61.728395061728428        43.648566739910358        30.864197530864214        21.824283369955186        15.432098765432112        10.912141684977593        7.7160493827160561        5.4560708424887991        3.8580246913580298        2.7280354212443996        1.9290123456790149        1.3640177106222007       0.96450617283950812       0.68200885531110056       0.48225308641975412       0.34100442765555034       0.24112654320987706       0.17050221382777517       0.12056327160493853        8.5251106913887639E-002   6.0281635802469306E-002   4.2625553456943813E-002   3.0140817901234667E-002   2.1312776728471910E-002   1.5070408950617330E-002   1.0656388364235955E-002   7.5352044753086702E-003   5.3281941821179818E-003   3.7676022376543351E-003   2.6640970910589913E-003   1.8838011188271676E-003   1.3320485455294954E-003   9.4190055941358410E-004   6.6602427276474794E-004   4.7095027970679205E-004   3.3301213638237408E-004   2.3547513985339608E-004
 orbital coefficients (one orbital per column)
 l,ispin:           0           1
 psi n=1,noccmax(l):
   -0.1414029965E-02   -0.3381079941E-03   -0.1141211335E-03    0.0000000000E+00
   -0.4385053699E-02    0.6269849059E-03   -0.9857984395E-04    0.0000000000E+00
    0.6161341297E-01    0.6045238587E-02    0.4985763083E-02    0.0000000000E+00
   -0.1665082897E+00   -0.2134514300E-01   -0.1568358149E-01    0.0000000000E+00
    0.1828417711E+00    0.2329192457E-01    0.1904649608E-01    0.0000000000E+00
   -0.5250920440E-01   -0.1780980781E-02   -0.8869173962E-02    0.0000000000E+00
    0.2042366040E+00    0.1928112139E-01    0.2189043981E-01    0.0000000000E+00
    0.5570559251E+00    0.9070307385E-01    0.4021345095E-01    0.0000000000E+00
   -0.3039640590E+00   -0.7274575377E-01   -0.2723995065E-01    0.0000000000E+00
    0.9082757973E+00    0.1601805801E+00    0.7606503406E-01    0.0000000000E+00
    0.7738834504E+00    0.9603629502E-01    0.7846348467E-01    0.0000000000E+00
    0.4066986093E+00    0.8981225602E-01    0.2904074128E-01    0.0000000000E+00
    0.5410127837E-01   -0.2083838339E-01    0.1435616042E-01    0.0000000000E+00
   -0.2781274169E+00   -0.1441124785E-01   -0.3762138254E-01    0.0000000000E+00
   -0.4507328431E+00   -0.1116613192E+00   -0.3552307787E-01    0.0000000000E+00
   -0.5121774884E+00   -0.5155524472E-01   -0.6263993863E-01    0.0000000000E+00
   -0.4810047683E+00   -0.1305891609E+00   -0.4644332670E-01    0.0000000000E+00
   -0.3959335784E+00   -0.7219212272E-01   -0.7350014621E-01    0.0000000000E+00
   -0.2486002065E+00   -0.6439570578E-01   -0.1316381501E-01    0.0000000000E+00
   -0.1528377803E+00   -0.2002843585E-01   -0.2750175145E-01    0.0000000000E+00
   -0.6910743006E-01   -0.8978873700E-01   -0.6414804461E-01    0.0000000000E+00
   -0.2598158679E-01   -0.1283026665E-01    0.3406577969E-01    0.0000000000E+00
   -0.4433809851E-02   -0.1810864001E-02   -0.9181200833E-01    0.0000000000E+00
   -0.1450161456E-02   -0.6027607691E-02    0.1467869570E+00    0.0000000000E+00
    0.4843449464E-03    0.7680153796E-01   -0.1542593445E+00    0.0000000000E+00
   -0.3603050119E-03   -0.3307321514E-01    0.2070483396E+00    0.0000000000E+00
    0.2432737775E-03    0.8449288193E-01   -0.1587305449E+00    0.0000000000E+00
   -0.1619427930E-03   -0.2144409823E-01    0.1784326163E+00    0.0000000000E+00
    0.1058939048E-03    0.5010672361E-01   -0.1277710099E+00    0.0000000000E+00
   -0.6786181536E-04    0.1356754190E-02    0.3150789777E+00    0.0000000000E+00
    0.4248303978E-04    0.2374663520E-01   -0.2079555333E+00    0.0000000000E+00
   -0.2585948853E-04   -0.9656808280E-02   -0.4119622456E-01    0.0000000000E+00
    0.1520308412E-04    0.5221296033E-02    0.1358192111E-01    0.0000000000E+00
   -0.8550174523E-05   -0.2755547432E-02   -0.5219644938E-02    0.0000000000E+00
    0.4536717556E-05    0.1373809497E-02    0.2094582701E-02    0.0000000000E+00
   -0.2226008079E-05   -0.6332853715E-03   -0.8289390991E-03    0.0000000000E+00
    0.9806658273E-06    0.2625491597E-03    0.3084099272E-03    0.0000000000E+00
   -0.3709550628E-06   -0.9382488972E-04   -0.1020483241E-03    0.0000000000E+00
    0.1121648332E-06    0.2695313449E-04    0.2775450403E-04    0.0000000000E+00
   -0.2384414134E-07   -0.5480154262E-05   -0.5428092338E-05    0.0000000000E+00
    0.2635170053E-08    0.5833622217E-06    0.5621256392E-06    0.0000000000E+00
 l,ispin:           1           1
 psi n=1,noccmax(l):
   -0.2093849501E-01   -0.2512522878E-03   -0.1078425480E-02    0.0000000000E+00
   -0.1602450098E+00    0.2269514610E-01   -0.2026283757E-01    0.0000000000E+00
    0.4350946248E+00   -0.5851687533E-01    0.5363962757E-01    0.0000000000E+00
    0.5796600028E-01    0.3152272912E-01   -0.1255355751E-01    0.0000000000E+00
   -0.7590114989E+00    0.1438400175E-01   -0.4992446430E-01    0.0000000000E+00
    0.7162107324E+00   -0.5111387975E-03    0.4116486318E-01    0.0000000000E+00
    0.2954582369E+00   -0.9320428995E-01    0.6267876240E-01    0.0000000000E+00
    0.1937179971E+01   -0.9671984625E-01    0.1601142233E+00    0.0000000000E+00
    0.1677683347E+01   -0.2160082617E+00    0.2018701006E+00    0.0000000000E+00
    0.1408149508E+01   -0.4872942998E-01    0.1042826736E+00    0.0000000000E+00
    0.1432550760E+01   -0.1934838666E+00    0.1780748467E+00    0.0000000000E+00
    0.1380634644E+01   -0.5252891803E-01    0.1051622449E+00    0.0000000000E+00
    0.1233875270E+01   -0.1707308490E+00    0.1562156152E+00    0.0000000000E+00
    0.1033977740E+01   -0.3033225379E-01    0.7452048500E-01    0.0000000000E+00
    0.7872242906E+00   -0.1251624853E+00    0.1086216438E+00    0.0000000000E+00
    0.5653162899E+00    0.2733563829E-02    0.3078671882E-01    0.0000000000E+00
    0.3838260130E+00   -0.8342716742E-01    0.6583846317E-01    0.0000000000E+00
    0.2497510382E+00    0.2038693019E-01    0.4693427502E-02    0.0000000000E+00
    0.1392701015E+00   -0.4922970703E-01    0.3173241822E-01    0.0000000000E+00
    0.7935846275E-01    0.2755120095E-01   -0.9993682329E-02    0.0000000000E+00
    0.4137838890E-01   -0.3785536302E-01    0.2675941978E-01    0.0000000000E+00
    0.1924167593E-01    0.2487376860E-01   -0.1703654427E-01    0.0000000000E+00
    0.7104189872E-02   -0.1904125898E-01    0.1651134828E-01    0.0000000000E+00
    0.2233203302E-02    0.1568933404E-01   -0.2086150394E-01    0.0000000000E+00
    0.4293254200E-03   -0.3121804483E-02    0.1275257669E-01    0.0000000000E+00
    0.9268296236E-04    0.3323817193E-02   -0.1849258602E-01    0.0000000000E+00
   -0.9828546993E-05    0.3253098509E-02    0.1126763483E-01    0.0000000000E+00
    0.8381137993E-05    0.4683915654E-03   -0.1597166890E-01    0.0000000000E+00
   -0.4539235416E-05    0.1688276993E-02    0.1178493503E-01    0.0000000000E+00
    0.2445089841E-05    0.1942108209E-02   -0.3027097412E-01    0.0000000000E+00
   -0.1283491141E-05    0.4339571250E-02    0.1398961198E-01    0.0000000000E+00
    0.6533175701E-06   -0.5416042379E-03    0.4842854234E-02    0.0000000000E+00
   -0.3204700407E-06    0.2059768074E-03   -0.1563323523E-02    0.0000000000E+00
    0.1502314566E-06   -0.8502058307E-04    0.5761944609E-03    0.0000000000E+00
   -0.6651075598E-07    0.3450401297E-04   -0.2167105282E-03    0.0000000000E+00
    0.2732549017E-07   -0.1323894741E-04    0.7894664309E-04    0.0000000000E+00
   -0.1014448156E-07    0.4644936060E-05   -0.2672278747E-04    0.0000000000E+00
    0.3264241885E-08   -0.1425898583E-05    0.8000517099E-05    0.0000000000E+00
   -0.8499774209E-09    0.3571422783E-06   -0.1968960628E-05    0.0000000000E+00
    0.1579188126E-09   -0.6429365982E-07    0.3500940544E-06    0.0000000000E+00
   -0.1550780225E-10    0.6156918802E-08   -0.3323389611E-07    0.0000000000E+00
 l,ispin:           1           2
 psi n=1,noccmax(l):
    0.2104650177E-01   -0.2461734709E-03   -0.1087993900E-02    0.0000000000E+00
    0.1609903593E+00    0.2271836400E-01   -0.2026755330E-01    0.0000000000E+00
   -0.4374292817E+00   -0.5860842438E-01    0.5369212157E-01    0.0000000000E+00
   -0.5720815893E-01    0.3159110504E-01   -0.1256060855E-01    0.0000000000E+00
    0.7612045668E+00    0.1440895508E-01   -0.5003746888E-01    0.0000000000E+00
   -0.7189390748E+00   -0.5984607837E-03    0.4137312224E-01    0.0000000000E+00
   -0.2987160398E+00   -0.9339063681E-01    0.6274911633E-01    0.0000000000E+00
   -0.1948943333E+01   -0.9731196730E-01    0.1609000028E+00    0.0000000000E+00
   -0.1690514510E+01   -0.2166822729E+00    0.2024627741E+00    0.0000000000E+00
   -0.1418019776E+01   -0.4926994732E-01    0.1050223007E+00    0.0000000000E+00
   -0.1440114642E+01   -0.1937841098E+00    0.1782467558E+00    0.0000000000E+00
   -0.1386346157E+01   -0.5272849810E-01    0.1054970397E+00    0.0000000000E+00
   -0.1237811463E+01   -0.1707740842E+00    0.1561071953E+00    0.0000000000E+00
   -0.1036505651E+01   -0.3033714486E-01    0.7462334550E-01    0.0000000000E+00
   -0.7886139704E+00   -0.1250903341E+00    0.1084043869E+00    0.0000000000E+00
   -0.5659715841E+00    0.2789056991E-02    0.3081576874E-01    0.0000000000E+00
   -0.3840163030E+00   -0.8334688911E-01    0.6563557415E-01    0.0000000000E+00
   -0.2496278863E+00    0.2044337283E-01    0.4712624302E-02    0.0000000000E+00
   -0.1390889549E+00   -0.4915708419E-01    0.3156041846E-01    0.0000000000E+00
   -0.7917761513E-01    0.2757260786E-01   -0.9941928782E-02    0.0000000000E+00
   -0.4120454980E-01   -0.3781480774E-01    0.2663607118E-01    0.0000000000E+00
   -0.1911907716E-01    0.2489248315E-01   -0.1699514920E-01    0.0000000000E+00
   -0.7034663791E-02   -0.1901301649E-01    0.1642093892E-01    0.0000000000E+00
   -0.2203929934E-02    0.1570279300E-01   -0.2082900174E-01    0.0000000000E+00
   -0.4200306139E-03   -0.3109618511E-02    0.1269979726E-01    0.0000000000E+00
   -0.9093499442E-04    0.3332228478E-02   -0.1846971689E-01    0.0000000000E+00
    0.1007224269E-04    0.3257029896E-02    0.1123381733E-01    0.0000000000E+00
   -0.8406782335E-05    0.4725665655E-03   -0.1594848471E-01    0.0000000000E+00
    0.4558627114E-05    0.1690898838E-02    0.1174633033E-01    0.0000000000E+00
   -0.2456005321E-05    0.1944387157E-02   -0.3022854183E-01    0.0000000000E+00
    0.1289429506E-05    0.4333337576E-02    0.1399523731E-01    0.0000000000E+00
   -0.6564379443E-06   -0.5412455412E-03    0.4828882480E-02    0.0000000000E+00
    0.3220487017E-06    0.2058537231E-03   -0.1558925204E-02    0.0000000000E+00
   -0.1509947063E-06   -0.8497192647E-04    0.5745803057E-03    0.0000000000E+00
    0.6685911567E-07    0.3448475961E-04   -0.2161038162E-03    0.0000000000E+00
   -0.2747284728E-07   -0.1323168478E-04    0.7872562123E-04    0.0000000000E+00
    0.1020068033E-07    0.4642418876E-05   -0.2664797448E-04    0.0000000000E+00
   -0.3282764003E-08   -0.1425132784E-05    0.7978121540E-05    0.0000000000E+00
    0.8549010276E-09    0.3569517505E-06   -0.1963450040E-05    0.0000000000E+00
   -0.1588495180E-09   -0.6425953118E-07    0.3491144501E-06    0.0000000000E+00
    0.1560049525E-10    0.6153662644E-08   -0.3314092370E-07    0.0000000000E+00
 l,ispin:           2           1
 psi n=1,noccmax(l):
   -0.1336627124E-01   -0.2863082823E-01    0.4331280624E-01    0.0000000000E+00    0.0000000000E+00
    0.4609408501E-01    0.9877921321E-01   -0.1506468792E+00    0.0000000000E+00    0.0000000000E+00
   -0.8612930453E-01   -0.1846075767E+00    0.2824568495E+00    0.0000000000E+00    0.0000000000E+00
    0.1182214343E+00    0.2532671518E+00   -0.3841398229E+00    0.0000000000E+00    0.0000000000E+00
   -0.1343833440E+00   -0.2877285845E+00    0.4320682132E+00    0.0000000000E+00    0.0000000000E+00
    0.1346625047E+00    0.2883202661E+00   -0.4328618556E+00    0.0000000000E+00    0.0000000000E+00
   -0.1238219835E+00   -0.2652899255E+00    0.4032760583E+00    0.0000000000E+00    0.0000000000E+00
    0.1105195073E+00    0.2364179967E+00   -0.3494568847E+00    0.0000000000E+00    0.0000000000E+00
   -0.9021215011E-01   -0.1937207274E+00    0.3067808430E+00    0.0000000000E+00    0.0000000000E+00
    0.7795225165E-01    0.1666871290E+00   -0.2452421095E+00    0.0000000000E+00    0.0000000000E+00
   -0.6157904800E-01   -0.1320879617E+00    0.2059832549E+00    0.0000000000E+00    0.0000000000E+00
    0.5153998749E-01    0.1101466529E+00   -0.1611663623E+00    0.0000000000E+00    0.0000000000E+00
   -0.3974314535E-01   -0.8524387136E-01    0.1338316215E+00    0.0000000000E+00    0.0000000000E+00
    0.3325671460E-01    0.7097937969E-01   -0.1024708830E+00    0.0000000000E+00    0.0000000000E+00
   -0.2518555428E-01   -0.5398808272E-01    0.8528566876E-01    0.0000000000E+00    0.0000000000E+00
    0.2118584765E-01    0.4513783181E-01   -0.6441755128E-01    0.0000000000E+00    0.0000000000E+00
   -0.1597979049E-01   -0.3419009900E-01    0.5355697938E-01    0.0000000000E+00    0.0000000000E+00
    0.1337521742E-01    0.2846849586E-01   -0.4046729798E-01    0.0000000000E+00    0.0000000000E+00
   -0.9843492139E-02   -0.2110231260E-01    0.3430231172E-01    0.0000000000E+00    0.0000000000E+00
    0.8313374489E-02    0.1773894045E-01   -0.2573713258E-01    0.0000000000E+00    0.0000000000E+00
   -0.6392511086E-02   -0.1378213122E-01    0.2082670792E-01    0.0000000000E+00    0.0000000000E+00
    0.5161775869E-02    0.1136605674E-01   -0.1572592159E-01    0.0000000000E+00    0.0000000000E+00
   -0.3515390588E-02   -0.8265978059E-02    0.1340380631E-01    0.0000000000E+00    0.0000000000E+00
    0.2726482916E-02    0.7022110541E-02   -0.9550842334E-02    0.0000000000E+00    0.0000000000E+00
   -0.1349476810E-02   -0.4652863099E-02    0.8511266347E-02    0.0000000000E+00    0.0000000000E+00
    0.8554267220E-03    0.3894531032E-02   -0.6011355713E-02    0.0000000000E+00    0.0000000000E+00
   -0.2282923173E-03   -0.2602165111E-02    0.5294906326E-02    0.0000000000E+00    0.0000000000E+00
    0.2120367444E-03    0.2401968670E-02   -0.3536589346E-02    0.0000000000E+00    0.0000000000E+00
   -0.7869493986E-04   -0.1998677191E-02    0.2654939710E-02    0.0000000000E+00    0.0000000000E+00
    0.1545845759E-03    0.3030120630E-02    0.4603901496E-02    0.0000000000E+00    0.0000000000E+00
    0.4469024785E-03   -0.7379669005E-03   -0.7117229677E-02    0.0000000000E+00    0.0000000000E+00
   -0.2309304967E-04   -0.4663471320E-03    0.3195047200E-02    0.0000000000E+00    0.0000000000E+00
    0.5812685552E-05    0.1243980452E-03   -0.6490122982E-03    0.0000000000E+00    0.0000000000E+00
   -0.1770000055E-05   -0.3846558283E-04    0.1788432676E-03    0.0000000000E+00    0.0000000000E+00
    0.5604956088E-06    0.1221775672E-04   -0.5334361624E-04    0.0000000000E+00    0.0000000000E+00
   -0.1738076386E-06   -0.3783220398E-05    0.1589032321E-04    0.0000000000E+00    0.0000000000E+00
    0.5054689993E-07    0.1097003618E-05   -0.4491935229E-05    0.0000000000E+00    0.0000000000E+00
   -0.1312895830E-07   -0.2840260744E-06    0.1143062846E-05    0.0000000000E+00    0.0000000000E+00
    0.2834081751E-08    0.6113266610E-07   -0.2430934844E-06    0.0000000000E+00    0.0000000000E+00
   -0.4475374841E-09   -0.9629850327E-08    0.3797208486E-07    0.0000000000E+00    0.0000000000E+00
    0.3825363967E-10    0.8214824685E-09   -0.3220063423E-08    0.0000000000E+00    0.0000000000E+00
 l,ispin:           2           2
 psi n=1,noccmax(l):
   -0.1336627124E-01   -0.2863082823E-01    0.4331280624E-01    0.0000000000E+00    0.0000000000E+00
    0.4609408501E-01    0.9877921321E-01   -0.1506468792E+00    0.0000000000E+00    0.0000000000E+00
   -0.8612930453E-01   -0.1846075767E+00    0.2824568495E+00    0.0000000000E+00    0.0000000000E+00
    0.1182214343E+00    0.2532671518E+00   -0.3841398229E+00    0.0000000000E+00    0.0000000000E+00
   -0.1343833440E+00   -0.2877285845E+00    0.4320682132E+00    0.0000000000E+00    0.0000000000E+00
    0.1346625047E+00    0.2883202661E+00   -0.4328618556E+00    0.0000000000E+00    0.0000000000E+00
   -0.1238219835E+00   -0.2652899255E+00    0.4032760583E+00    0.0000000000E+00    0.0000000000E+00
    0.1105195073E+00    0.2364179967E+00   -0.3494568847E+00    0.0000000000E+00    0.0000000000E+00
   -0.9021215011E-01   -0.1937207274E+00    0.3067808430E+00    0.0000000000E+00    0.0000000000E+00
    0.7795225165E-01    0.1666871290E+00   -0.2452421095E+00    0.0000000000E+00    0.0000000000E+00
   -0.6157904800E-01   -0.1320879617E+00    0.2059832549E+00    0.0000000000E+00    0.0000000000E+00
    0.5153998749E-01    0.1101466529E+00   -0.1611663623E+00    0.0000000000E+00    0.0000000000E+00
   -0.3974314535E-01   -0.8524387136E-01    0.1338316215E+00    0.0000000000E+00    0.0000000000E+00
    0.3325671460E-01    0.7097937969E-01   -0.1024708830E+00    0.0000000000E+00    0.0000000000E+00
   -0.2518555428E-01   -0.5398808272E-01    0.8528566876E-01    0.0000000000E+00    0.0000000000E+00
    0.2118584765E-01    0.4513783181E-01   -0.6441755128E-01    0.0000000000E+00    0.0000000000E+00
   -0.1597979049E-01   -0.3419009900E-01    0.5355697938E-01    0.0000000000E+00    0.0000000000E+00
    0.1337521742E-01    0.2846849586E-01   -0.4046729798E-01    0.0000000000E+00    0.0000000000E+00
   -0.9843492139E-02   -0.2110231260E-01    0.3430231172E-01    0.0000000000E+00    0.0000000000E+00
    0.8313374489E-02    0.1773894045E-01   -0.2573713258E-01    0.0000000000E+00    0.0000000000E+00
   -0.6392511086E-02   -0.1378213122E-01    0.2082670792E-01    0.0000000000E+00    0.0000000000E+00
    0.5161775869E-02    0.1136605674E-01   -0.1572592159E-01    0.0000000000E+00    0.0000000000E+00
   -0.3515390588E-02   -0.8265978059E-02    0.1340380631E-01    0.0000000000E+00    0.0000000000E+00
    0.2726482916E-02    0.7022110541E-02   -0.9550842334E-02    0.0000000000E+00    0.0000000000E+00
   -0.1349476810E-02   -0.4652863099E-02    0.8511266347E-02    0.0000000000E+00    0.0000000000E+00
    0.8554267220E-03    0.3894531032E-02   -0.6011355713E-02    0.0000000000E+00    0.0000000000E+00
   -0.2282923173E-03   -0.2602165111E-02    0.5294906326E-02    0.0000000000E+00    0.0000000000E+00
    0.2120367444E-03    0.2401968670E-02   -0.3536589346E-02    0.0000000000E+00    0.0000000000E+00
   -0.7869493986E-04   -0.1998677191E-02    0.2654939710E-02    0.0000000000E+00    0.0000000000E+00
    0.1545845759E-03    0.3030120630E-02    0.4603901496E-02    0.0000000000E+00    0.0000000000E+00
    0.4469024785E-03   -0.7379669005E-03   -0.7117229677E-02    0.0000000000E+00    0.0000000000E+00
   -0.2309304967E-04   -0.4663471320E-03    0.3195047200E-02    0.0000000000E+00    0.0000000000E+00
    0.5812685552E-05    0.1243980452E-03   -0.6490122982E-03    0.0000000000E+00    0.0000000000E+00
   -0.1770000055E-05   -0.3846558283E-04    0.1788432676E-03    0.0000000000E+00    0.0000000000E+00
    0.5604956088E-06    0.1221775672E-04   -0.5334361624E-04    0.0000000000E+00    0.0000000000E+00
   -0.1738076386E-06   -0.3783220398E-05    0.1589032321E-04    0.0000000000E+00    0.0000000000E+00
    0.5054689993E-07    0.1097003618E-05   -0.4491935229E-05    0.0000000000E+00    0.0000000000E+00
   -0.1312895830E-07   -0.2840260744E-06    0.1143062846E-05    0.0000000000E+00    0.0000000000E+00
    0.2834081751E-08    0.6113266610E-07   -0.2430934844E-06    0.0000000000E+00    0.0000000000E+00
   -0.4475374841E-09   -0.9629850327E-08    0.3797208486E-07    0.0000000000E+00    0.0000000000E+00
    0.3825363967E-10    0.8214824685E-09   -0.3220063423E-08    0.0000000000E+00    0.0000000000E+00
 l,ispin:           3           1
 psi n=1,noccmax(l):
   -0.4417429005E-01    0.2916159273E+00   -0.3062834525E+00    0.0000000000E+00    0.0000000000E+00
    0.1208113090E+00   -0.7975294827E+00    0.8376544029E+00    0.0000000000E+00    0.0000000000E+00
   -0.1809889134E+00    0.1194760845E+01   -0.1254872757E+01    0.0000000000E+00    0.0000000000E+00
    0.2002463886E+00   -0.1321767339E+01    0.1388175939E+01    0.0000000000E+00    0.0000000000E+00
   -0.1852425801E+00    0.1222552587E+01   -0.1283826187E+01    0.0000000000E+00    0.0000000000E+00
    0.1531668263E+00   -0.1010710250E+01    0.1061277188E+01    0.0000000000E+00    0.0000000000E+00
   -0.1178097375E+00    0.7772965638E+00   -0.8161821429E+00    0.0000000000E+00    0.0000000000E+00
    0.8648490352E-01   -0.5703416526E+00    0.5986466649E+00    0.0000000000E+00    0.0000000000E+00
   -0.6148479610E-01    0.4055664422E+00   -0.4259781270E+00    0.0000000000E+00    0.0000000000E+00
    0.4293509389E-01   -0.2827898597E+00    0.2966219090E+00    0.0000000000E+00    0.0000000000E+00
   -0.2953160209E-01    0.1944244347E+00   -0.2039928807E+00    0.0000000000E+00    0.0000000000E+00
    0.2019245822E-01   -0.1326086773E+00    0.1388629406E+00    0.0000000000E+00    0.0000000000E+00
   -0.1369618711E-01    0.8984483383E-01   -0.9412434484E-01    0.0000000000E+00    0.0000000000E+00
    0.9314205479E-02   -0.6076132612E-01    0.6337537561E-01    0.0000000000E+00    0.0000000000E+00
   -0.6290038031E-02    0.4092100103E-01   -0.4271012529E-01    0.0000000000E+00    0.0000000000E+00
    0.4296276332E-02   -0.2762860081E-01    0.2857398739E-01    0.0000000000E+00    0.0000000000E+00
   -0.2912117690E-02    0.1858693408E-01   -0.1920467065E-01    0.0000000000E+00    0.0000000000E+00
    0.2011078535E-02   -0.1257435360E-01    0.1279240537E-01    0.0000000000E+00    0.0000000000E+00
   -0.1368110523E-02    0.8455194166E-02   -0.8621376056E-02    0.0000000000E+00    0.0000000000E+00
    0.9681375428E-03   -0.5762223914E-02    0.5697368269E-02    0.0000000000E+00    0.0000000000E+00
   -0.6825434654E-03    0.3923368915E-02   -0.3781706246E-02    0.0000000000E+00    0.0000000000E+00
    0.4883820944E-03   -0.2693653695E-02    0.2476501440E-02    0.0000000000E+00    0.0000000000E+00
   -0.3301501339E-03    0.1817544114E-02   -0.1674044603E-02    0.0000000000E+00    0.0000000000E+00
    0.2312323418E-03   -0.1260582918E-02    0.1062109864E-02    0.0000000000E+00    0.0000000000E+00
   -0.1291961312E-03    0.8189985630E-03   -0.7508374140E-03    0.0000000000E+00    0.0000000000E+00
    0.7478419929E-04   -0.5577461495E-03    0.4722635182E-03    0.0000000000E+00    0.0000000000E+00
   -0.2983871438E-04    0.3581509653E-03   -0.3294400983E-03    0.0000000000E+00    0.0000000000E+00
    0.1815586651E-04   -0.2607379296E-03    0.1709022975E-03    0.0000000000E+00    0.0000000000E+00
   -0.9869510193E-05    0.2002818516E-03   -0.3840753615E-04    0.0000000000E+00    0.0000000000E+00
    0.9768449636E-05   -0.2261884157E-03   -0.4482062641E-03    0.0000000000E+00    0.0000000000E+00
    0.3146158137E-04    0.3547081955E-04    0.4400249882E-03    0.0000000000E+00    0.0000000000E+00
   -0.1211559584E-05    0.2785509985E-04   -0.1537295043E-03    0.0000000000E+00    0.0000000000E+00
    0.2451241727E-06   -0.6190947534E-05    0.2478391331E-04    0.0000000000E+00    0.0000000000E+00
   -0.6094669453E-07    0.1605800425E-05   -0.5592037911E-05    0.0000000000E+00    0.0000000000E+00
    0.1595696273E-07   -0.4298504321E-06    0.1386849323E-05    0.0000000000E+00    0.0000000000E+00
   -0.4139143709E-08    0.1128200275E-06   -0.3473919564E-06    0.0000000000E+00    0.0000000000E+00
    0.1018610647E-08   -0.2793247595E-07    0.8344490301E-07    0.0000000000E+00    0.0000000000E+00
   -0.2265750060E-09    0.6231126996E-08   -0.1824135075E-07    0.0000000000E+00    0.0000000000E+00
    0.4242600485E-10   -0.1168144983E-08    0.3372749187E-08    0.0000000000E+00    0.0000000000E+00
   -0.5892907770E-11    0.1622999824E-09   -0.4641571061E-09    0.0000000000E+00    0.0000000000E+00
    0.4497251015E-12   -0.1238441538E-10    0.3518408384E-10    0.0000000000E+00    0.0000000000E+00
 l,ispin:           3           2
 psi n=1,noccmax(l):
   -0.4417429005E-01    0.2916159273E+00   -0.3062834525E+00    0.0000000000E+00    0.0000000000E+00
    0.1208113090E+00   -0.7975294827E+00    0.8376544029E+00    0.0000000000E+00    0.0000000000E+00
   -0.1809889134E+00    0.1194760845E+01   -0.1254872757E+01    0.0000000000E+00    0.0000000000E+00
    0.2002463886E+00   -0.1321767339E+01    0.1388175939E+01    0.0000000000E+00    0.0000000000E+00
   -0.1852425801E+00    0.1222552587E+01   -0.1283826187E+01    0.0000000000E+00    0.0000000000E+00
    0.1531668263E+00   -0.1010710250E+01    0.1061277188E+01    0.0000000000E+00    0.0000000000E+00
   -0.1178097375E+00    0.7772965638E+00   -0.8161821429E+00    0.0000000000E+00    0.0000000000E+00
    0.8648490352E-01   -0.5703416526E+00    0.5986466649E+00    0.0000000000E+00    0.0000000000E+00
   -0.6148479610E-01    0.4055664422E+00   -0.4259781270E+00    0.0000000000E+00    0.0000000000E+00
    0.4293509389E-01   -0.2827898597E+00    0.2966219090E+00    0.0000000000E+00    0.0000000000E+00
   -0.2953160209E-01    0.1944244347E+00   -0.2039928807E+00    0.0000000000E+00    0.0000000000E+00
    0.2019245822E-01   -0.1326086773E+00    0.1388629406E+00    0.0000000000E+00    0.0000000000E+00
   -0.1369618711E-01    0.8984483383E-01   -0.9412434484E-01    0.0000000000E+00    0.0000000000E+00
    0.9314205479E-02   -0.6076132612E-01    0.6337537561E-01    0.0000000000E+00    0.0000000000E+00
   -0.6290038031E-02    0.4092100103E-01   -0.4271012529E-01    0.0000000000E+00    0.0000000000E+00
    0.4296276332E-02   -0.2762860081E-01    0.2857398739E-01    0.0000000000E+00    0.0000000000E+00
   -0.2912117690E-02    0.1858693408E-01   -0.1920467065E-01    0.0000000000E+00    0.0000000000E+00
    0.2011078535E-02   -0.1257435360E-01    0.1279240537E-01    0.0000000000E+00    0.0000000000E+00
   -0.1368110523E-02    0.8455194166E-02   -0.8621376056E-02    0.0000000000E+00    0.0000000000E+00
    0.9681375428E-03   -0.5762223914E-02    0.5697368269E-02    0.0000000000E+00    0.0000000000E+00
   -0.6825434654E-03    0.3923368915E-02   -0.3781706246E-02    0.0000000000E+00    0.0000000000E+00
    0.4883820944E-03   -0.2693653695E-02    0.2476501440E-02    0.0000000000E+00    0.0000000000E+00
   -0.3301501339E-03    0.1817544114E-02   -0.1674044603E-02    0.0000000000E+00    0.0000000000E+00
    0.2312323418E-03   -0.1260582918E-02    0.1062109864E-02    0.0000000000E+00    0.0000000000E+00
   -0.1291961312E-03    0.8189985630E-03   -0.7508374140E-03    0.0000000000E+00    0.0000000000E+00
    0.7478419929E-04   -0.5577461495E-03    0.4722635182E-03    0.0000000000E+00    0.0000000000E+00
   -0.2983871438E-04    0.3581509653E-03   -0.3294400983E-03    0.0000000000E+00    0.0000000000E+00
    0.1815586651E-04   -0.2607379296E-03    0.1709022975E-03    0.0000000000E+00    0.0000000000E+00
   -0.9869510193E-05    0.2002818516E-03   -0.3840753615E-04    0.0000000000E+00    0.0000000000E+00
    0.9768449636E-05   -0.2261884157E-03   -0.4482062641E-03    0.0000000000E+00    0.0000000000E+00
    0.3146158137E-04    0.3547081955E-04    0.4400249882E-03    0.0000000000E+00    0.0000000000E+00
   -0.1211559584E-05    0.2785509985E-04   -0.1537295043E-03    0.0000000000E+00    0.0000000000E+00
    0.2451241727E-06   -0.6190947534E-05    0.2478391331E-04    0.0000000000E+00    0.0000000000E+00
   -0.6094669453E-07    0.1605800425E-05   -0.5592037911E-05    0.0000000000E+00    0.0000000000E+00
    0.1595696273E-07   -0.4298504321E-06    0.1386849323E-05    0.0000000000E+00    0.0000000000E+00
   -0.4139143709E-08    0.1128200275E-06   -0.3473919564E-06    0.0000000000E+00    0.0000000000E+00
    0.1018610647E-08   -0.2793247595E-07    0.8344490301E-07    0.0000000000E+00    0.0000000000E+00
   -0.2265750060E-09    0.6231126996E-08   -0.1824135075E-07    0.0000000000E+00    0.0000000000E+00
    0.4242600485E-10   -0.1168144983E-08    0.3372749187E-08    0.0000000000E+00    0.0000000000E+00
   -0.5892907770E-11    0.1622999824E-09   -0.4641571061E-09    0.0000000000E+00    0.0000000000E+00
    0.4497251015E-12   -0.1238441538E-10    0.3518408384E-10    0.0000000000E+00    0.0000000000E+00
