   40             4.00000 ng, rij 
     2.720     5.440                                       rcov,rprb 
 r                           (non)relativistic calculation
 PBE                         XC-functional
 90.000 30.000    0.2450000000    0.1501765067E+03   -0.1079015291E+02    0.0000000000E+00    0.0000000000E+00  znuc,zion,rloc,gpot()
   3                                                       lpx, (Projectors for l=0..lpx)
    0.1843652639    0.6601826735E+01    0.2482667391E+02   -0.6078210847E+02   -0.1766431486E+02    0.4560906486E+02   -0.3620107295E+02  r_l(),hsep(), so=+0.5
    0.2065540469    0.8628855044E+01   -0.9383019131E+00   -0.4007898407E+01   -0.3074222851E+01    0.7274939063E+01   -0.5170337838E+01  r_l(),hsep(), so=+0.5
   -0.8542257848E+01    0.6936900180E+01   -0.3400587924E+01    0.2887509565E+01   -0.6833094785E+01    0.4856316762E+01         hsep(), so=-0.5
    0.5501639986    0.9841724424E+00   -0.6629797513E+00    0.7517483770E+00    0.0000000000E+00   -0.0000000000E+00    0.0000000000E+00  r_l(),hsep(), so=+0.5
    0.2913266785E+00   -0.1703658867E+00    0.1931767578E+00    0.0000000000E+00   -0.0000000000E+00    0.0000000000E+00         hsep(), so=-0.5
    0.2646861215    0.1179701797E+00   -0.0000000000E+00    0.0000000000E+00    0.0000000000E+00   -0.0000000000E+00    0.0000000000E+00  r_l(),hsep(), so=+0.5
   -0.1773457387E+00   -0.0000000000E+00    0.0000000000E+00    0.0000000000E+00   -0.0000000000E+00    0.0000000000E+00         hsep(), so=-0.5
 ---------------------------------------------
 Additional information (last calculation):
 gaussian exponents:
 xp():   94.241636809535706        66.638900458142459        47.120818404767874        33.319450229071236        23.560409202383937        16.659725114535622        11.780204601191974        8.3298625572678127        5.8901023005959861        4.1649312786339063        2.9450511502979944        2.0824656393169541        1.4725255751489972        1.0412328196584770       0.73626278757449892       0.52061640982923874       0.36813139378724952       0.26030820491461942       0.18406569689362487       0.13015410245730974        9.2032848446812435E-002   6.5077051228654870E-002   4.6016424223406238E-002   3.2538525614327456E-002   2.3008212111703116E-002   1.6269262807163731E-002   1.1504106055851560E-002   8.1346314035818674E-003   5.7520530279257806E-003   4.0673157017909337E-003   2.8760265139628912E-003   2.0336578508954677E-003   1.4380132569814462E-003   1.0168289254477336E-003   7.1900662849072301E-004   5.0841446272386715E-004   3.5950331424536172E-004   2.5420723136193352E-004   1.7975165712268086E-004   1.2710361568096684E-004
 orbital coefficients (one orbital per column)
 l,ispin:           0           1
 psi n=1,noccmax(l):
    0.1951108976E+00    0.5817930721E-01    0.1961307410E-01    0.1110270726E-01    0.8807902944E-02    0.0000000000E+00    0.0000000000E+00    0.4766528879E-01   -0.4527075386E-01
   -0.1202170870E+01   -0.3819645439E+00   -0.1301232396E+00   -0.7267982190E-01   -0.5832724956E-01    0.0000000000E+00    0.0000000000E+00   -0.5703794523E+00    0.4095184751E-01
    0.3859630764E+01    0.1300609602E+01    0.4474378316E+00    0.2473399809E+00    0.2003410396E+00    0.0000000000E+00    0.0000000000E+00    0.2581756407E+01    0.4730584640E+00
   -0.8327406884E+01   -0.2900688811E+01   -0.1004293481E+01   -0.5533425488E+00   -0.4498150798E+00    0.0000000000E+00    0.0000000000E+00   -0.6856217816E+01   -0.1990685674E+01
    0.1237463454E+02    0.4099541823E+01    0.1412105881E+01    0.7900940974E+00    0.6348273112E+00    0.0000000000E+00    0.0000000000E+00    0.1141967672E+02    0.3762322711E+01
   -0.9410251942E+01   -0.1475590668E+01   -0.4243328008E+00   -0.3136979158E+00   -0.2022198977E+00    0.0000000000E+00    0.0000000000E+00   -0.9360405341E+01   -0.2396281260E+01
   -0.3613406524E+01   -0.5946359066E+01   -0.2302067930E+01   -0.1054002472E+01   -0.9997270290E+00    0.0000000000E+00    0.0000000000E+00    0.4283002954E+00   -0.3090385025E+01
   -0.1460379989E+01    0.2051824247E+01    0.8398427489E+00    0.2592966838E+00    0.3378451169E+00    0.0000000000E+00    0.0000000000E+00   -0.1128246606E+02   -0.9166312698E+00
    0.1648423341E+02    0.8589228995E+01    0.3195019662E+01    0.1869651672E+01    0.1476956575E+01    0.0000000000E+00    0.0000000000E+00    0.2702849400E+02    0.1062343076E+02
   -0.2606696234E+01   -0.7442910446E-01   -0.9127095041E-02   -0.2667804142E+00   -0.7117704328E-01    0.0000000000E+00    0.0000000000E+00   -0.6007738080E+01   -0.1438299582E+01
    0.1837144638E+01   -0.4865113881E+00   -0.2732501496E+00    0.1614802999E+00   -0.4366571367E-01    0.0000000000E+00    0.0000000000E+00    0.2158803287E+01   -0.8687015982E+00
   -0.5881391998E+01   -0.3935733600E+01   -0.1415433490E+01   -0.1086139811E+01   -0.7344208704E+00    0.0000000000E+00    0.0000000000E+00   -0.7303962718E+01   -0.3268495723E+01
   -0.3324061944E+00   -0.1082795299E+01   -0.6109424916E+00    0.8585333829E-01   -0.1511315188E+00    0.0000000000E+00    0.0000000000E+00   -0.5437732885E+00   -0.1136730205E+01
   -0.2193692544E+01   -0.2466661701E+01   -0.9830191995E+00   -0.9992538221E+00   -0.6322917785E+00    0.0000000000E+00    0.0000000000E+00   -0.2432559783E+01   -0.1368401062E+01
    0.6622931481E+00    0.7914697466E+00    0.1721995409E+00    0.6471811129E+00    0.3158407441E+00    0.0000000000E+00    0.0000000000E+00    0.3764936613E+00    0.2111773971E+00
   -0.6307945048E+00    0.1363986062E+00    0.3690623607E+00   -0.4512021829E+00   -0.1471355072E+00    0.0000000000E+00    0.0000000000E+00   -0.5082500632E+00    0.1674706513E+00
    0.4149152471E+00    0.1253620214E+01    0.5446920487E+00    0.1076867162E+01    0.7333566987E+00    0.0000000000E+00    0.0000000000E+00    0.2527257998E+00    0.5097656311E+00
   -0.2847574927E+00    0.9220526135E-01    0.4507268970E+00   -0.6196224551E+00   -0.3809447305E+00    0.0000000000E+00    0.0000000000E+00   -0.1523861075E+00    0.1690262346E+00
    0.1936083605E+00    0.4444402052E+00   -0.2326608113E+00    0.7022837082E+00    0.5113215378E+00    0.0000000000E+00    0.0000000000E+00    0.8810915193E-01    0.1712227607E+00
   -0.1307154307E+00   -0.1330392059E+00    0.7234969131E+00   -0.1286833435E-01    0.1885621671E+00    0.0000000000E+00    0.0000000000E+00   -0.5055325973E-01    0.2700719689E-01
    0.8760529516E-01    0.1358422111E+00   -0.6154059332E+00   -0.4767059804E+00   -0.8558685324E+00    0.0000000000E+00    0.0000000000E+00    0.2871414423E-01    0.3157212501E-01
   -0.5828316994E-01   -0.8976173117E-01    0.1840306211E+00    0.5433721933E+00    0.1283279123E+01    0.0000000000E+00    0.0000000000E+00   -0.1615084312E-01   -0.7502343509E-02
    0.3849774642E-01    0.6203459971E-01   -0.2772804450E+00   -0.5931092058E+00   -0.1736629061E+01    0.0000000000E+00    0.0000000000E+00    0.8999244108E-02    0.6436278583E-02
   -0.2525071356E-01   -0.4199659990E-01    0.5941787069E-02    0.3184965032E-01    0.1208715981E+01    0.0000000000E+00    0.0000000000E+00   -0.4969155268E-02   -0.3551361091E-02
    0.1644612923E-01    0.2797742916E-01   -0.9577898925E-01   -0.1773912178E+00   -0.1574391617E+01    0.0000000000E+00    0.0000000000E+00    0.2719677623E-02    0.2015197480E-02
   -0.1063400071E-01   -0.1832761450E-01    0.3082579144E-01    0.6746255008E-01    0.1137684554E+01    0.0000000000E+00    0.0000000000E+00   -0.1475328116E-02   -0.1114099840E-02
    0.6821801276E-02    0.1179612851E-01   -0.2349423722E-01    0.1790641445E+00    0.8360859357E+00    0.0000000000E+00    0.0000000000E+00    0.7928863640E-03    0.6017440283E-03
   -0.4336884002E-02   -0.7450832731E-02    0.1434923782E-01    0.1462089847E-01   -0.1092901588E+01    0.0000000000E+00    0.0000000000E+00   -0.4217803726E-03   -0.3172887445E-03
    0.2727431211E-02    0.4611230553E-02   -0.8560648838E-02   -0.1199737317E-01    0.3697504654E+00    0.0000000000E+00    0.0000000000E+00    0.2217409897E-03    0.1631870997E-03
   -0.1692288694E-02   -0.2790225885E-02    0.4967676703E-02    0.7662908895E-02   -0.1610831049E+00    0.0000000000E+00    0.0000000000E+00   -0.1149411768E-03   -0.8177989613E-04
    0.1032032975E-02    0.1645813952E-02   -0.2799994919E-02   -0.4506149819E-02    0.7640905082E-01    0.0000000000E+00    0.0000000000E+00    0.5854821760E-04    0.3987279417E-04
   -0.6153208792E-03   -0.9423957740E-03    0.1529854597E-02    0.2511120523E-02   -0.3727214297E-01    0.0000000000E+00    0.0000000000E+00   -0.2916777922E-04   -0.1886786099E-04
    0.3560247742E-03    0.5207438281E-03   -0.8072712276E-03   -0.1336288089E-02    0.1818385264E-01    0.0000000000E+00    0.0000000000E+00    0.1411796586E-04    0.8630676198E-05
   -0.1978512856E-03   -0.2753143063E-03    0.4086559787E-03    0.6782110966E-03   -0.8704932891E-02    0.0000000000E+00    0.0000000000E+00   -0.6577981886E-05   -0.3791300888E-05
    0.1040797654E-03    0.1375238725E-03   -0.1962380662E-03   -0.3255680608E-03    0.4014542245E-02    0.0000000000E+00    0.0000000000E+00    0.2911737180E-05    0.1582548822E-05
   -0.5076614341E-04   -0.6370006247E-04    0.8780158148E-04    0.1454221317E-03   -0.1743993211E-02    0.0000000000E+00    0.0000000000E+00   -0.1201438984E-05   -0.6172747783E-06
    0.2227903623E-04    0.2659793104E-04   -0.3559322207E-04   -0.5882482208E-04    0.6918727470E-03    0.0000000000E+00    0.0000000000E+00    0.4493047260E-06    0.2191410102E-06
   -0.8408185375E-05   -0.9584054185E-05    0.1251336706E-04    0.2063600707E-04   -0.2394157240E-03    0.0000000000E+00    0.0000000000E+00   -0.1458779096E-06   -0.6791179922E-07
    0.2539371871E-05    0.2776419849E-05   -0.3553033205E-05   -0.5847858942E-05    0.6719488442E-04    0.0000000000E+00    0.0000000000E+00    0.3834806548E-07    0.1714476901E-07
   -0.5395885057E-06   -0.5689311644E-06    0.7165030088E-06    0.1177300336E-05   -0.1343592658E-04    0.0000000000E+00    0.0000000000E+00   -0.7190642929E-08   -0.3106869825E-08
    0.5963463182E-07    0.6097818050E-07   -0.7583636191E-07   -0.1244372222E-06    0.1413309713E-05    0.0000000000E+00    0.0000000000E+00    0.7120514378E-09    0.2991358373E-09
 l,ispin:           1           1
 psi n=1,noccmax(l):
    0.4766528879E-01   -0.4527075386E-01   -0.1187873676E-01   -0.4210926870E-02   -0.1130895158E-01    0.0000000000E+00    0.0000000000E+00    0.2671902258E+01    0.7309489549E+00
   -0.5703794523E+00    0.4095184751E-01    0.3245839632E-02   -0.1585744685E-01    0.1864502074E-01    0.0000000000E+00    0.0000000000E+00   -0.8549013172E+01   -0.2367168742E+01
    0.2581756407E+01    0.4730584640E+00    0.1696170558E+00    0.1615175500E+00    0.6901847286E-01    0.0000000000E+00    0.0000000000E+00    0.1325380531E+02    0.3753865841E+01
   -0.6856217816E+01   -0.1990685674E+01   -0.6598276460E+00   -0.5349544188E+00   -0.3544944737E+00    0.0000000000E+00    0.0000000000E+00   -0.1123900630E+02   -0.3376184508E+01
    0.1141967672E+02    0.3762322711E+01    0.1232987837E+01    0.9657213113E+00    0.6950455292E+00    0.0000000000E+00    0.0000000000E+00    0.2012211962E+01    0.1028533290E+01
   -0.9360405341E+01   -0.2396281260E+01   -0.8189309849E+00   -0.6990042184E+00   -0.4108283696E+00    0.0000000000E+00    0.0000000000E+00    0.4371525970E+01    0.5980043111E+00
    0.4283002954E+00   -0.3090385025E+01   -0.9326497374E+00   -0.5168330429E+00   -0.7274149142E+00    0.0000000000E+00    0.0000000000E+00    0.5722144578E+01    0.2491939352E+01
   -0.1128246606E+02   -0.9166312698E+00   -0.2688301083E+00   -0.3272879120E+00   -0.2324579545E-01    0.0000000000E+00    0.0000000000E+00   -0.8173995891E+01   -0.3706614534E+01
    0.2702849400E+02    0.1062343076E+02    0.3392223634E+01    0.2527937595E+01    0.2030398950E+01    0.0000000000E+00    0.0000000000E+00   -0.1733765515E+02   -0.3773729837E+01
   -0.6007738080E+01   -0.1438299582E+01   -0.5488081170E+00   -0.5396906310E+00   -0.2250833449E+00    0.0000000000E+00    0.0000000000E+00    0.7045066254E+01    0.1532529624E+01
    0.2158803287E+01   -0.8687015982E+00   -0.2206327076E+00   -0.6733239372E-02   -0.2667391203E+00    0.0000000000E+00    0.0000000000E+00    0.3255225489E+01    0.1544036527E+01
   -0.7303962718E+01   -0.3268495723E+01   -0.1120126432E+01   -0.9345917182E+00   -0.6072027169E+00    0.0000000000E+00    0.0000000000E+00    0.6084072582E+01    0.1508231133E+01
   -0.5437732885E+00   -0.1136730205E+01   -0.3192061163E+00   -0.8320494029E-01   -0.3090497371E+00    0.0000000000E+00    0.0000000000E+00    0.1738502869E+01    0.6656486118E+00
   -0.2432559783E+01   -0.1368401062E+01   -0.5141606543E+00   -0.5050117723E+00   -0.2481628142E+00    0.0000000000E+00    0.0000000000E+00    0.1431368454E+01    0.3291638648E+00
    0.3764936613E+00    0.2111773971E+00    0.1179676276E+00    0.2240109631E+00    0.8820828603E-02    0.0000000000E+00    0.0000000000E+00    0.1574154870E+00    0.1144499870E+00
   -0.5082500632E+00    0.1674706513E+00    0.6940090889E-01   -0.8730732466E-01    0.9991290601E-01    0.0000000000E+00    0.0000000000E+00    0.2122329602E+00   -0.7522978057E-01
    0.2527257998E+00    0.5097656311E+00    0.2053930849E+00    0.2937931581E+00    0.1178479098E+00    0.0000000000E+00    0.0000000000E+00   -0.3520933048E-01   -0.8069743806E-01
   -0.1523861075E+00    0.1690262346E+00    0.1181283200E+00   -0.5836631685E-01    0.7939549015E-01    0.0000000000E+00    0.0000000000E+00    0.3042407436E-01   -0.8135286731E-01
    0.8810915193E-01    0.1712227607E+00   -0.2931525902E-01    0.1099512517E+00   -0.1307950077E-01    0.0000000000E+00    0.0000000000E+00   -0.1353638634E-01   -0.3192971308E-01
   -0.5055325973E-01    0.2700719689E-01    0.1751810378E+00    0.5150858666E-01    0.1754103649E+00    0.0000000000E+00    0.0000000000E+00    0.6733973916E-02   -0.2830288549E-01
    0.2871414423E-01    0.3157212501E-01   -0.1160051704E+00   -0.7513374183E-01   -0.2263299318E+00    0.0000000000E+00    0.0000000000E+00   -0.3255691563E-02   -0.1547906145E-01
   -0.1615084312E-01   -0.7502343509E-02    0.3725697286E-01    0.5766528928E-01    0.2419358268E+00    0.0000000000E+00    0.0000000000E+00    0.1556795120E-02   -0.4437720338E-02
    0.8999244108E-02    0.6436278583E-02   -0.3456017406E-01   -0.6028741351E-01   -0.2681752111E+00    0.0000000000E+00    0.0000000000E+00   -0.7354312865E-03   -0.3322695698E-02
   -0.4969155268E-02   -0.3551361091E-02   -0.1102938394E-01   -0.1929708564E-01    0.1608530326E+00    0.0000000000E+00    0.0000000000E+00    0.3432474965E-03   -0.5365922859E-03
    0.2719677623E-02    0.2015197480E-02   -0.1700982219E-01   -0.1569593073E-01   -0.2101704498E+00    0.0000000000E+00    0.0000000000E+00   -0.1582839755E-03   -0.3471685199E-03
   -0.1475328116E-02   -0.1114099840E-02   -0.3051519927E-02   -0.1556998199E-01    0.1159358965E+00    0.0000000000E+00    0.0000000000E+00    0.7210566708E-04    0.4765855651E-04
    0.7928863640E-03    0.6017440283E-03   -0.1960390502E-02    0.3248633646E-01    0.9802248301E-01    0.0000000000E+00    0.0000000000E+00   -0.3243552097E-04   -0.3075536679E-04
   -0.4217803726E-03   -0.3172887445E-03    0.7664147645E-03    0.2242868239E-03   -0.9844542934E-01    0.0000000000E+00    0.0000000000E+00    0.1439585282E-04    0.1337224819E-04
    0.2217409897E-03    0.1631870997E-03   -0.3663528788E-03   -0.1555213399E-03    0.2784558592E-01    0.0000000000E+00    0.0000000000E+00   -0.6295711888E-05   -0.5639883234E-05
   -0.1149411768E-03   -0.8177989613E-04    0.1742856598E-03    0.7788108771E-04   -0.1011276305E-01    0.0000000000E+00    0.0000000000E+00    0.2707630516E-05    0.2305290136E-05
    0.5854821760E-04    0.3987279417E-04   -0.8113786846E-04   -0.3742823886E-04    0.4000447450E-02    0.0000000000E+00    0.0000000000E+00   -0.1141974147E-05   -0.9146783323E-06
   -0.2916777922E-04   -0.1886786099E-04    0.3679864885E-04    0.1737432471E-04   -0.1631612828E-02    0.0000000000E+00    0.0000000000E+00    0.4704860732E-06    0.3525096465E-06
    0.1411796586E-04    0.8630676198E-05   -0.1619810469E-04   -0.7770769300E-05    0.6681559111E-03    0.0000000000E+00    0.0000000000E+00   -0.1883131710E-06   -0.1317895005E-06
   -0.6577981886E-05   -0.3791300888E-05    0.6878572894E-05    0.3334007715E-05   -0.2697926353E-03    0.0000000000E+00    0.0000000000E+00    0.7265619211E-07    0.4759233144E-07
    0.2911737180E-05    0.1582548822E-05   -0.2789053544E-05   -0.1360416435E-05    0.1055623710E-03    0.0000000000E+00    0.0000000000E+00   -0.2671790284E-07   -0.1645724004E-07
   -0.1201438984E-05   -0.6172747783E-06    0.1061786200E-05    0.5198319918E-06   -0.3917886923E-04    0.0000000000E+00    0.0000000000E+00    0.9207621726E-08    0.5367299454E-08
    0.4493047260E-06    0.2191410102E-06   -0.3695419367E-06   -0.1812937935E-06    0.1338981771E-04    0.0000000000E+00    0.0000000000E+00   -0.2898221242E-08   -0.1610390934E-08
   -0.1458779096E-06   -0.6791179922E-07    0.1127127255E-06    0.5535398180E-07   -0.4030993457E-05    0.0000000000E+00    0.0000000000E+00    0.8000918933E-09    0.4269205531E-09
    0.3834806548E-07    0.1714476901E-07   -0.2810007782E-07   -0.1380655133E-07    0.9955741337E-06    0.0000000000E+00    0.0000000000E+00   -0.1810931517E-09   -0.9345313069E-10
   -0.7190642929E-08   -0.3106869825E-08    0.5042692084E-08    0.2477996858E-08   -0.1774614319E-06    0.0000000000E+00    0.0000000000E+00    0.2966831813E-10    0.1490278980E-10
    0.7120514378E-09    0.2991358373E-09   -0.4819030736E-09   -0.2368026292E-09    0.1687729798E-07    0.0000000000E+00    0.0000000000E+00   -0.2608833177E-11   -0.1282767967E-11
 l,ispin:           1           2
 psi n=1,noccmax(l):
    0.1168018494E-01   -0.9036343111E-01    0.2463088251E-01    0.1175971148E-01   -0.1725760783E-01    0.0000000000E+00    0.0000000000E+00    0.2663861045E+01   -0.8106555243E+00
   -0.5634715533E+00    0.1861410358E+00   -0.4429547046E-01   -0.1117101827E-01    0.3973567290E-01    0.0000000000E+00    0.0000000000E+00   -0.8524528513E+01    0.2626736722E+01
    0.3209955152E+01    0.3831171648E+00   -0.1462782809E+00   -0.1322235643E+00    0.4844709049E-01    0.0000000000E+00    0.0000000000E+00    0.1322151857E+02   -0.4168757426E+01
   -0.9635671147E+01   -0.2554378852E+01    0.8330143935E+00    0.5946608762E+00   -0.4141370219E+00    0.0000000000E+00    0.0000000000E+00   -0.1122896162E+02    0.3754092044E+01
    0.1833813889E+02    0.5863820998E+01   -0.1872776176E+01   -0.1279734648E+01    0.9820893113E+00    0.0000000000E+00    0.0000000000E+00    0.2051499903E+01   -0.1148677160E+01
   -0.2049799360E+02   -0.5952990163E+01    0.1906537615E+01    0.1321955005E+01   -0.9824804056E+00    0.0000000000E+00    0.0000000000E+00    0.4322855308E+01   -0.6632635363E+00
    0.5745570627E+01   -0.2888568173E+01    0.8759145174E+00    0.4302495135E+00   -0.6178965523E+00    0.0000000000E+00    0.0000000000E+00    0.5654350286E+01   -0.2782095829E+01
    0.1498707890E+01    0.6699998222E+01   -0.2083572404E+01   -0.1189746426E+01    0.1314426014E+01    0.0000000000E+00    0.0000000000E+00   -0.8093991558E+01    0.4189760217E+01
    0.2075422073E+02    0.7637835885E+01   -0.2491966752E+01   -0.1723029218E+01    0.1303547060E+01    0.0000000000E+00    0.0000000000E+00   -0.1718648394E+02    0.4131874542E+01
   -0.9313590149E+01   -0.3180570594E+01    0.1153784233E+01    0.8793960252E+00   -0.5519181939E+00    0.0000000000E+00    0.0000000000E+00    0.6995041705E+01   -0.1695686342E+01
   -0.2291684365E+00   -0.2778286120E+01    0.7915578563E+00    0.3627023130E+00   -0.5594805614E+00    0.0000000000E+00    0.0000000000E+00    0.3214014706E+01   -0.1749993688E+01
   -0.7404172508E+01   -0.3413492642E+01    0.1203654333E+01    0.9056765231E+00   -0.5948788915E+00    0.0000000000E+00    0.0000000000E+00    0.5991777695E+01   -0.1637605150E+01
   -0.2768671478E+00   -0.1149080746E+01    0.3028517639E+00    0.5830668124E-01   -0.2612023099E+00    0.0000000000E+00    0.0000000000E+00    0.1709094118E+01   -0.7894363776E+00
   -0.1972013997E+01   -0.8474867633E+00    0.3637190274E+00    0.3685947633E+00   -0.1407516352E+00    0.0000000000E+00    0.0000000000E+00    0.1494912059E+01   -0.3955981762E+00
    0.5209400317E+00    0.5551588339E+00   -0.2847800002E+00   -0.3223059242E+00    0.1177296678E+00    0.0000000000E+00    0.0000000000E+00    0.1630780906E+00   -0.6466950409E-01
   -0.4405696646E+00    0.4014067973E+00   -0.1466883128E+00    0.4154748432E-01    0.1219450425E+00    0.0000000000E+00    0.0000000000E+00    0.2064580218E+00    0.9089706642E-01
    0.2437029910E+00    0.5265472142E+00   -0.2560827016E+00   -0.3180737820E+00    0.1569556825E+00    0.0000000000E+00    0.0000000000E+00   -0.3710726203E-01    0.9943190744E-01
   -0.1428262732E+00    0.1552259479E+00   -0.7396188971E-01    0.1083565698E+00    0.1032213560E-01    0.0000000000E+00    0.0000000000E+00    0.2955231380E-01    0.8408876986E-01
    0.8231070342E-01    0.1323990867E+00    0.5298946995E-02   -0.1494456333E+00    0.5229968578E-01    0.0000000000E+00    0.0000000000E+00   -0.1341406208E-01    0.3557761273E-01
   -0.4697294336E-01    0.5767620563E-02   -0.1225053842E+00    0.2282849214E-01    0.6418366803E-01    0.0000000000E+00    0.0000000000E+00    0.6625135171E-02    0.2849500162E-01
    0.2654706468E-01    0.1977607458E-01    0.1199578314E+00    0.5380558976E-01   -0.1604873310E+00    0.0000000000E+00    0.0000000000E+00   -0.3197716965E-02    0.1463358896E-01
   -0.1486536381E-01   -0.7787143548E-02   -0.2502213769E-01   -0.3764625132E-01    0.1748200332E+00    0.0000000000E+00    0.0000000000E+00    0.1526103391E-02    0.4234901812E-02
    0.8251919038E-02    0.4986995284E-02    0.4234916785E-01    0.6688692203E-01   -0.2379762888E+00    0.0000000000E+00    0.0000000000E+00   -0.7197349359E-03    0.2904762689E-02
   -0.4543121658E-02   -0.2842428327E-02    0.9025277754E-02    0.1136839635E-01    0.1436361812E+00    0.0000000000E+00    0.0000000000E+00    0.3354746578E-03    0.3914576103E-03
    0.2481383341E-02    0.1598670997E-02    0.1478608931E-01    0.1423997136E-01   -0.1831641201E+00    0.0000000000E+00    0.0000000000E+00   -0.1545528142E-03    0.2772557045E-03
   -0.1344521819E-02   -0.8808772683E-03    0.3436362685E-03    0.4404760391E-03    0.1470182346E+00    0.0000000000E+00    0.0000000000E+00    0.7036856056E-04   -0.5098109764E-04
    0.7224393993E-03    0.4753180162E-03    0.1659937825E-02   -0.2552195831E-01    0.4399246100E-01    0.0000000000E+00    0.0000000000E+00   -0.3165126342E-04    0.2832274676E-04
   -0.3845948326E-03   -0.2509617573E-03   -0.7763133353E-03    0.7737156163E-03   -0.7391554969E-01    0.0000000000E+00    0.0000000000E+00    0.1405283403E-04   -0.1235097077E-04
    0.2025392951E-03    0.1295158212E-03    0.3829682784E-03   -0.1733713043E-03    0.2158531051E-01    0.0000000000E+00    0.0000000000E+00   -0.6150642961E-05    0.5215779065E-05
   -0.1052700870E-03   -0.6524059990E-04   -0.1847674139E-03    0.4787368287E-04   -0.7939592088E-02    0.0000000000E+00    0.0000000000E+00    0.2648483280E-05   -0.2135046295E-05
    0.5381725903E-04    0.3201343670E-04    0.8674643892E-04   -0.1371735881E-04    0.3162323335E-02    0.0000000000E+00    0.0000000000E+00   -0.1118823360E-05    0.8484075063E-06
   -0.2693288924E-04   -0.1525769999E-04   -0.3956995086E-04    0.3878065028E-05   -0.1295266240E-02    0.0000000000E+00    0.0000000000E+00    0.4618367370E-06   -0.3274399096E-06
    0.1310629713E-04    0.7031218544E-05    0.1749097338E-04   -0.1051578376E-05    0.5319302558E-03    0.0000000000E+00    0.0000000000E+00   -0.1852522782E-06    0.1225756228E-06
   -0.6143671772E-05   -0.3111100932E-05   -0.7450717943E-05    0.2649572962E-06   -0.2152122526E-03    0.0000000000E+00    0.0000000000E+00    0.7164084011E-07   -0.4431449541E-07
    0.2737377192E-05    0.1307379666E-05    0.3028095267E-05   -0.5866645025E-07    0.8432517399E-04    0.0000000000E+00    0.0000000000E+00   -0.2640679982E-07    0.1533807993E-07
   -0.1137241347E-05   -0.5130144498E-06   -0.1154811339E-05    0.9921196432E-08   -0.3132844803E-04    0.0000000000E+00    0.0000000000E+00    0.9121447209E-08   -0.5006095874E-08
    0.4282248927E-06    0.1830732836E-06    0.4024470811E-06   -0.5454717188E-09    0.1071465875E-04    0.0000000000E+00    0.0000000000E+00   -0.2877338876E-08    0.1502923351E-08
   -0.1399593433E-06   -0.5698154549E-07   -0.1228697290E-06   -0.4332949947E-09   -0.3227340321E-05    0.0000000000E+00    0.0000000000E+00    0.7958928867E-09   -0.3986188095E-09
    0.3702034501E-07    0.1443661897E-07    0.3065470978E-07    0.2094981053E-09    0.7973920558E-06    0.0000000000E+00    0.0000000000E+00   -0.1804539983E-09    0.8728969044E-10
   -0.6980342044E-08   -0.2623579724E-08   -0.5504115199E-08   -0.4999568757E-10   -0.1421745935E-06    0.0000000000E+00    0.0000000000E+00    0.2960700223E-10   -0.1392378915E-10
    0.6945646194E-09    0.2531698303E-09    0.5262089910E-09    0.5587279133E-11    0.1352406772E-07    0.0000000000E+00    0.0000000000E+00   -0.2606596760E-11    0.1198751258E-11
 l,ispin:           2           1
 psi n=1,noccmax(l):
    0.2671902258E+01    0.7309489549E+00    0.2874606034E+00   -0.2427203056E+00    0.3096611649E+00    0.0000000000E+00    0.0000000000E+00   -0.8299165576E+01
   -0.8549013172E+01   -0.2367168742E+01   -0.9293615256E+00    0.7794088533E+00   -0.1012420326E+01    0.0000000000E+00    0.0000000000E+00    0.2275387685E+02
    0.1325380531E+02    0.3753865841E+01    0.1466107219E+01   -0.1206230194E+01    0.1645245220E+01    0.0000000000E+00    0.0000000000E+00   -0.3326157473E+02
   -0.1123900630E+02   -0.3376184508E+01   -0.1293876740E+01    0.9928415560E+00   -0.1597401855E+01    0.0000000000E+00    0.0000000000E+00    0.3325382035E+02
    0.2012211962E+01    0.1028533290E+01    0.3329586188E+00   -0.7832176613E-01    0.7678110647E+00    0.0000000000E+00    0.0000000000E+00   -0.2344760837E+02
    0.4371525970E+01    0.5980043111E+00    0.3259704535E+00   -0.5314723003E+00   -0.1643033946E+00    0.0000000000E+00    0.0000000000E+00    0.1210929424E+02
    0.5722144578E+01    0.2491939352E+01    0.9428429446E+00   -0.6604807774E+00    0.1308372196E+01    0.0000000000E+00    0.0000000000E+00   -0.1140736365E+02
   -0.8173995891E+01   -0.3706614534E+01   -0.1460766415E+01    0.1170796389E+01   -0.1747015766E+01    0.0000000000E+00    0.0000000000E+00    0.1202451425E+02
   -0.1733765515E+02   -0.3773729837E+01   -0.1575577697E+01    0.1611158511E+01   -0.1119235116E+01    0.0000000000E+00    0.0000000000E+00    0.4568506085E+01
    0.7045066254E+01    0.1532529624E+01    0.6677887175E+00   -0.7505828469E+00    0.3474017355E+00    0.0000000000E+00    0.0000000000E+00   -0.2887488567E+01
    0.3255225489E+01    0.1544036527E+01    0.5997847134E+00   -0.4488734001E+00    0.7796605949E+00    0.0000000000E+00    0.0000000000E+00   -0.2909579289E+01
    0.6084072582E+01    0.1508231133E+01    0.6406515981E+00   -0.6806802923E+00    0.4148151040E+00    0.0000000000E+00    0.0000000000E+00   -0.2752130520E+01
    0.1738502869E+01    0.6656486118E+00    0.2529211991E+00   -0.1639207463E+00    0.3771438842E+00    0.0000000000E+00    0.0000000000E+00   -0.1247065015E+01
    0.1431368454E+01    0.3291638648E+00    0.1493243288E+00   -0.1957808331E+00    0.2697212402E-01    0.0000000000E+00    0.0000000000E+00   -0.8327633871E+00
    0.1574154870E+00    0.1144499870E+00    0.3552632721E-01    0.1408054043E-01    0.1190156328E+00    0.0000000000E+00    0.0000000000E+00   -0.3383360781E+00
    0.2122329602E+00   -0.7522978057E-01   -0.3043800637E-01   -0.7197681569E-02   -0.1000201679E+00    0.0000000000E+00    0.0000000000E+00   -0.1814463394E+00
   -0.3520933048E-01   -0.8069743806E-01   -0.3458254917E-01    0.6300002428E-01    0.1888017722E-01    0.0000000000E+00    0.0000000000E+00   -0.5884296337E-01
    0.3042407436E-01   -0.8135286731E-01   -0.4402513188E-01    0.1933836743E-01   -0.8641645386E-01    0.0000000000E+00    0.0000000000E+00   -0.2765013744E-01
   -0.1353638634E-01   -0.3192971308E-01    0.2114920916E-02    0.1320697900E-01    0.4109394262E-01    0.0000000000E+00    0.0000000000E+00   -0.6915219821E-02
    0.6733973916E-02   -0.2830288549E-01   -0.3377658877E-01    0.2592182856E-01   -0.7595245353E-01    0.0000000000E+00    0.0000000000E+00   -0.3937410636E-02
   -0.3255691563E-02   -0.1547906145E-01    0.7333718816E-02   -0.5242166968E-02    0.4990799758E-01    0.0000000000E+00    0.0000000000E+00   -0.6177191985E-03
    0.1556795120E-02   -0.4437720338E-02   -0.6153378982E-02    0.5331823236E-02   -0.4534132160E-01    0.0000000000E+00    0.0000000000E+00   -0.3849115494E-03
   -0.7354312865E-03   -0.3322695698E-02   -0.1362712846E-02    0.3228608673E-02    0.3012927947E-01    0.0000000000E+00    0.0000000000E+00   -0.2408811279E-04
    0.3432474965E-03   -0.5365922859E-03    0.1297396041E-02   -0.6657461669E-02   -0.1670690151E-01    0.0000000000E+00    0.0000000000E+00   -0.3213938470E-04
   -0.1582839755E-03   -0.3471685199E-03    0.1346488459E-02    0.1992324375E-02    0.1888383577E-01    0.0000000000E+00    0.0000000000E+00    0.5546586620E-05
    0.7210566708E-04    0.4765855651E-04    0.1533332225E-02   -0.8865597494E-02    0.7621680827E-02    0.0000000000E+00    0.0000000000E+00   -0.2921214467E-05
   -0.3243552097E-04   -0.3075536679E-04    0.8133121990E-03    0.4120897186E-02   -0.2269979100E-01    0.0000000000E+00    0.0000000000E+00    0.1062113208E-05
    0.1439585282E-04    0.1337224819E-04   -0.9783856736E-04    0.8177758371E-03    0.1148218976E-01    0.0000000000E+00    0.0000000000E+00   -0.3858801457E-06
   -0.6295711888E-05   -0.5639883234E-05    0.3072602299E-04   -0.2217048977E-03   -0.2495920809E-02    0.0000000000E+00    0.0000000000E+00    0.1359330795E-06
    0.2707630516E-05    0.2305290136E-05   -0.1092302232E-04    0.7052688470E-04    0.7328613833E-03    0.0000000000E+00    0.0000000000E+00   -0.4646891130E-07
   -0.1141974147E-05   -0.9146783323E-06    0.3991351246E-05   -0.2387185320E-04   -0.2382643543E-03    0.0000000000E+00    0.0000000000E+00    0.1543931400E-07
    0.4704860732E-06    0.3525096465E-06   -0.1457177955E-05    0.8269196073E-05    0.8056081611E-04    0.0000000000E+00    0.0000000000E+00   -0.4990648184E-08
   -0.1883131710E-06   -0.1317895005E-06    0.5246724096E-06   -0.2871235114E-05   -0.2752686405E-04    0.0000000000E+00    0.0000000000E+00    0.1568418621E-08
    0.7265619211E-07    0.4759233144E-07   -0.1844475370E-06    0.9841801667E-06    0.9330238167E-05    0.0000000000E+00    0.0000000000E+00   -0.4775606077E-09
   -0.2671790284E-07   -0.1645724004E-07    0.6255167860E-07   -0.3279117232E-06   -0.3083797034E-05    0.0000000000E+00    0.0000000000E+00    0.1398000509E-09
    0.9207621726E-08    0.5367299454E-08   -0.2011305834E-07    0.1041355961E-06    0.9736394189E-06    0.0000000000E+00    0.0000000000E+00   -0.3880127841E-10
   -0.2898221242E-08   -0.1610390934E-08    0.5972513505E-08   -0.3065341577E-07   -0.2853872990E-06    0.0000000000E+00    0.0000000000E+00    0.9974257720E-11
    0.8000918933E-09    0.4269205531E-09   -0.1571416949E-08    0.8015572360E-08    0.7439535611E-07    0.0000000000E+00    0.0000000000E+00   -0.2284592497E-11
   -0.1810931517E-09   -0.9345313069E-10    0.3420951305E-09   -0.1737399757E-08   -0.1608907293E-07    0.0000000000E+00    0.0000000000E+00    0.4365325928E-12
    0.2966831813E-10    0.1490278980E-10   -0.5433524198E-10    0.2751058225E-09    0.2543419136E-08    0.0000000000E+00    0.0000000000E+00   -0.6150201338E-13
   -0.2608833177E-11   -0.1282767967E-11    0.4663378831E-11   -0.2356004384E-10   -0.2175587695E-09    0.0000000000E+00    0.0000000000E+00    0.4741227110E-14
 l,ispin:           2           2
 psi n=1,noccmax(l):
    0.2663861045E+01   -0.8106555243E+00    0.2963830609E+00   -0.2525153433E+00    0.3197563031E+00    0.0000000000E+00    0.0000000000E+00    0.8726896920E+01
   -0.8524528513E+01    0.2626736722E+01   -0.9585275816E+00    0.8116514405E+00   -0.1045803575E+01    0.0000000000E+00    0.0000000000E+00   -0.2394783194E+02
    0.1322151857E+02   -0.4168757426E+01    0.1512344020E+01   -0.1258514902E+01    0.1700075264E+01    0.0000000000E+00    0.0000000000E+00    0.3504183861E+02
   -0.1122896162E+02    0.3754092044E+01   -0.1333352941E+01    0.1041450364E+01   -0.1650544132E+01    0.0000000000E+00    0.0000000000E+00   -0.3504830093E+02
    0.2051499903E+01   -0.1148677160E+01    0.3373169168E+00   -0.9456398310E-01    0.7908652351E+00    0.0000000000E+00    0.0000000000E+00    0.2464530652E+02
    0.4322855308E+01   -0.6632635363E+00    0.3474692540E+00   -0.5399501394E+00   -0.1636640532E+00    0.0000000000E+00    0.0000000000E+00   -0.1251843007E+02
    0.5654350286E+01   -0.2782095829E+01    0.9736211518E+00   -0.7012554333E+00    0.1354591789E+01    0.0000000000E+00    0.0000000000E+00    0.1174811897E+02
   -0.8093991558E+01    0.4189760217E+01   -0.1534348557E+01    0.1250534924E+01   -0.1830492530E+01    0.0000000000E+00    0.0000000000E+00   -0.1292447140E+02
   -0.1718648394E+02    0.4131874542E+01   -0.1616620388E+01    0.1643100805E+01   -0.1143934645E+01    0.0000000000E+00    0.0000000000E+00   -0.4540126104E+01
    0.6995041705E+01   -0.1695686342E+01    0.6954457539E+00   -0.7703416175E+00    0.3620133373E+00    0.0000000000E+00    0.0000000000E+00    0.3305448117E+01
    0.3214014706E+01   -0.1749993688E+01    0.6305578438E+00   -0.4836392997E+00    0.8169034502E+00    0.0000000000E+00    0.0000000000E+00    0.3147557247E+01
    0.5991777695E+01   -0.1637605150E+01    0.6537428660E+00   -0.6893804949E+00    0.4199804284E+00    0.0000000000E+00    0.0000000000E+00    0.2870108529E+01
    0.1709094118E+01   -0.7894363776E+00    0.2781642351E+00   -0.1910411162E+00    0.4059633346E+00    0.0000000000E+00    0.0000000000E+00    0.1293016577E+01
    0.1494912059E+01   -0.3955981762E+00    0.1686299800E+00   -0.2111876877E+00    0.4044435432E-01    0.0000000000E+00    0.0000000000E+00    0.8499176113E+00
    0.1630780906E+00   -0.6466950409E-01    0.1076015982E-01    0.3506490891E-01    0.9923418836E-01    0.0000000000E+00    0.0000000000E+00    0.3418658458E+00
    0.2064580218E+00    0.9089706642E-01   -0.3304274363E-01   -0.3261832406E-02   -0.1048430169E+00    0.0000000000E+00    0.0000000000E+00    0.1809539897E+00
   -0.3710726203E-01    0.9943190744E-01   -0.4153312940E-01    0.6877616490E-01    0.1353725072E-01    0.0000000000E+00    0.0000000000E+00    0.5782842787E-01
    0.2955231380E-01    0.8408876986E-01   -0.4180209777E-01    0.1755306079E-01   -0.8453706799E-01    0.0000000000E+00    0.0000000000E+00    0.2681235350E-01
   -0.1341406208E-01    0.3557761273E-01    0.7675501923E-03    0.1468628371E-01    0.3912375162E-01    0.0000000000E+00    0.0000000000E+00    0.6578401346E-02
    0.6625135171E-02    0.2849500162E-01   -0.3300033561E-01    0.2488919094E-01   -0.7411026029E-01    0.0000000000E+00    0.0000000000E+00    0.3669978261E-02
   -0.3197716965E-02    0.1463358896E-01    0.8495992347E-02   -0.6507475715E-02    0.5077103964E-01    0.0000000000E+00    0.0000000000E+00    0.5229063723E-03
    0.1526103391E-02    0.4234901812E-02   -0.6075869385E-02    0.5725026149E-02   -0.4559286599E-01    0.0000000000E+00    0.0000000000E+00    0.3474733682E-03
   -0.7197349359E-03    0.2904762689E-02   -0.7377298268E-03    0.1817276248E-02    0.3207090819E-01    0.0000000000E+00    0.0000000000E+00    0.9352728829E-05
    0.3354746578E-03    0.3914576103E-03    0.1455589313E-02   -0.6277977823E-02   -0.1763532876E-01    0.0000000000E+00    0.0000000000E+00    0.2863525050E-04
   -0.1545528142E-03    0.2772557045E-03    0.1481466483E-02    0.1341832675E-02    0.2050606146E-01    0.0000000000E+00    0.0000000000E+00   -0.6278301638E-05
    0.7036856056E-04   -0.5098109764E-04    0.1502379866E-02   -0.8173333613E-02    0.4570238160E-02    0.0000000000E+00    0.0000000000E+00    0.2904045834E-05
   -0.3165126342E-04    0.2832274676E-04    0.7390316771E-03    0.4139597544E-02   -0.2077343056E-01    0.0000000000E+00    0.0000000000E+00   -0.1072638269E-05
    0.1405283403E-04   -0.1235097077E-04   -0.9276659809E-04    0.6957590321E-03    0.1098127274E-01    0.0000000000E+00    0.0000000000E+00    0.3900837246E-06
   -0.6150642961E-05    0.5215779065E-05    0.2941513407E-04   -0.1890980538E-03   -0.2427212153E-02    0.0000000000E+00    0.0000000000E+00   -0.1375838523E-06
    0.2648483280E-05   -0.2135046295E-05   -0.1050969046E-04    0.6009807427E-04    0.7180922017E-03    0.0000000000E+00    0.0000000000E+00    0.4710197945E-07
   -0.1118823360E-05    0.8484075063E-06    0.3852021349E-05   -0.2031994829E-04   -0.2344427915E-03    0.0000000000E+00    0.0000000000E+00   -0.1567419966E-07
    0.4618367370E-06   -0.3274399096E-06   -0.1409092423E-05    0.7033167837E-05    0.7947194921E-04    0.0000000000E+00    0.0000000000E+00    0.5074401161E-08
   -0.1852522782E-06    0.1225756228E-06    0.5080345463E-06   -0.2440757035E-05   -0.2719969130E-04    0.0000000000E+00    0.0000000000E+00   -0.1597010007E-08
    0.7164084011E-07   -0.4431449541E-07   -0.1787620562E-06    0.8363413579E-06    0.9229476226E-05    0.0000000000E+00    0.0000000000E+00    0.4868724805E-09
   -0.2640679982E-07    0.1533807993E-07    0.6066215681E-07   -0.2785965545E-06   -0.3052765283E-05    0.0000000000E+00    0.0000000000E+00   -0.1426756681E-09
    0.9121447209E-08   -0.5006095874E-08   -0.1951418730E-07    0.8846348854E-07    0.9643337876E-06    0.0000000000E+00    0.0000000000E+00    0.3963340184E-10
   -0.2877338876E-08    0.1502923351E-08    0.5796494824E-08   -0.2603828427E-07   -0.2827592875E-06    0.0000000000E+00    0.0000000000E+00   -0.1019514996E-10
    0.7958928867E-09   -0.3986188095E-09   -0.1525441300E-08    0.6808484272E-08    0.7372829654E-07    0.0000000000E+00    0.0000000000E+00    0.2336442976E-11
   -0.1804539983E-09    0.8728969044E-10    0.3321379456E-09   -0.1475727900E-08   -0.1594752363E-07    0.0000000000E+00    0.0000000000E+00   -0.4466253188E-12
    0.2960700223E-10   -0.1392378915E-10   -0.5275952553E-10    0.2336693314E-09    0.2521341601E-08    0.0000000000E+00    0.0000000000E+00    0.6294386224E-13
   -0.2606596760E-11    0.1198751258E-11    0.4528492397E-11   -0.2001133648E-10   -0.2156881831E-09    0.0000000000E+00    0.0000000000E+00   -0.4853537550E-14
 l,ispin:           3           1
 psi n=1,noccmax(l):
   -0.8299165576E+01    0.1081600194E+01   -0.1335925645E+01   -0.9753590952E+00    0.1234342490E-01    0.0000000000E+00    0.0000000000E+00
    0.2275387685E+02   -0.2966521596E+01    0.3664459427E+01    0.2675461323E+01   -0.3422230151E-01    0.0000000000E+00    0.0000000000E+00
   -0.3326157473E+02    0.4347001128E+01   -0.5373716833E+01   -0.3871082344E+01    0.2114708168E+00    0.0000000000E+00    0.0000000000E+00
    0.3325382035E+02   -0.4382811775E+01    0.5431994015E+01    0.3700674697E+01   -0.8657689970E+00    0.0000000000E+00    0.0000000000E+00
   -0.2344760837E+02    0.3169435767E+01   -0.3958075626E+01   -0.2223904980E+01    0.2080229198E+01    0.0000000000E+00    0.0000000000E+00
    0.1210929424E+02   -0.1739345514E+01    0.2210017703E+01    0.6459157150E+00   -0.2988620307E+01    0.0000000000E+00    0.0000000000E+00
   -0.1140736365E+02    0.1601275845E+01   -0.2021417371E+01   -0.8531238730E+00    0.1933420130E+01    0.0000000000E+00    0.0000000000E+00
    0.1202451425E+02   -0.1635287764E+01    0.2045152792E+01    0.1255883635E+01   -0.7581211149E+00    0.0000000000E+00    0.0000000000E+00
    0.4568506085E+01   -0.4331644878E+00    0.4730868084E+00    0.1259386027E+01    0.2803367663E+01    0.0000000000E+00    0.0000000000E+00
   -0.2887488567E+01    0.2700548172E+00   -0.2925416967E+00   -0.8386539253E+00   -0.1916829001E+01    0.0000000000E+00    0.0000000000E+00
   -0.2909579289E+01    0.4173349619E+00   -0.5301784389E+00   -0.2420409204E+00    0.4567869703E+00    0.0000000000E+00    0.0000000000E+00
   -0.2752130520E+01    0.2959242949E+00   -0.3408465452E+00   -0.6202686716E+00   -0.1138431302E+01    0.0000000000E+00    0.0000000000E+00
   -0.1247065015E+01    0.1800409605E+00   -0.2297438671E+00   -0.9460518915E-01    0.2307580023E+00    0.0000000000E+00    0.0000000000E+00
   -0.8327633871E+00    0.8418817857E-01   -0.9373758762E-01   -0.2144406213E+00   -0.4494241746E+00    0.0000000000E+00    0.0000000000E+00
   -0.3383360781E+00    0.5286385013E-01   -0.6968826861E-01   -0.4064774378E-02    0.1472105699E+00    0.0000000000E+00    0.0000000000E+00
   -0.1814463394E+00    0.1360002479E-01   -0.1175375973E-01   -0.6205742632E-01   -0.1670328872E+00    0.0000000000E+00    0.0000000000E+00
   -0.5884296337E-01    0.1080669737E-01   -0.1602217543E-01    0.1536670035E-01    0.8559625727E-01    0.0000000000E+00    0.0000000000E+00
   -0.2765013744E-01   -0.1366233543E-03    0.3292512620E-02   -0.1746315333E-01   -0.6421800413E-01    0.0000000000E+00    0.0000000000E+00
   -0.6915219821E-02    0.7413327133E-03   -0.2847537734E-02    0.1112566432E-01    0.4295306028E-01    0.0000000000E+00    0.0000000000E+00
   -0.3937410636E-02    0.1096725929E-02    0.2263099445E-03   -0.8994534729E-02   -0.3028090341E-01    0.0000000000E+00    0.0000000000E+00
   -0.6177191985E-03   -0.1637917410E-02    0.1664472265E-02    0.8983487698E-02    0.2474651794E-01    0.0000000000E+00    0.0000000000E+00
   -0.3849115494E-03    0.2131836191E-03   -0.1400386923E-03   -0.5338327508E-02   -0.1683614343E-01    0.0000000000E+00    0.0000000000E+00
   -0.2408811279E-04   -0.2082179940E-03    0.4748455330E-03    0.4836451458E-02    0.1443959944E-01    0.0000000000E+00    0.0000000000E+00
   -0.3213938470E-04   -0.2940924116E-03    0.5927482493E-03   -0.2136055369E-02   -0.9526524590E-02    0.0000000000E+00    0.0000000000E+00
    0.5546586620E-05   -0.1647585934E-03    0.1019618721E-03    0.2457082289E-02    0.9914244958E-02    0.0000000000E+00    0.0000000000E+00
   -0.2921214467E-05   -0.1535113846E-03    0.5089697889E-03   -0.8656020166E-03   -0.8905650847E-02    0.0000000000E+00    0.0000000000E+00
    0.1062113208E-05   -0.6380167341E-04   -0.3240873814E-03   -0.7182852287E-03    0.4134918932E-02    0.0000000000E+00    0.0000000000E+00
   -0.3858801457E-06    0.6055525930E-05   -0.2311479978E-04    0.4901444095E-03   -0.8053552323E-03    0.0000000000E+00    0.0000000000E+00
    0.1359330795E-06   -0.1554656073E-05    0.5600459600E-05   -0.1006837032E-03    0.2630280909E-05    0.0000000000E+00    0.0000000000E+00
   -0.4646891130E-07    0.4579517750E-06   -0.1523620783E-05    0.2612056324E-04    0.1382772405E-04    0.0000000000E+00    0.0000000000E+00
    0.1543931400E-07   -0.1394242574E-06    0.4357230834E-06   -0.7323347926E-05   -0.5782459162E-05    0.0000000000E+00    0.0000000000E+00
   -0.4990648184E-08    0.4254906642E-07   -0.1270714191E-06    0.2112871992E-05    0.1961412224E-05    0.0000000000E+00    0.0000000000E+00
    0.1568418621E-08   -0.1284531911E-07    0.3714936016E-07   -0.6133740701E-06   -0.6179500577E-06    0.0000000000E+00    0.0000000000E+00
   -0.4775606077E-09    0.3799758640E-08   -0.1074432738E-07    0.1765015258E-06    0.1861107041E-06    0.0000000000E+00    0.0000000000E+00
    0.1398000509E-09   -0.1089131347E-08    0.3031583075E-08   -0.4961050699E-07   -0.5372927907E-07    0.0000000000E+00    0.0000000000E+00
   -0.3880127841E-10    0.2976533344E-09   -0.8194719886E-09    0.1337098181E-07    0.1471709001E-07    0.0000000000E+00    0.0000000000E+00
    0.9974257720E-11   -0.7565295781E-10    0.2066939793E-09   -0.3364963336E-08   -0.3740753365E-08    0.0000000000E+00    0.0000000000E+00
   -0.2284592497E-11    0.1718506424E-10   -0.4670231713E-10    0.7590084818E-09    0.8490064496E-09    0.0000000000E+00    0.0000000000E+00
    0.4365325928E-12   -0.3263821624E-11    0.8836904480E-11   -0.1434316975E-09   -0.1610604412E-09    0.0000000000E+00    0.0000000000E+00
   -0.6150201338E-13    0.4578052186E-12   -0.1236314715E-11    0.2004707619E-10    0.2256568704E-10    0.0000000000E+00    0.0000000000E+00
    0.4741227110E-14   -0.3517941567E-13    0.9483120088E-13   -0.1536589954E-11   -0.1732281308E-11    0.0000000000E+00    0.0000000000E+00
 l,ispin:           3           2
 psi n=1,noccmax(l):
    0.8726896920E+01    0.1049647101E+01   -0.1319486049E+01   -0.9751112818E+00   -0.4576790636E-01    0.0000000000E+00    0.0000000000E+00
   -0.2394783194E+02   -0.2881332120E+01    0.3622370108E+01    0.2678158109E+01    0.1287713037E+00    0.0000000000E+00    0.0000000000E+00
    0.3504183861E+02    0.4226502371E+01   -0.5316971319E+01   -0.3880926740E+01   -0.3886487512E-01    0.0000000000E+00    0.0000000000E+00
   -0.3504830093E+02   -0.4264252873E+01    0.5376829042E+01    0.3714297552E+01   -0.5883318690E+00    0.0000000000E+00    0.0000000000E+00
    0.2464530652E+02    0.3078759925E+01   -0.3908666396E+01   -0.2226145110E+01    0.1840650268E+01    0.0000000000E+00    0.0000000000E+00
   -0.1251843007E+02   -0.1669751869E+01    0.2154135474E+01    0.6186992794E+00   -0.2827486728E+01    0.0000000000E+00    0.0000000000E+00
    0.1174811897E+02    0.1531046873E+01   -0.1964239659E+01   -0.8198996491E+00    0.1819707534E+01    0.0000000000E+00    0.0000000000E+00
   -0.1292447140E+02   -0.1622028792E+01    0.2061437222E+01    0.1303471855E+01   -0.5946779877E+00    0.0000000000E+00    0.0000000000E+00
   -0.4540126104E+01   -0.3847156380E+00    0.4293752077E+00    0.1211482757E+01    0.2685073999E+01    0.0000000000E+00    0.0000000000E+00
    0.3305448117E+01    0.2881863777E+00   -0.3251394871E+00   -0.8758210037E+00   -0.1908442312E+01    0.0000000000E+00    0.0000000000E+00
    0.3147557247E+01    0.4168712957E+00   -0.5372545525E+00   -0.2580521255E+00    0.4022009143E+00    0.0000000000E+00    0.0000000000E+00
    0.2870108529E+01    0.2822716229E+00   -0.3330272801E+00   -0.6140429222E+00   -0.1110875294E+01    0.0000000000E+00    0.0000000000E+00
    0.1293016577E+01    0.1735289189E+00   -0.2249440502E+00   -0.9272403520E-01    0.2153947740E+00    0.0000000000E+00    0.0000000000E+00
    0.8499176113E+00    0.7789670489E-01   -0.8881815514E-01   -0.2093456250E+00   -0.4339583901E+00    0.0000000000E+00    0.0000000000E+00
    0.3418658458E+00    0.5006302271E-01   -0.6699248105E-01   -0.2213841289E-02    0.1414877897E+00    0.0000000000E+00    0.0000000000E+00
    0.1809539897E+00    0.1163091137E-01   -0.9996741276E-02   -0.5992693300E-01   -0.1599595680E+00    0.0000000000E+00    0.0000000000E+00
    0.5782842787E-01    0.1011000222E-01   -0.1522028714E-01    0.1589676068E-01    0.8274391100E-01    0.0000000000E+00    0.0000000000E+00
    0.2681235350E-01   -0.5932998646E-03    0.3733924328E-02   -0.1679195336E-01   -0.6123275185E-01    0.0000000000E+00    0.0000000000E+00
    0.6578401346E-02    0.6360930611E-03   -0.2709551031E-02    0.1111589356E-01    0.4135846212E-01    0.0000000000E+00    0.0000000000E+00
    0.3669978261E-02    0.9935073692E-03    0.3486404645E-03   -0.8724762322E-02   -0.2887916418E-01    0.0000000000E+00    0.0000000000E+00
    0.5229063723E-03   -0.1670224563E-02    0.1705353717E-02    0.8929396111E-02    0.2389487923E-01    0.0000000000E+00    0.0000000000E+00
    0.3474733682E-03    0.1996481885E-03   -0.1284337414E-03   -0.5257407638E-02   -0.1618425192E-01    0.0000000000E+00    0.0000000000E+00
    0.9352728829E-05   -0.2180010962E-03    0.4986142039E-03    0.4823160094E-02    0.1401685615E-01    0.0000000000E+00    0.0000000000E+00
    0.2863525050E-04   -0.2963637496E-03    0.5856777528E-03   -0.2124687137E-02   -0.9221918792E-02    0.0000000000E+00    0.0000000000E+00
   -0.6278301638E-05   -0.1659245535E-03    0.1084887552E-03    0.2447052854E-02    0.9655267351E-02    0.0000000000E+00    0.0000000000E+00
    0.2904045834E-05   -0.1528998487E-03    0.4972996445E-03   -0.8948480303E-03   -0.8786430646E-02    0.0000000000E+00    0.0000000000E+00
   -0.1072638269E-05   -0.6294551531E-04   -0.3226845208E-03   -0.6929166241E-03    0.4122804382E-02    0.0000000000E+00    0.0000000000E+00
    0.3900837246E-06    0.5995218862E-05   -0.2210789442E-04    0.4826395906E-03   -0.8167905986E-03    0.0000000000E+00    0.0000000000E+00
   -0.1375838523E-06   -0.1539990998E-05    0.5363897157E-05   -0.9937497301E-04    0.8564874256E-05    0.0000000000E+00    0.0000000000E+00
    0.4710197945E-07    0.4537535321E-06   -0.1458853614E-05    0.2580573075E-04    0.1201099437E-04    0.0000000000E+00    0.0000000000E+00
   -0.1567419966E-07   -0.1381687580E-06    0.4170179237E-06   -0.7238787992E-05   -0.5240922540E-05    0.0000000000E+00    0.0000000000E+00
    0.5074401161E-08    0.4217051655E-07   -0.1215719225E-06    0.2089128049E-05    0.1800870315E-05    0.0000000000E+00    0.0000000000E+00
   -0.1597010007E-08   -0.1273199966E-07    0.3553214758E-07   -0.6066048034E-06   -0.5707448687E-06    0.0000000000E+00    0.0000000000E+00
    0.4868724805E-09    0.3766439294E-08   -0.1027472449E-07    0.1745777365E-06    0.1724453193E-06    0.0000000000E+00    0.0000000000E+00
   -0.1426756681E-09   -0.1079622268E-08    0.2898729138E-08   -0.4907445462E-07   -0.4987799958E-07    0.0000000000E+00    0.0000000000E+00
    0.3963340184E-10    0.2950626644E-09   -0.7834976568E-09    0.1322738666E-07    0.1367805891E-07    0.0000000000E+00    0.0000000000E+00
   -0.1019514996E-10   -0.7499598310E-10    0.1976100617E-09   -0.3328981834E-08   -0.3479220681E-08    0.0000000000E+00    0.0000000000E+00
    0.2336442976E-11    0.1703607033E-10   -0.4464834131E-10    0.7509172184E-09    0.7900255386E-09    0.0000000000E+00    0.0000000000E+00
   -0.4466253188E-12   -0.3235557470E-11    0.8448078736E-11   -0.1419059841E-09   -0.1499183306E-09    0.0000000000E+00    0.0000000000E+00
    0.6294386224E-13    0.4538440320E-12   -0.1181900931E-11    0.1983415875E-10    0.2100893627E-10    0.0000000000E+00    0.0000000000E+00
   -0.4853537550E-14   -0.3487520725E-13    0.9065664975E-13   -0.1520287800E-11   -0.1612996976E-11    0.0000000000E+00    0.0000000000E+00
