   40             4.00000 ng, rij 
     2.720     5.440                                       rcov,rprb 
 r                           (non)relativistic calculation
 PBE                         XC-functional
 89.000 11.000    0.4900000000    0.5086278137E+02   -0.5567756181E+01    0.0000000000E+00    0.0000000000E+00  znuc,zion,rloc,gpot()
   3                                                       lpx, (Projectors for l=0..lpx)
    0.4438410580   -0.5525984737E+00    0.3656239675E+00   -0.5028771015E-01    0.2592872860E+00   -0.6694768937E+00    0.5313808108E+00  r_l(),hsep(), so=+0.5
    0.4129560507    0.7561868622E+01   -0.1611906945E+02    0.3166299015E+02    0.7562644645E+01   -0.1789648364E+02    0.1271912599E+02  r_l(),hsep(), so=+0.5
    0.1693238205E+01   -0.5100090654E+01    0.1197648291E+02    0.3569080227E+01   -0.8445985350E+01    0.6002606655E+01         hsep(), so=-0.5
    0.7883128425    0.2764664184E+00    0.5885689519E+00   -0.6673744612E+00    0.0000000000E+00   -0.0000000000E+00    0.0000000000E+00  r_l(),hsep(), so=+0.5
    0.1847729502E+00    0.5998898522E+00   -0.6802111555E+00    0.0000000000E+00   -0.0000000000E+00    0.0000000000E+00         hsep(), so=-0.5
    0.3307336711   -0.1590477989E+02   -0.0000000000E+00    0.0000000000E+00    0.0000000000E+00   -0.0000000000E+00    0.0000000000E+00  r_l(),hsep(), so=+0.5
   -0.1601441187E+02   -0.0000000000E+00    0.0000000000E+00    0.0000000000E+00   -0.0000000000E+00    0.0000000000E+00         hsep(), so=-0.5
 ---------------------------------------------
 Additional information (last calculation):
 gaussian exponents:
 xp():   23.560409202383926        16.659725114535615        11.780204601191969        8.3298625572678091        5.8901023005959843        4.1649312786339054        2.9450511502979935        2.0824656393169532        1.4725255751489965        1.0412328196584766       0.73626278757449859       0.52061640982923851       0.36813139378724929       0.26030820491461926       0.18406569689362473       0.13015410245730968        9.2032848446812379E-002   6.5077051228654856E-002   4.6016424223406217E-002   3.2538525614327435E-002   2.3008212111703109E-002   1.6269262807163717E-002   1.1504106055851560E-002   8.1346314035818639E-003   5.7520530279257789E-003   4.0673157017909328E-003   2.8760265139628899E-003   2.0336578508954668E-003   1.4380132569814452E-003   1.0168289254477334E-003   7.1900662849072280E-004   5.0841446272386693E-004   3.5950331424536156E-004   2.5420723136193341E-004   1.7975165712268075E-004   1.2710361568096679E-004   8.9875828561340431E-005   6.3551807840483380E-005   4.4937914280670215E-005   3.1775903920241710E-005
 orbital coefficients (one orbital per column)
 l,ispin:           0           1
 psi n=1,noccmax(l):
   -0.6648537280E-01   -0.2870209536E-01   -0.1458870766E-01   -0.1321192968E-01    0.0000000000E+00    0.0000000000E+00    0.0000000000E+00    0.2064942246E+00    0.7535106938E-01
    0.3184789388E+00    0.1424171467E+00    0.7157232299E-01    0.6518149545E-01    0.0000000000E+00    0.0000000000E+00    0.0000000000E+00   -0.9162654314E+00   -0.3356635682E+00
   -0.6558591587E+00   -0.3190289852E+00   -0.1551514469E+00   -0.1433718059E+00    0.0000000000E+00    0.0000000000E+00    0.0000000000E+00    0.2113529718E+01    0.7789785214E+00
    0.4004968099E+00    0.3074546327E+00    0.1242504651E+00    0.1243897160E+00    0.0000000000E+00    0.0000000000E+00    0.0000000000E+00   -0.3288613511E+01   -0.1223515927E+01
    0.1691636195E+01    0.4007706235E+00    0.3053884323E+00    0.2430743160E+00    0.0000000000E+00    0.0000000000E+00    0.0000000000E+00    0.3647306454E+01    0.1372082107E+01
   -0.6103828443E+01   -0.2096733807E+01   -0.1301528860E+01   -0.1111301389E+01    0.0000000000E+00    0.0000000000E+00    0.0000000000E+00   -0.2992070391E+01   -0.1102615325E+01
    0.8907679782E+01    0.3239605666E+01    0.2000852704E+01    0.1722085370E+01    0.0000000000E+00    0.0000000000E+00    0.0000000000E+00    0.2630186206E+01    0.8679349279E+00
   -0.4815974904E+01   -0.1319909248E+01   -0.9619162864E+00   -0.7913695178E+00    0.0000000000E+00    0.0000000000E+00    0.0000000000E+00   -0.2525127637E+01   -0.9074252351E+00
    0.2479330969E+01   -0.8956472797E-01    0.1882606208E+00    0.8692079867E-01    0.0000000000E+00    0.0000000000E+00    0.0000000000E+00    0.3394794363E+00    0.3876700960E+00
   -0.6200284229E+01   -0.1555642335E+01   -0.1170755266E+01   -0.9538213851E+00    0.0000000000E+00    0.0000000000E+00    0.0000000000E+00    0.1895944322E+01    0.3948204280E+00
    0.3627399788E+01    0.6068739653E+00    0.6858265443E+00    0.5279872585E+00    0.0000000000E+00    0.0000000000E+00    0.0000000000E+00   -0.4526603135E+00    0.5181243658E-01
   -0.2449060103E+01   -0.2351470856E+00   -0.5196195964E+00   -0.3936022759E+00    0.0000000000E+00    0.0000000000E+00    0.0000000000E+00    0.1969368583E+00   -0.1436238713E+00
    0.3039095990E+01    0.7893019598E+00    0.8697006569E+00    0.7348077873E+00    0.0000000000E+00    0.0000000000E+00    0.0000000000E+00   -0.6212866875E+00   -0.6382902268E-01
   -0.1195935238E+01    0.3628259218E+00   -0.1037006397E+00   -0.4800304368E-01    0.0000000000E+00    0.0000000000E+00    0.0000000000E+00   -0.8192034015E-01   -0.2460115870E+00
    0.1450211269E+01   -0.2125042210E+00   -0.9531995068E-01   -0.2008358658E+00    0.0000000000E+00    0.0000000000E+00    0.0000000000E+00   -0.2313443320E+00    0.1327691561E+00
   -0.8079045004E+00    0.5782906676E+00    0.8848826002E+00    0.1184048493E+01    0.0000000000E+00    0.0000000000E+00    0.0000000000E+00   -0.2415932997E-02   -0.2160366626E+00
    0.6389979468E+00   -0.1932138308E+00   -0.1066753822E+01   -0.1719330648E+01    0.0000000000E+00    0.0000000000E+00    0.0000000000E+00   -0.6056409740E-01    0.8033772920E-01
   -0.4381156048E+00   -0.1657590253E+00    0.8214265625E+00    0.1900361853E+01    0.0000000000E+00    0.0000000000E+00    0.0000000000E+00    0.1876442716E-01   -0.4736821632E-02
    0.3032583251E+00    0.6266341147E-02   -0.5849009955E+00   -0.1968316390E+01    0.0000000000E+00    0.0000000000E+00    0.0000000000E+00   -0.1457382834E-01    0.8336403235E-02
   -0.2061624887E+00   -0.1936203528E+00   -0.4380430501E-01    0.1190069432E+01    0.0000000000E+00    0.0000000000E+00    0.0000000000E+00    0.7955072308E-02    0.2223516542E-01
    0.1379707865E+00    0.1666641859E-01   -0.1824971811E+00   -0.1571826163E+01    0.0000000000E+00    0.0000000000E+00    0.0000000000E+00   -0.4509844262E-02    0.1219337495E-01
   -0.9085356545E-01   -0.5611964161E-01    0.3368964791E-01    0.9958350290E+00    0.0000000000E+00    0.0000000000E+00    0.0000000000E+00    0.2492701321E-02    0.7399428062E-02
    0.5884483598E-01    0.2942719622E-01    0.2101280427E+00    0.1082235395E+01    0.0000000000E+00    0.0000000000E+00    0.0000000000E+00   -0.1348894378E-02    0.3788561079E-03
   -0.3747277826E-01   -0.1880688473E-01    0.1246510538E-01   -0.1242400842E+01    0.0000000000E+00    0.0000000000E+00    0.0000000000E+00    0.7141082582E-03    0.1249054300E-03
    0.2345243052E-01    0.1158529942E-01   -0.1071932627E-01    0.4333033850E+00    0.0000000000E+00    0.0000000000E+00    0.0000000000E+00   -0.3698039253E-03   -0.8581994372E-04
   -0.1441909008E-01   -0.6933904668E-02    0.6977057320E-02   -0.1952779984E+00    0.0000000000E+00    0.0000000000E+00    0.0000000000E+00    0.1873877440E-03    0.4677278148E-04
    0.8704837480E-02    0.4044326341E-02   -0.4196862765E-02    0.9610152326E-01    0.0000000000E+00    0.0000000000E+00    0.0000000000E+00   -0.9297421410E-04   -0.2364687152E-04
   -0.5157143537E-02   -0.2305423367E-02    0.2418437255E-02   -0.4899701876E-01    0.0000000000E+00    0.0000000000E+00    0.0000000000E+00    0.4520529890E-04    0.1146210243E-04
    0.2996032957E-02    0.1287293990E-02   -0.1353153995E-02    0.2532720440E-01    0.0000000000E+00    0.0000000000E+00    0.0000000000E+00   -0.2155383669E-04   -0.5396319809E-05
   -0.1704743901E-02   -0.7049553943E-03    0.7396439435E-03   -0.1312880031E-01    0.0000000000E+00    0.0000000000E+00    0.0000000000E+00    0.1008033865E-04    0.2483084210E-05
    0.9482350274E-03    0.3785300074E-03   -0.3958120281E-03    0.6775240289E-02    0.0000000000E+00    0.0000000000E+00    0.0000000000E+00   -0.4621405044E-05   -0.1119588304E-05
   -0.5139941806E-03   -0.1988656262E-03    0.2071673386E-03   -0.3457950660E-02    0.0000000000E+00    0.0000000000E+00    0.0000000000E+00    0.2072809771E-05    0.4944746976E-06
    0.2701444878E-03    0.1017472939E-03   -0.1056196830E-03    0.1732158480E-02    0.0000000000E+00    0.0000000000E+00    0.0000000000E+00   -0.9059124651E-06   -0.2132156678E-06
   -0.1365777298E-03   -0.5029524082E-04    0.5204735919E-04   -0.8430522255E-03    0.0000000000E+00    0.0000000000E+00    0.0000000000E+00    0.3831140210E-06    0.8915500667E-07
    0.6561183085E-04    0.2371979304E-04   -0.2448221853E-04    0.3930988437E-03    0.0000000000E+00    0.0000000000E+00    0.0000000000E+00   -0.1550236008E-06   -0.3574383601E-07
   -0.2939534393E-04   -0.1047010689E-04    0.1078375520E-04   -0.1720788408E-03    0.0000000000E+00    0.0000000000E+00    0.0000000000E+00    0.5897415198E-07    0.1349755845E-07
    0.1193699115E-04    0.4201928679E-05   -0.4320502309E-05    0.6864074930E-04    0.0000000000E+00    0.0000000000E+00    0.0000000000E+00   -0.2052601595E-07   -0.4670615935E-08
   -0.4204210412E-05   -0.1466337387E-05    0.1505723189E-05   -0.2384722015E-04    0.0000000000E+00    0.0000000000E+00    0.0000000000E+00    0.6263281104E-08    0.1418775218E-08
    0.1195753996E-05    0.4140911300E-06   -0.4247793511E-06    0.6712648270E-05    0.0000000000E+00    0.0000000000E+00    0.0000000000E+00   -0.1562409901E-08   -0.3527000993E-09
   -0.2414917199E-06   -0.8317438056E-07    0.8525466257E-07   -0.1345133570E-05    0.0000000000E+00    0.0000000000E+00    0.0000000000E+00    0.2805559682E-09    0.6316709748E-10
    0.2559167882E-07    0.8777986790E-08   -0.8992229204E-08    0.1417194609E-06    0.0000000000E+00    0.0000000000E+00    0.0000000000E+00   -0.2682660821E-10   -0.6028103450E-11
 l,ispin:           1           1
 psi n=1,noccmax(l):
    0.2064942246E+00    0.7535106938E-01    0.5239163094E-01    0.5370501265E-01    0.0000000000E+00    0.0000000000E+00    0.0000000000E+00   -0.1531376983E+00    0.8629536052E-01
   -0.9162654314E+00   -0.3356635682E+00   -0.2336449467E+00   -0.2394333200E+00    0.0000000000E+00    0.0000000000E+00    0.0000000000E+00    0.5565726648E+00   -0.3140566584E+00
    0.2113529718E+01    0.7789785214E+00    0.5421075394E+00    0.5568085124E+00    0.0000000000E+00    0.0000000000E+00    0.0000000000E+00   -0.1089759912E+01    0.6169500373E+00
   -0.3288613511E+01   -0.1223515927E+01   -0.8476585531E+00   -0.8788367802E+00    0.0000000000E+00    0.0000000000E+00    0.0000000000E+00    0.1504487799E+01   -0.8581250636E+00
    0.3647306454E+01    0.1372082107E+01    0.9340937289E+00    0.9957472468E+00    0.0000000000E+00    0.0000000000E+00    0.0000000000E+00   -0.1536274698E+01    0.8917246708E+00
   -0.2992070391E+01   -0.1102615325E+01   -0.7081155861E+00   -0.8108837495E+00    0.0000000000E+00    0.0000000000E+00    0.0000000000E+00    0.1010847082E+01   -0.6164113751E+00
    0.2630186206E+01    0.8679349279E+00    0.5048559139E+00    0.6310025692E+00    0.0000000000E+00    0.0000000000E+00    0.0000000000E+00   -0.2907865669E+00    0.2115257756E+00
   -0.2525127637E+01   -0.9074252351E+00   -0.5345840361E+00   -0.6731321015E+00    0.0000000000E+00    0.0000000000E+00    0.0000000000E+00    0.3569088138E+00   -0.2212850151E+00
    0.3394794363E+00    0.3876700960E+00    0.1793772401E+00    0.3678286644E+00    0.0000000000E+00    0.0000000000E+00    0.0000000000E+00   -0.5784590854E+00    0.3563949780E+00
    0.1895944322E+01    0.3948204280E+00    0.3992383604E+00    0.1712565229E+00    0.0000000000E+00    0.0000000000E+00    0.0000000000E+00    0.3032409435E-01   -0.6722007475E-01
   -0.4526603135E+00    0.5181243658E-01   -0.7426750521E-01    0.1154999246E+00    0.0000000000E+00    0.0000000000E+00    0.0000000000E+00   -0.1595965008E-01    0.4436575944E-01
    0.1969368583E+00   -0.1436238713E+00    0.8439624623E-03   -0.1727732450E+00    0.0000000000E+00    0.0000000000E+00    0.0000000000E+00   -0.2300885599E-01   -0.3456336494E-01
   -0.6212866875E+00   -0.6382902268E-01   -0.1555231074E+00    0.1072976242E-01    0.0000000000E+00    0.0000000000E+00    0.0000000000E+00    0.7039443136E-01   -0.1699914677E-02
   -0.8192034015E-01   -0.2460115870E+00   -0.9979151559E-01   -0.2431127534E+00    0.0000000000E+00    0.0000000000E+00    0.0000000000E+00    0.5962142864E-01   -0.6519972249E-01
   -0.2313443320E+00    0.1327691561E+00    0.5537309697E-01    0.2071215358E+00    0.0000000000E+00    0.0000000000E+00    0.0000000000E+00    0.3830375206E-01    0.1321489378E-01
   -0.2415932997E-02   -0.2160366626E+00   -0.1900113612E+00   -0.3682937445E+00    0.0000000000E+00    0.0000000000E+00    0.0000000000E+00    0.1406131152E-01   -0.3366643547E-01
   -0.6056409740E-01    0.8033772920E-01    0.1373761406E+00    0.3542433105E+00    0.0000000000E+00    0.0000000000E+00    0.0000000000E+00    0.2197182534E-01   -0.1034868229E-02
    0.1876442716E-01   -0.4736821632E-02   -0.8255576830E-01   -0.3237018960E+00    0.0000000000E+00    0.0000000000E+00    0.0000000000E+00    0.3040001665E-02   -0.1197451894E-02
   -0.1457382834E-01    0.8336403235E-02    0.5287171275E-01    0.2940128729E+00    0.0000000000E+00    0.0000000000E+00    0.0000000000E+00    0.4690728961E-02   -0.4905311092E-02
    0.7955072308E-02    0.2223516542E-01    0.2837638726E-01   -0.1632812009E+00    0.0000000000E+00    0.0000000000E+00    0.0000000000E+00    0.6837639821E-03    0.1544122258E-02
   -0.4509844262E-02    0.1219337495E-01    0.1634943396E-01    0.2157784345E+00    0.0000000000E+00    0.0000000000E+00    0.0000000000E+00    0.6481132842E-03    0.8713926652E-03
    0.2492701321E-02    0.7399428062E-02    0.1912546089E-01   -0.1048553693E+00    0.0000000000E+00    0.0000000000E+00    0.0000000000E+00   -0.7370710196E-04    0.1780402613E-02
   -0.1348894378E-02    0.3788561079E-03   -0.3429536709E-01   -0.1157780419E+00    0.0000000000E+00    0.0000000000E+00    0.0000000000E+00    0.5719506606E-04    0.8394674010E-03
    0.7141082582E-03    0.1249054300E-03   -0.5665601821E-03    0.1071875341E+00    0.0000000000E+00    0.0000000000E+00    0.0000000000E+00   -0.2460020015E-04   -0.7331485039E-04
   -0.3698039253E-03   -0.8581994372E-04    0.3242504312E-03   -0.3081797858E-01    0.0000000000E+00    0.0000000000E+00    0.0000000000E+00    0.1038568901E-04    0.1902993488E-04
    0.1873877440E-03    0.4677278148E-04   -0.1629196804E-03    0.1146284332E-01    0.0000000000E+00    0.0000000000E+00    0.0000000000E+00   -0.4272818711E-05   -0.5975817237E-05
   -0.9297421410E-04   -0.2364687152E-04    0.7941095618E-04   -0.4667504740E-02    0.0000000000E+00    0.0000000000E+00    0.0000000000E+00    0.1717751072E-05    0.2022481316E-05
    0.4520529890E-04    0.1146210243E-04   -0.3772956542E-04    0.1974578197E-02    0.0000000000E+00    0.0000000000E+00    0.0000000000E+00   -0.6769300264E-06   -0.7099105166E-06
   -0.2155383669E-04   -0.5396319809E-05    0.1753432913E-04   -0.8493255397E-03    0.0000000000E+00    0.0000000000E+00    0.0000000000E+00    0.2622077034E-06    0.2539356812E-06
    0.1008033865E-04    0.2483084210E-05   -0.7993643472E-05    0.3673804787E-03    0.0000000000E+00    0.0000000000E+00    0.0000000000E+00   -0.1000065685E-06   -0.9163665151E-07
   -0.4621405044E-05   -0.1119588304E-05    0.3579031252E-05   -0.1586633033E-03    0.0000000000E+00    0.0000000000E+00    0.0000000000E+00    0.3757241387E-07    0.3312242216E-07
    0.2072809771E-05    0.4944746976E-06   -0.1572206866E-05    0.6798194389E-04    0.0000000000E+00    0.0000000000E+00    0.0000000000E+00   -0.1388651553E-07   -0.1191503930E-07
   -0.9059124651E-06   -0.2132156678E-06    0.6751155017E-06   -0.2869070329E-04    0.0000000000E+00    0.0000000000E+00    0.0000000000E+00    0.5031130820E-08    0.4235779477E-08
    0.3831140210E-06    0.8915500667E-07   -0.2813938931E-06    0.1181509722E-04    0.0000000000E+00    0.0000000000E+00    0.0000000000E+00   -0.1775270715E-08   -0.1474885430E-08
   -0.1550236008E-06   -0.3574383601E-07    0.1125398522E-06   -0.4685647662E-05    0.0000000000E+00    0.0000000000E+00    0.0000000000E+00    0.6036189380E-09    0.4968280094E-09
    0.5897415198E-07    0.1349755845E-07   -0.4241811258E-07    0.1755721294E-05    0.0000000000E+00    0.0000000000E+00    0.0000000000E+00   -0.1944831080E-09   -0.1590313464E-09
   -0.2052601595E-07   -0.4670615935E-08    0.1465746054E-07   -0.6041870974E-06    0.0000000000E+00    0.0000000000E+00    0.0000000000E+00    0.5784639540E-10    0.4708493119E-10
    0.6263281104E-08    0.1418775218E-08   -0.4447732683E-08    0.1828084027E-06    0.0000000000E+00    0.0000000000E+00    0.0000000000E+00   -0.1524044402E-10   -0.1236523179E-10
   -0.1562409901E-08   -0.3527000993E-09    0.1104809512E-08   -0.4531737908E-07    0.0000000000E+00    0.0000000000E+00    0.0000000000E+00    0.3321475043E-11    0.2688756911E-11
    0.2805559682E-09    0.6316709748E-10   -0.1977505742E-09    0.8099862813E-08    0.0000000000E+00    0.0000000000E+00    0.0000000000E+00   -0.5280185164E-12   -0.4267545588E-12
   -0.2682660821E-10   -0.6028103450E-11    0.1886336480E-10   -0.7718725149E-09    0.0000000000E+00    0.0000000000E+00    0.0000000000E+00    0.4534932610E-13    0.3661117675E-13
 l,ispin:           1           2
 psi n=1,noccmax(l):
    0.2918098825E+00    0.9701038196E-01   -0.6155426375E-01    0.6005894689E-01    0.0000000000E+00    0.0000000000E+00    0.0000000000E+00    0.1764645533E+00    0.9242051715E-01
   -0.1298616454E+01   -0.4338919832E+00    0.2756893001E+00   -0.2688954504E+00    0.0000000000E+00    0.0000000000E+00    0.0000000000E+00   -0.6439944929E+00   -0.3377229528E+00
    0.3002064035E+01    0.1010314902E+01   -0.6419931210E+00    0.6271212691E+00    0.0000000000E+00    0.0000000000E+00    0.0000000000E+00    0.1268078127E+01    0.6670494767E+00
   -0.4665985562E+01   -0.1586442398E+01    0.1003849395E+01   -0.9872076979E+00    0.0000000000E+00    0.0000000000E+00    0.0000000000E+00   -0.1763939678E+01   -0.9341572046E+00
    0.5032961350E+01    0.1732025256E+01   -0.1075628860E+01    0.1081623824E+01    0.0000000000E+00    0.0000000000E+00    0.0000000000E+00    0.1820120498E+01    0.9788349605E+00
   -0.3135504094E+01   -0.1065117602E+01    0.5973234429E+00   -0.6652599267E+00    0.0000000000E+00    0.0000000000E+00    0.0000000000E+00   -0.1215737009E+01   -0.6819934778E+00
    0.2287802011E+00   -0.1847650138E-01    0.1645446673E+00   -0.2257327933E-01    0.0000000000E+00    0.0000000000E+00    0.0000000000E+00    0.3377196845E+00    0.2221467449E+00
    0.7065869130E-02    0.1425703999E-01   -0.1648078101E+00    0.1257687185E-01    0.0000000000E+00    0.0000000000E+00    0.0000000000E+00   -0.3640341660E+00   -0.2096572004E+00
    0.9248781747E+00    0.5840781793E+00   -0.2639284275E+00    0.3954434499E+00    0.0000000000E+00    0.0000000000E+00    0.0000000000E+00    0.6646091221E+00    0.3783275840E+00
    0.1359815177E+01    0.1900306602E+00   -0.2618522174E+00    0.8888806216E-01    0.0000000000E+00    0.0000000000E+00    0.0000000000E+00   -0.4897650514E-01   -0.7449472899E-01
   -0.7324920345E+00   -0.5398616249E-01    0.1749287125E+00   -0.2199510297E-01    0.0000000000E+00    0.0000000000E+00    0.0000000000E+00    0.1132227726E-01    0.4030518197E-01
   -0.5240464931E-01   -0.2340104706E+00    0.2708358316E-01   -0.1531659599E+00    0.0000000000E+00    0.0000000000E+00    0.0000000000E+00    0.5145929280E-02   -0.4404538895E-01
   -0.6757693015E+00   -0.1175917364E+00    0.2180162272E+00   -0.9223094519E-01    0.0000000000E+00    0.0000000000E+00    0.0000000000E+00   -0.8227307388E-01   -0.5608147846E-02
   -0.7068250867E-01   -0.2101424704E+00    0.2663694818E-01   -0.1229061296E+00    0.0000000000E+00    0.0000000000E+00    0.0000000000E+00   -0.6669481775E-01   -0.6660944816E-01
   -0.2062701918E+00    0.1191732712E+00   -0.2795997395E-02    0.9978688655E-01    0.0000000000E+00    0.0000000000E+00    0.0000000000E+00   -0.3936409564E-01    0.1416847034E-01
    0.2132239236E-01   -0.1906568037E+00    0.1303047622E+00   -0.2473172121E+00    0.0000000000E+00    0.0000000000E+00    0.0000000000E+00   -0.1663315574E-01   -0.3515936670E-01
   -0.4666674068E-01    0.1043752324E+00   -0.1399680054E+00    0.2977964526E+00    0.0000000000E+00    0.0000000000E+00    0.0000000000E+00   -0.2079379003E-01    0.9797098020E-03
    0.2084015569E-01   -0.5738866016E-02    0.8214927781E-01   -0.2716256408E+00    0.0000000000E+00    0.0000000000E+00    0.0000000000E+00   -0.3178336247E-02   -0.1486323466E-02
   -0.1312802680E-01    0.2362295592E-01   -0.7352437312E-01    0.2812502493E+00    0.0000000000E+00    0.0000000000E+00    0.0000000000E+00   -0.4278317102E-02   -0.4179543774E-02
    0.7473155617E-02    0.1848976735E-01   -0.1592610831E-01   -0.1542587565E+00    0.0000000000E+00    0.0000000000E+00    0.0000000000E+00   -0.5385799996E-03    0.1729655432E-02
   -0.4210833459E-02    0.1177381816E-01   -0.1799140849E-01    0.1955922586E+00    0.0000000000E+00    0.0000000000E+00    0.0000000000E+00   -0.5419817108E-03    0.1051317721E-02
    0.2326466345E-02    0.3765761651E-02   -0.1974587378E-02   -0.1434772720E+00    0.0000000000E+00    0.0000000000E+00    0.0000000000E+00    0.8099717899E-04    0.1755776364E-02
   -0.1260088224E-02    0.4131790329E-03    0.2695929255E-01   -0.5827821090E-01    0.0000000000E+00    0.0000000000E+00    0.0000000000E+00   -0.5211013063E-04    0.7573188886E-03
    0.6688283193E-03   -0.9009235350E-04   -0.2951518418E-03    0.8179636249E-01    0.0000000000E+00    0.0000000000E+00    0.0000000000E+00    0.2254096932E-04   -0.6904841789E-04
   -0.3478340653E-03    0.3591082212E-04   -0.7802170340E-04   -0.2426153436E-01    0.0000000000E+00    0.0000000000E+00    0.0000000000E+00   -0.9525878921E-05    0.1816086490E-04
    0.1772595920E-03   -0.1555754415E-04    0.7828649704E-04    0.9133605294E-02    0.0000000000E+00    0.0000000000E+00    0.0000000000E+00    0.3922813998E-05   -0.5758748364E-05
   -0.8854109914E-04    0.6892564816E-05   -0.4738376272E-04   -0.3742615726E-02    0.0000000000E+00    0.0000000000E+00    0.0000000000E+00   -0.1578629940E-05    0.1963509826E-05
    0.4336379453E-04   -0.3072838590E-05    0.2493102615E-04    0.1589414668E-02    0.0000000000E+00    0.0000000000E+00    0.0000000000E+00    0.6227206069E-06   -0.6930346144E-06
   -0.2082853701E-04    0.1369278751E-05   -0.1225450011E-04   -0.6854033562E-03    0.0000000000E+00    0.0000000000E+00    0.0000000000E+00   -0.2414292319E-06    0.2489029099E-06
    0.9810157294E-05   -0.6073536362E-06    0.5776738615E-05    0.2970007404E-03    0.0000000000E+00    0.0000000000E+00    0.0000000000E+00    0.9215488375E-07   -0.9008110191E-07
   -0.4526766605E-05    0.2671700527E-06   -0.2641309686E-05   -0.1284294355E-03    0.0000000000E+00    0.0000000000E+00    0.0000000000E+00   -0.3464573383E-07    0.3262692896E-07
    0.2042017057E-05   -0.1160487240E-06    0.1176158755E-05    0.5507758068E-04    0.0000000000E+00    0.0000000000E+00    0.0000000000E+00    0.1281184985E-07   -0.1175363977E-07
   -0.8968401125E-06    0.4947973532E-07   -0.5096074978E-06   -0.2325985766E-04    0.0000000000E+00    0.0000000000E+00    0.0000000000E+00   -0.4643810040E-08    0.4182570288E-08
    0.3808315462E-06   -0.2053280264E-07    0.2136912969E-06    0.9583181220E-05    0.0000000000E+00    0.0000000000E+00    0.0000000000E+00    0.1639166162E-08   -0.1457363465E-08
   -0.1546152693E-06    0.8189687214E-08   -0.8581174055E-07   -0.3801824521E-05    0.0000000000E+00    0.0000000000E+00    0.0000000000E+00   -0.5574901015E-09    0.4911594078E-09
    0.5897636718E-07   -0.3081827754E-08    0.3243359850E-07    0.1424908536E-05    0.0000000000E+00    0.0000000000E+00    0.0000000000E+00    0.1796573592E-09   -0.1572684410E-09
   -0.2057015745E-07    0.1063906907E-08   -0.1122858873E-07   -0.4904355514E-06    0.0000000000E+00    0.0000000000E+00    0.0000000000E+00   -0.5344497134E-10    0.4657349341E-10
    0.6287073054E-08   -0.3226638982E-09    0.3411687660E-08    0.1484102791E-06    0.0000000000E+00    0.0000000000E+00    0.0000000000E+00    0.1408247316E-10   -0.1223281970E-10
   -0.1570329252E-08    0.8012599853E-10   -0.8482147644E-09   -0.3679375495E-07    0.0000000000E+00    0.0000000000E+00    0.0000000000E+00   -0.3069377183E-11    0.2660248795E-11
    0.2822496142E-09   -0.1433973404E-10    0.1519159512E-09    0.6576835510E-08    0.0000000000E+00    0.0000000000E+00    0.0000000000E+00    0.4879739222E-12   -0.4222608680E-12
   -0.2700815142E-10    0.1367776997E-11   -0.1449737132E-10   -0.6267675806E-09    0.0000000000E+00    0.0000000000E+00    0.0000000000E+00   -0.4191207057E-13    0.3622750149E-13
 l,ispin:           2           1
 psi n=1,noccmax(l):
   -0.1531376983E+00    0.8629536052E-01    0.7495817225E-01    0.1091120366E+00    0.0000000000E+00    0.0000000000E+00    0.0000000000E+00   -0.1155395371E+01
    0.5565726648E+00   -0.3140566584E+00   -0.2747704128E+00   -0.3945627185E+00    0.0000000000E+00    0.0000000000E+00    0.0000000000E+00    0.2805948380E+01
   -0.1089759912E+01    0.6169500373E+00    0.5438986891E+00    0.7716742377E+00    0.0000000000E+00    0.0000000000E+00    0.0000000000E+00   -0.3156819172E+01
    0.1504487799E+01   -0.8581250636E+00   -0.7606570820E+00   -0.1076831506E+01    0.0000000000E+00    0.0000000000E+00    0.0000000000E+00    0.1461720275E+01
   -0.1536274698E+01    0.8917246708E+00    0.7876240969E+00    0.1147975145E+01    0.0000000000E+00    0.0000000000E+00    0.0000000000E+00    0.9362191076E+00
    0.1010847082E+01   -0.6164113751E+00   -0.5215600036E+00   -0.8759070965E+00    0.0000000000E+00    0.0000000000E+00    0.0000000000E+00   -0.1037984661E+01
   -0.2907865669E+00    0.2115257756E+00    0.1255898680E+00    0.4342364559E+00    0.0000000000E+00    0.0000000000E+00    0.0000000000E+00   -0.4323273723E+00
    0.3569088138E+00   -0.2212850151E+00   -0.1346016854E+00   -0.3989641098E+00    0.0000000000E+00    0.0000000000E+00    0.0000000000E+00   -0.3815163464E+01
   -0.5784590854E+00    0.3563949780E+00    0.2880380092E+00    0.5287313640E+00    0.0000000000E+00    0.0000000000E+00    0.0000000000E+00   -0.6219601026E-01
    0.3032409435E-01   -0.6722007475E-01   -0.2197203569E-01   -0.2177637355E+00    0.0000000000E+00    0.0000000000E+00    0.0000000000E+00   -0.1022612486E+01
   -0.1595965008E-01    0.4436575944E-01    0.3991261409E-02    0.1599507861E+00    0.0000000000E+00    0.0000000000E+00    0.0000000000E+00   -0.1291340891E+00
   -0.2300885599E-01   -0.3456336494E-01   -0.1005123114E-01   -0.1432620746E+00    0.0000000000E+00    0.0000000000E+00    0.0000000000E+00   -0.2265732740E+00
    0.7039443136E-01   -0.1699914677E-02   -0.2221090739E-01    0.8153448822E-01    0.0000000000E+00    0.0000000000E+00    0.0000000000E+00   -0.3102624541E-01
    0.5962142864E-01   -0.6519972249E-01   -0.4963727913E-01   -0.1374008830E+00    0.0000000000E+00    0.0000000000E+00    0.0000000000E+00   -0.4211657744E-01
    0.3830375206E-01    0.1321489378E-01    0.7873639608E-02    0.8253538414E-01    0.0000000000E+00    0.0000000000E+00    0.0000000000E+00   -0.3384252999E-02
    0.1406131152E-01   -0.3366643547E-01   -0.3396826869E-01   -0.1017044101E+00    0.0000000000E+00    0.0000000000E+00    0.0000000000E+00   -0.6957000401E-02
    0.2197182534E-01   -0.1034868229E-02    0.8310933404E-03    0.5843834015E-01    0.0000000000E+00    0.0000000000E+00    0.0000000000E+00   -0.9987950607E-03
    0.3040001665E-02   -0.1197451894E-02   -0.5324982602E-03   -0.4838268750E-01    0.0000000000E+00    0.0000000000E+00    0.0000000000E+00   -0.9809416268E-03
    0.4690728961E-02   -0.4905311092E-02   -0.8675560870E-02    0.2784725957E-01    0.0000000000E+00    0.0000000000E+00    0.0000000000E+00   -0.1138408777E-03
    0.6837639821E-03    0.1544122258E-02    0.8546363046E-02   -0.1572734497E-01    0.0000000000E+00    0.0000000000E+00    0.0000000000E+00   -0.1680348113E-03
    0.6481132842E-03    0.8713926652E-03   -0.3137149896E-02    0.1788868961E-01    0.0000000000E+00    0.0000000000E+00    0.0000000000E+00   -0.3401904336E-05
   -0.7370710196E-04    0.1780402613E-02    0.9892950047E-02    0.1024695094E-01    0.0000000000E+00    0.0000000000E+00    0.0000000000E+00   -0.1738731267E-04
    0.5719506606E-04    0.8394674010E-03   -0.4207843577E-02   -0.2444682028E-01    0.0000000000E+00    0.0000000000E+00    0.0000000000E+00    0.3781584347E-05
   -0.2460020015E-04   -0.7331485039E-04   -0.9123710424E-03    0.1195149208E-01    0.0000000000E+00    0.0000000000E+00    0.0000000000E+00   -0.1458371579E-05
    0.1038568901E-04    0.1902993488E-04    0.2469128763E-03   -0.2579517543E-02    0.0000000000E+00    0.0000000000E+00    0.0000000000E+00    0.5173067446E-06
   -0.4272818711E-05   -0.5975817237E-05   -0.7951530751E-04    0.7626773859E-03    0.0000000000E+00    0.0000000000E+00    0.0000000000E+00   -0.1774479228E-06
    0.1717751072E-05    0.2022481316E-05    0.2746615842E-04   -0.2519098216E-03    0.0000000000E+00    0.0000000000E+00    0.0000000000E+00    0.5930862421E-07
   -0.6769300264E-06   -0.7099105166E-06   -0.9791825138E-05    0.8735926520E-04    0.0000000000E+00    0.0000000000E+00    0.0000000000E+00   -0.1941577695E-07
    0.2622077034E-06    0.2539356812E-06    0.3541156586E-05   -0.3101255240E-04    0.0000000000E+00    0.0000000000E+00    0.0000000000E+00    0.6250560124E-08
   -0.1000065685E-06   -0.9163665151E-07   -0.1287217598E-05    0.1112790387E-04    0.0000000000E+00    0.0000000000E+00    0.0000000000E+00   -0.1984003777E-08
    0.3757241387E-07    0.3312242216E-07    0.4674111911E-06   -0.4003537274E-05    0.0000000000E+00    0.0000000000E+00    0.0000000000E+00    0.6215334540E-09
   -0.1388651553E-07   -0.1191503930E-07   -0.1686048891E-06    0.1434574668E-05    0.0000000000E+00    0.0000000000E+00    0.0000000000E+00   -0.1920145947E-09
    0.5031130820E-08    0.4235779477E-08    0.6003272843E-07   -0.5083359934E-06    0.0000000000E+00    0.0000000000E+00    0.0000000000E+00    0.5832469981E-10
   -0.1775270715E-08   -0.1474885430E-08   -0.2092042465E-07    0.1765307899E-06    0.0000000000E+00    0.0000000000E+00    0.0000000000E+00   -0.1731763101E-10
    0.6036189380E-09    0.4968280094E-09    0.7049898573E-08   -0.5933869171E-07    0.0000000000E+00    0.0000000000E+00    0.0000000000E+00    0.4977264938E-11
   -0.1944831080E-09   -0.1590313464E-09   -0.2256910075E-08    0.1896171116E-07    0.0000000000E+00    0.0000000000E+00    0.0000000000E+00   -0.1363211237E-11
    0.5784639540E-10    0.4708493119E-10    0.6682049522E-09   -0.5606617264E-08    0.0000000000E+00    0.0000000000E+00    0.0000000000E+00    0.3471023030E-12
   -0.1524044402E-10   -0.1236523179E-10   -0.1754682124E-09    0.1470878884E-08    0.0000000000E+00    0.0000000000E+00    0.0000000000E+00   -0.7896368887E-13
    0.3321475043E-11    0.2688756911E-11    0.3815100475E-10   -0.3195854726E-09    0.0000000000E+00    0.0000000000E+00    0.0000000000E+00    0.1501512525E-13
   -0.5280185164E-12   -0.4267545588E-12   -0.6054665994E-11    0.5069408144E-10    0.0000000000E+00    0.0000000000E+00    0.0000000000E+00   -0.2108168839E-14
    0.4534932610E-13    0.3661117675E-13    0.5193824779E-12   -0.4347110242E-11    0.0000000000E+00    0.0000000000E+00    0.0000000000E+00    0.1621234306E-15
 l,ispin:           2           2
 psi n=1,noccmax(l):
    0.1764645533E+00    0.9242051715E-01   -0.8078897724E-01   -0.1145288982E+00    0.0000000000E+00    0.0000000000E+00    0.0000000000E+00    0.1231961490E+01
   -0.6439944929E+00   -0.3377229528E+00    0.2972558527E+00    0.4155488313E+00    0.0000000000E+00    0.0000000000E+00    0.0000000000E+00   -0.3002522199E+01
    0.1268078127E+01    0.6670494767E+00   -0.5914227012E+00   -0.8162719259E+00    0.0000000000E+00    0.0000000000E+00    0.0000000000E+00    0.3408244675E+01
   -0.1763939678E+01   -0.9341572046E+00    0.8327489045E+00    0.1144884558E+01    0.0000000000E+00    0.0000000000E+00    0.0000000000E+00   -0.1649122703E+01
    0.1820120498E+01    0.9788349605E+00   -0.8704063633E+00   -0.1226583618E+01    0.0000000000E+00    0.0000000000E+00    0.0000000000E+00   -0.8694442212E+00
   -0.1215737009E+01   -0.6819934778E+00    0.5845220420E+00    0.9359082431E+00    0.0000000000E+00    0.0000000000E+00    0.0000000000E+00    0.9943598606E+00
    0.3377196845E+00    0.2221467449E+00   -0.1370466748E+00   -0.4443188358E+00    0.0000000000E+00    0.0000000000E+00    0.0000000000E+00    0.5028592887E+00
   -0.3640341660E+00   -0.2096572004E+00    0.1246339329E+00    0.3873768611E+00    0.0000000000E+00    0.0000000000E+00    0.0000000000E+00    0.4029939177E+01
    0.6646091221E+00    0.3783275840E+00   -0.3094585049E+00   -0.5481697125E+00    0.0000000000E+00    0.0000000000E+00    0.0000000000E+00    0.9106482958E-01
   -0.4897650514E-01   -0.7449472899E-01    0.2977153185E-01    0.2248749850E+00    0.0000000000E+00    0.0000000000E+00    0.0000000000E+00    0.1068911074E+01
    0.1132227726E-01    0.4030518197E-01   -0.6914219978E-03   -0.1558701298E+00    0.0000000000E+00    0.0000000000E+00    0.0000000000E+00    0.1338597505E+00
    0.5145929280E-02   -0.4404538895E-01    0.1941912363E-01    0.1519647359E+00    0.0000000000E+00    0.0000000000E+00    0.0000000000E+00    0.2334077219E+00
   -0.8227307388E-01   -0.5608147846E-02    0.2585939062E-01   -0.7705826639E-01    0.0000000000E+00    0.0000000000E+00    0.0000000000E+00    0.3060958294E-01
   -0.6669481775E-01   -0.6660944816E-01    0.5067888478E-01    0.1371534899E+00    0.0000000000E+00    0.0000000000E+00    0.0000000000E+00    0.4256784753E-01
   -0.3936409564E-01    0.1416847034E-01   -0.8527529528E-02   -0.8203002851E-01    0.0000000000E+00    0.0000000000E+00    0.0000000000E+00    0.2950743308E-02
   -0.1663315574E-01   -0.3515936670E-01    0.3548102471E-01    0.1022135418E+00    0.0000000000E+00    0.0000000000E+00    0.0000000000E+00    0.7017503447E-02
   -0.2079379003E-01    0.9797098020E-03   -0.3584392623E-02   -0.6106955187E-01    0.0000000000E+00    0.0000000000E+00    0.0000000000E+00    0.7317719320E-03
   -0.3178336247E-02   -0.1486323466E-02    0.1840100000E-02    0.4996914908E-01    0.0000000000E+00    0.0000000000E+00    0.0000000000E+00    0.9720028800E-03
   -0.4278317102E-02   -0.4179543774E-02    0.6823603342E-02   -0.3063783705E-01    0.0000000000E+00    0.0000000000E+00    0.0000000000E+00    0.5776911546E-04
   -0.5385799996E-03    0.1729655432E-02   -0.8071327557E-02    0.1700055024E-01    0.0000000000E+00    0.0000000000E+00    0.0000000000E+00    0.1526553991E-03
   -0.5419817108E-03    0.1051317721E-02    0.2337165615E-02   -0.1990593116E-01    0.0000000000E+00    0.0000000000E+00    0.0000000000E+00   -0.7930140877E-05
    0.8099717899E-04    0.1755776364E-02   -0.9144090698E-02   -0.6867854796E-02    0.0000000000E+00    0.0000000000E+00    0.0000000000E+00    0.1564134423E-04
   -0.5211013063E-04    0.7573188886E-03    0.4248762726E-02    0.2241224617E-01    0.0000000000E+00    0.0000000000E+00    0.0000000000E+00   -0.4305668786E-05
    0.2254096932E-04   -0.6904841789E-04    0.7759975614E-03   -0.1144416567E-01    0.0000000000E+00    0.0000000000E+00    0.0000000000E+00    0.1603714073E-05
   -0.9525878921E-05    0.1816086490E-04   -0.2107427726E-03    0.2515776389E-02    0.0000000000E+00    0.0000000000E+00    0.0000000000E+00   -0.5671130686E-06
    0.3922813998E-05   -0.5758748364E-05    0.6789627684E-04   -0.7500834031E-03    0.0000000000E+00    0.0000000000E+00    0.0000000000E+00    0.1944919210E-06
   -0.1578629940E-05    0.1963509826E-05   -0.2345601640E-04    0.2488994708E-03    0.0000000000E+00    0.0000000000E+00    0.0000000000E+00   -0.6504365546E-07
    0.6227206069E-06   -0.6930346144E-06    0.8363463888E-05   -0.8655857264E-04    0.0000000000E+00    0.0000000000E+00    0.0000000000E+00    0.2131118902E-07
   -0.2414292319E-06    0.2489029099E-06   -0.3025106001E-05    0.3078382362E-04    0.0000000000E+00    0.0000000000E+00    0.0000000000E+00   -0.6866725645E-08
    0.9215488375E-07   -0.9008110191E-07    0.1099808997E-05   -0.1105904005E-04    0.0000000000E+00    0.0000000000E+00    0.0000000000E+00    0.2181319857E-08
   -0.3464573383E-07    0.3262692896E-07   -0.3994159568E-06    0.3981972756E-05    0.0000000000E+00    0.0000000000E+00    0.0000000000E+00   -0.6838147810E-09
    0.1281184985E-07   -0.1175363977E-07    0.1440943219E-06   -0.1427634153E-05    0.0000000000E+00    0.0000000000E+00    0.0000000000E+00    0.2113747139E-09
   -0.4643810040E-08    0.4182570288E-08   -0.5131035051E-07    0.5060686528E-06    0.0000000000E+00    0.0000000000E+00    0.0000000000E+00   -0.6423436118E-10
    0.1639166162E-08   -0.1457363465E-08    0.1788210800E-07   -0.1757895600E-06    0.0000000000E+00    0.0000000000E+00    0.0000000000E+00    0.1907907266E-10
   -0.5574901015E-09    0.4911594078E-09   -0.6026360334E-08    0.5910030990E-07    0.0000000000E+00    0.0000000000E+00    0.0000000000E+00   -0.5485022588E-11
    0.1796573592E-09   -0.1572684410E-09    0.1929321801E-08   -0.1888793227E-07    0.0000000000E+00    0.0000000000E+00    0.0000000000E+00    0.1502593633E-11
   -0.5344497134E-10    0.4657349341E-10   -0.5712336243E-09    0.5585296156E-08    0.0000000000E+00    0.0000000000E+00    0.0000000000E+00   -0.3826523975E-12
    0.1408247316E-10   -0.1223281970E-10    0.1500074072E-09   -0.1465375798E-08    0.0000000000E+00    0.0000000000E+00    0.0000000000E+00    0.8706142146E-13
   -0.3069377183E-11    0.2660248795E-11   -0.3261578042E-10    0.3184035187E-09    0.0000000000E+00    0.0000000000E+00    0.0000000000E+00   -0.1655638523E-13
    0.4879739222E-12   -0.4222608680E-12    0.5176277398E-11   -0.5050811780E-10    0.0000000000E+00    0.0000000000E+00    0.0000000000E+00    0.2324717763E-14
   -0.4191207057E-13    0.3622750149E-13   -0.4440365510E-12    0.4331254954E-11    0.0000000000E+00    0.0000000000E+00    0.0000000000E+00   -0.1787851426E-15
 l,ispin:           3           1
 psi n=1,noccmax(l):
   -0.1155395371E+01   -0.3298566733E+00   -0.3230439763E+00    0.2125292410E+00    0.0000000000E+00    0.0000000000E+00    0.0000000000E+00
    0.2805948380E+01    0.8041529008E+00    0.7944548174E+00   -0.4937610703E+00    0.0000000000E+00    0.0000000000E+00    0.0000000000E+00
   -0.3156819172E+01   -0.9137843672E+00   -0.9247567073E+00    0.4792787022E+00    0.0000000000E+00    0.0000000000E+00    0.0000000000E+00
    0.1461720275E+01    0.4446221913E+00    0.5048144467E+00   -0.2175682907E-01    0.0000000000E+00    0.0000000000E+00    0.0000000000E+00
    0.9362191076E+00    0.2301746856E+00    0.1223972176E+00   -0.5598469587E+00    0.0000000000E+00    0.0000000000E+00    0.0000000000E+00
   -0.1037984661E+01   -0.2733044160E+00   -0.1832189667E+00    0.5510637377E+00    0.0000000000E+00    0.0000000000E+00    0.0000000000E+00
   -0.4323273723E+00   -0.1229401320E+00   -0.1578060824E+00   -0.1400123146E+00    0.0000000000E+00    0.0000000000E+00    0.0000000000E+00
   -0.3815163464E+01   -0.1053673950E+01   -0.9255963141E+00    0.1114056181E+01    0.0000000000E+00    0.0000000000E+00    0.0000000000E+00
   -0.6219601026E-01   -0.2954909360E-01   -0.5941567829E-01   -0.8823980017E-01    0.0000000000E+00    0.0000000000E+00    0.0000000000E+00
   -0.1022612486E+01   -0.2873760834E+00   -0.2477393881E+00    0.3506213204E+00    0.0000000000E+00    0.0000000000E+00    0.0000000000E+00
   -0.1291340891E+00   -0.3634980348E-01   -0.4586527266E-01   -0.2829148735E-01    0.0000000000E+00    0.0000000000E+00    0.0000000000E+00
   -0.2265732740E+00   -0.6488474596E-01   -0.5169198333E-01    0.1010213345E+00    0.0000000000E+00    0.0000000000E+00    0.0000000000E+00
   -0.3102624541E-01   -0.6327496720E-02   -0.1076969576E-01   -0.2393172685E-01    0.0000000000E+00    0.0000000000E+00    0.0000000000E+00
   -0.4211657744E-01   -0.1346615413E-01   -0.8510179840E-02    0.3090861099E-01    0.0000000000E+00    0.0000000000E+00    0.0000000000E+00
   -0.3384252999E-02    0.2474165001E-02    0.9819504787E-03   -0.1726591679E-01    0.0000000000E+00    0.0000000000E+00    0.0000000000E+00
   -0.6957000401E-02   -0.4601206628E-02   -0.3809248649E-02    0.1522990824E-01    0.0000000000E+00    0.0000000000E+00    0.0000000000E+00
   -0.9987950607E-03    0.1721934363E-02    0.2203035595E-02   -0.1130126460E-01    0.0000000000E+00    0.0000000000E+00    0.0000000000E+00
   -0.9809416268E-03   -0.3136006983E-03   -0.3201793759E-03    0.6704882229E-02    0.0000000000E+00    0.0000000000E+00    0.0000000000E+00
   -0.1138408777E-03    0.2210827205E-04    0.1725862096E-03   -0.5154927429E-02    0.0000000000E+00    0.0000000000E+00    0.0000000000E+00
   -0.1680348113E-03    0.2523151741E-03    0.7102723808E-03    0.2256477829E-02    0.0000000000E+00    0.0000000000E+00    0.0000000000E+00
   -0.3401904336E-05    0.1690387290E-03    0.5691429437E-04   -0.2582613661E-02    0.0000000000E+00    0.0000000000E+00    0.0000000000E+00
   -0.1738731267E-04    0.1598704448E-03    0.5811655698E-03    0.7651507888E-03    0.0000000000E+00    0.0000000000E+00    0.0000000000E+00
    0.3781584347E-05    0.6902481422E-04   -0.3373952987E-03    0.8253392134E-03    0.0000000000E+00    0.0000000000E+00    0.0000000000E+00
   -0.1458371579E-05   -0.6712754935E-05   -0.2593923653E-04   -0.5216687677E-03    0.0000000000E+00    0.0000000000E+00    0.0000000000E+00
    0.5173067446E-06    0.1737142022E-05    0.6168964347E-05    0.1059878123E-03    0.0000000000E+00    0.0000000000E+00    0.0000000000E+00
   -0.1774479228E-06   -0.5147223240E-06   -0.1680872957E-05   -0.2754106332E-04    0.0000000000E+00    0.0000000000E+00    0.0000000000E+00
    0.5930862421E-07    0.1583204003E-06    0.4865466270E-06    0.7799196087E-05    0.0000000000E+00    0.0000000000E+00    0.0000000000E+00
   -0.1941577695E-07   -0.4920417563E-07   -0.1449533980E-06   -0.2293220614E-05    0.0000000000E+00    0.0000000000E+00    0.0000000000E+00
    0.6250560124E-08    0.1530703106E-07    0.4379224520E-07    0.6865673758E-06    0.0000000000E+00    0.0000000000E+00    0.0000000000E+00
   -0.1984003777E-08   -0.4747044478E-08   -0.1330764750E-07   -0.2072575298E-06    0.0000000000E+00    0.0000000000E+00    0.0000000000E+00
    0.6215334540E-09    0.1463476403E-08    0.4045018278E-08    0.6268711331E-07    0.0000000000E+00    0.0000000000E+00    0.0000000000E+00
   -0.1920145947E-09   -0.4471051696E-09   -0.1223658695E-08   -0.1889303147E-07    0.0000000000E+00    0.0000000000E+00    0.0000000000E+00
    0.5832469981E-10    0.1347519557E-09    0.3662630825E-09    0.5639259493E-08    0.0000000000E+00    0.0000000000E+00    0.0000000000E+00
   -0.1731763101E-10   -0.3979124264E-10   -0.1076348070E-09   -0.1653773561E-08    0.0000000000E+00    0.0000000000E+00    0.0000000000E+00
    0.4977264938E-11    0.1139231355E-10    0.3071229024E-10    0.4711533040E-09    0.0000000000E+00    0.0000000000E+00    0.0000000000E+00
   -0.1363211237E-11   -0.3111729026E-11   -0.8369043748E-11   -0.1282412285E-09    0.0000000000E+00    0.0000000000E+00    0.0000000000E+00
    0.3471023030E-12    0.7907914817E-12    0.2123326308E-11    0.3250884281E-10    0.0000000000E+00    0.0000000000E+00    0.0000000000E+00
   -0.7896368887E-13   -0.1796566340E-12   -0.4818296683E-12   -0.7372401040E-11    0.0000000000E+00    0.0000000000E+00    0.0000000000E+00
    0.1501512525E-13    0.3412944453E-13    0.9145879886E-13    0.1398762512E-11    0.0000000000E+00    0.0000000000E+00    0.0000000000E+00
   -0.2108168839E-14   -0.4788640140E-14   -0.1282507521E-13   -0.1960807454E-12    0.0000000000E+00    0.0000000000E+00    0.0000000000E+00
    0.1621234306E-15    0.3680826450E-15    0.9854133476E-15    0.1506223118E-13    0.0000000000E+00    0.0000000000E+00    0.0000000000E+00
 l,ispin:           3           2
 psi n=1,noccmax(l):
    0.1231961490E+01   -0.3032630993E+00   -0.3120179116E+00    0.2082660965E+00    0.0000000000E+00    0.0000000000E+00    0.0000000000E+00
   -0.3002522199E+01    0.7422812282E+00    0.7701722573E+00   -0.4863397942E+00    0.0000000000E+00    0.0000000000E+00    0.0000000000E+00
    0.3408244675E+01   -0.8519247484E+00   -0.9044988441E+00    0.4794285078E+00    0.0000000000E+00    0.0000000000E+00    0.0000000000E+00
   -0.1649122703E+01    0.4341765560E+00    0.5119039613E+00   -0.4198799827E-01    0.0000000000E+00    0.0000000000E+00    0.0000000000E+00
   -0.8694442212E+00    0.1756672991E+00    0.8376484027E-01   -0.5197110751E+00    0.0000000000E+00    0.0000000000E+00    0.0000000000E+00
    0.9943598606E+00   -0.2210669537E+00   -0.1479132607E+00    0.5157821980E+00    0.0000000000E+00    0.0000000000E+00    0.0000000000E+00
    0.5028592887E+00   -0.1231598902E+00   -0.1622857107E+00   -0.1298688176E+00    0.0000000000E+00    0.0000000000E+00    0.0000000000E+00
    0.4029939177E+01   -0.9547846018E+00   -0.8807391354E+00    0.1084160660E+01    0.0000000000E+00    0.0000000000E+00    0.0000000000E+00
    0.9106482958E-01   -0.3481958705E-01   -0.6483176969E-01   -0.8044360619E-01    0.0000000000E+00    0.0000000000E+00    0.0000000000E+00
    0.1068911074E+01   -0.2582241365E+00   -0.2333638917E+00    0.3395930347E+00    0.0000000000E+00    0.0000000000E+00    0.0000000000E+00
    0.1338597505E+00   -0.3259770898E-01   -0.4367741163E-01   -0.2885927014E-01    0.0000000000E+00    0.0000000000E+00    0.0000000000E+00
    0.2334077219E+00   -0.5751785239E-01   -0.4768113753E-01    0.9734896550E-01    0.0000000000E+00    0.0000000000E+00    0.0000000000E+00
    0.3060958294E-01   -0.5043235450E-02   -0.9835498885E-02   -0.2422864081E-01    0.0000000000E+00    0.0000000000E+00    0.0000000000E+00
    0.4256784753E-01   -0.1183314101E-01   -0.7498069921E-02    0.2971285534E-01    0.0000000000E+00    0.0000000000E+00    0.0000000000E+00
    0.2950743308E-02    0.2703532180E-02    0.1155504276E-02   -0.1713826432E-01    0.0000000000E+00    0.0000000000E+00    0.0000000000E+00
    0.7017503447E-02   -0.4320991612E-02   -0.3603669029E-02    0.1482615673E-01    0.0000000000E+00    0.0000000000E+00    0.0000000000E+00
    0.7317719320E-03    0.1849518325E-02    0.2320666024E-02   -0.1126292326E-01    0.0000000000E+00    0.0000000000E+00    0.0000000000E+00
    0.9720028800E-03   -0.2748205657E-03   -0.3183785765E-03    0.6615493475E-02    0.0000000000E+00    0.0000000000E+00    0.0000000000E+00
    0.5776911546E-04    0.5441767972E-04    0.2327121528E-03   -0.5165913894E-02    0.0000000000E+00    0.0000000000E+00    0.0000000000E+00
    0.1526553991E-03    0.2640233028E-03    0.6973472940E-03    0.2248321682E-02    0.0000000000E+00    0.0000000000E+00    0.0000000000E+00
   -0.7930140877E-05    0.1738863067E-03    0.7256876941E-04   -0.2578455542E-02    0.0000000000E+00    0.0000000000E+00    0.0000000000E+00
    0.1564134423E-04    0.1591834758E-03    0.5588720390E-03    0.8167540988E-03    0.0000000000E+00    0.0000000000E+00    0.0000000000E+00
   -0.4305668786E-05    0.6649988894E-04   -0.3356780582E-03    0.7862710534E-03    0.0000000000E+00    0.0000000000E+00    0.0000000000E+00
    0.1603714073E-05   -0.6521689585E-05   -0.2392841944E-04   -0.5108698715E-03    0.0000000000E+00    0.0000000000E+00    0.0000000000E+00
   -0.5671130686E-06    0.1688294338E-05    0.5700710271E-05    0.1041714215E-03    0.0000000000E+00    0.0000000000E+00    0.0000000000E+00
    0.1944919210E-06   -0.5003164960E-06   -0.1552341164E-05   -0.2710931430E-04    0.0000000000E+00    0.0000000000E+00    0.0000000000E+00
   -0.6504365546E-07    0.1539060107E-06    0.4490317925E-06    0.7683036535E-05    0.0000000000E+00    0.0000000000E+00    0.0000000000E+00
    0.2131118902E-07   -0.4783681969E-07   -0.1337085574E-06   -0.2260159161E-05    0.0000000000E+00    0.0000000000E+00    0.0000000000E+00
   -0.6866725645E-08    0.1488289621E-07    0.4038121428E-07    0.6768823522E-06    0.0000000000E+00    0.0000000000E+00    0.0000000000E+00
    0.2181319857E-08   -0.4615832815E-08   -0.1226839256E-07   -0.2043773551E-06    0.0000000000E+00    0.0000000000E+00    0.0000000000E+00
   -0.6838147810E-09    0.1423105490E-08    0.3728605121E-08    0.6182504234E-07    0.0000000000E+00    0.0000000000E+00    0.0000000000E+00
    0.2113747139E-09   -0.4347910338E-09   -0.1127842800E-08   -0.1863511969E-07    0.0000000000E+00    0.0000000000E+00    0.0000000000E+00
   -0.6423436118E-10    0.1310452163E-09    0.3375656925E-09    0.5562675781E-08    0.0000000000E+00    0.0000000000E+00    0.0000000000E+00
    0.1907907266E-10   -0.3869771109E-10   -0.9919822334E-10   -0.1631396873E-08    0.0000000000E+00    0.0000000000E+00    0.0000000000E+00
   -0.5485022588E-11    0.1107945960E-10    0.2830447009E-10    0.4647948190E-09    0.0000000000E+00    0.0000000000E+00    0.0000000000E+00
    0.1502593633E-11   -0.3026321746E-11   -0.7712830941E-11   -0.1265137192E-09    0.0000000000E+00    0.0000000000E+00    0.0000000000E+00
   -0.3826523975E-12    0.7690955523E-12    0.1956824938E-11    0.3207149312E-10    0.0000000000E+00    0.0000000000E+00    0.0000000000E+00
    0.8706142146E-13   -0.1747291163E-12   -0.4440453124E-12   -0.7273309616E-11    0.0000000000E+00    0.0000000000E+00    0.0000000000E+00
   -0.1655638523E-13    0.3319357098E-13    0.8428659259E-13    0.1379974196E-11    0.0000000000E+00    0.0000000000E+00    0.0000000000E+00
    0.2324717763E-14   -0.4657350972E-14   -0.1181932271E-13   -0.1934481849E-12    0.0000000000E+00    0.0000000000E+00    0.0000000000E+00
   -0.1787851426E-15    0.3579922091E-15    0.9081362259E-15    0.1486007321E-13    0.0000000000E+00    0.0000000000E+00    0.0000000000E+00
