   40             4.00000 ng, rij 
     2.520     5.040                                       rcov,rprb 
 r                           (non)relativistic calculation
 PBE                         XC-functional
 98.000 20.000    0.4500000000    0.4265705689E+02   -0.1990791402E+01    0.0000000000E+00    0.0000000000E+00  znuc,zion,rloc,gpot()
   3                                                       lpx, (Projectors for l=0..lpx)
    0.4516948235   -0.2498550363E+01    0.2047872962E+01   -0.1686046594E+01    0.5888385859E+00   -0.1520374691E+01    0.1206760000E+01  r_l(),hsep(), so=+0.5
    0.3890545568    0.2622413941E+01   -0.7136570814E+00    0.9806899298E-01   -0.4482941872E+00    0.1060857671E+01   -0.7539571824E+00  r_l(),hsep(), so=+0.5
   -0.3748089509E+01    0.3786008383E+01   -0.4274111880E+01    0.1234669550E+00   -0.2921761425E+00    0.2076511365E+00         hsep(), so=-0.5
    0.6115753279    0.5001111695E+00    0.3958407826E+00   -0.4488412584E+00    0.0000000000E+00   -0.0000000000E+00    0.0000000000E+00  r_l(),hsep(), so=+0.5
    0.3240789563E+00    0.3724791403E+00   -0.4223516459E+00    0.0000000000E+00   -0.0000000000E+00    0.0000000000E+00         hsep(), so=-0.5
    0.3021296449   -0.1760239669E+02   -0.0000000000E+00    0.0000000000E+00    0.0000000000E+00   -0.0000000000E+00    0.0000000000E+00  r_l(),hsep(), so=+0.5
   -0.1776700315E+02   -0.0000000000E+00    0.0000000000E+00    0.0000000000E+00   -0.0000000000E+00    0.0000000000E+00         hsep(), so=-0.5
 ---------------------------------------------
 Additional information (last calculation):
 gaussian exponents:
 xp():   27.935082713542624        19.753086419753089        13.967541356771314        9.8765432098765480        6.9837706783856559        4.9382716049382740        3.4918853391928297        2.4691358024691379        1.7459426695964146        1.2345679012345694       0.87297133479820765       0.61728395061728469       0.43648566739910383       0.30864197530864240       0.21824283369955202       0.15432098765432126       0.10912141684977605        7.7160493827160642E-002   5.4560708424888041E-002   3.8580246913580328E-002   2.7280354212444024E-002   1.9290123456790167E-002   1.3640177106222017E-002   9.6450617283950872E-003   6.8200885531110086E-003   4.8225308641975453E-003   3.4100442765555060E-003   2.4112654320987731E-003   1.7050221382777530E-003   1.2056327160493866E-003   8.5251106913887683E-004   6.0281635802469338E-004   4.2625553456943858E-004   3.0140817901234680E-004   2.1312776728471923E-004   1.5070408950617343E-004   1.0656388364235964E-004   7.5352044753086714E-005   5.3281941821179843E-005   3.7676022376543377E-005
 orbital coefficients (one orbital per column)
 l,ispin:           0           1
 psi n=1,noccmax(l):
   -0.7874347263E-01    0.2437279455E-01    0.1259085157E-01    0.1191959939E-01    0.0000000000E+00    0.0000000000E+00    0.0000000000E+00   -0.3173556349E-02   -0.3245750182E-04
    0.4807495396E+00   -0.1535254016E+00   -0.8018569515E-01   -0.7546824669E-01    0.0000000000E+00    0.0000000000E+00    0.0000000000E+00   -0.7569101492E-01    0.2665149675E-01
   -0.1367583923E+01    0.4455739533E+00    0.2328758205E+00    0.2197203557E+00    0.0000000000E+00    0.0000000000E+00    0.0000000000E+00    0.3764803053E+00   -0.1216940453E+00
    0.2326686471E+01   -0.7627626109E+00   -0.3927160881E+00   -0.3764348964E+00    0.0000000000E+00    0.0000000000E+00    0.0000000000E+00   -0.7783180653E+00    0.2490097026E+00
   -0.2523907115E+01    0.8145349240E+00    0.3976285176E+00    0.4007350114E+00    0.0000000000E+00    0.0000000000E+00    0.0000000000E+00    0.8462988653E+00   -0.2795684374E+00
    0.1296109257E+01   -0.3522528357E+00   -0.1086443426E+00   -0.1666577191E+00    0.0000000000E+00    0.0000000000E+00    0.0000000000E+00   -0.1946545595E+00    0.9516054871E-01
    0.5048276425E+00   -0.3319226188E+00   -0.3109951169E+00   -0.1839496357E+00    0.0000000000E+00    0.0000000000E+00    0.0000000000E+00   -0.5751193704E+00    0.1552141568E+00
    0.2491653129E+01   -0.7918821290E+00   -0.2878685329E+00   -0.3728538696E+00    0.0000000000E+00    0.0000000000E+00    0.0000000000E+00   -0.1364879289E+01    0.3725416936E+00
   -0.6671265800E+01    0.2451907445E+01    0.1201511394E+01    0.1215380849E+01    0.0000000000E+00    0.0000000000E+00    0.0000000000E+00    0.3013842205E+01   -0.9243362446E+00
    0.1393449410E+01   -0.4838298236E+00   -0.6209065847E-01   -0.2228263151E+00    0.0000000000E+00    0.0000000000E+00    0.0000000000E+00    0.7533064840E-01    0.5494606310E-01
   -0.7060130705E+00    0.2131989267E+00   -0.1290770861E+00    0.6619223882E-01    0.0000000000E+00    0.0000000000E+00    0.0000000000E+00    0.9545157540E-01   -0.6822013293E-01
    0.1885082210E+01   -0.7215380983E+00   -0.1144980122E+00   -0.2859555054E+00    0.0000000000E+00    0.0000000000E+00    0.0000000000E+00   -0.6523687193E+00    0.2467070053E+00
    0.1001337139E+00   -0.1909814312E+00   -0.4619336171E+00   -0.2507530447E+00    0.0000000000E+00    0.0000000000E+00    0.0000000000E+00   -0.3072962756E+00    0.5378781636E-01
    0.8820827706E+00   -0.6852048556E+00   -0.7488396350E-01   -0.2290726643E+00    0.0000000000E+00    0.0000000000E+00    0.0000000000E+00   -0.3619201147E+00    0.2219599118E+00
   -0.2009547644E+00    0.5376983762E+00    0.1667570603E+00    0.3557950124E+00    0.0000000000E+00    0.0000000000E+00    0.0000000000E+00   -0.8007770600E-01   -0.1206582814E+00
    0.2860909477E+00   -0.7470490807E+00   -0.7342197253E+00   -0.1087107633E+01    0.0000000000E+00    0.0000000000E+00    0.0000000000E+00   -0.9828191107E-01    0.1925074078E+00
   -0.1706918991E+00    0.4475787134E+00    0.9225676171E+00    0.1574377199E+01    0.0000000000E+00    0.0000000000E+00    0.0000000000E+00   -0.8708305771E-03   -0.7608789761E-01
    0.1219006493E+00   -0.5152429608E-01   -0.7041796448E+00   -0.1730054920E+01    0.0000000000E+00    0.0000000000E+00    0.0000000000E+00   -0.1617659304E-01    0.6171986698E-02
   -0.8338008636E-01    0.1564076448E+00    0.5105006162E+00    0.1800772122E+01    0.0000000000E+00    0.0000000000E+00    0.0000000000E+00    0.5930364183E-02   -0.6103068025E-02
    0.5639971022E-01    0.7184651437E-01    0.6731732506E-01   -0.1056248616E+01    0.0000000000E+00    0.0000000000E+00    0.0000000000E+00   -0.3831921603E-02   -0.2060902695E-01
   -0.3761669386E-01    0.7834555685E-01    0.1844721092E+00    0.1461582858E+01    0.0000000000E+00    0.0000000000E+00    0.0000000000E+00    0.2138380941E-02   -0.1613198616E-01
    0.2472610183E-01    0.3242373784E-02    0.1471189303E-01   -0.6860386113E+00    0.0000000000E+00    0.0000000000E+00    0.0000000000E+00   -0.1183316988E-02   -0.1037210185E-01
   -0.1601004903E-01    0.9119955030E-02   -0.2444857849E+00   -0.1555172250E+01    0.0000000000E+00    0.0000000000E+00    0.0000000000E+00    0.6409428762E-03   -0.2177600675E-02
    0.1020657825E-01   -0.5331582681E-02   -0.3037846695E-01    0.1508585414E+01    0.0000000000E+00    0.0000000000E+00    0.0000000000E+00   -0.3396591978E-03    0.2819735628E-03
   -0.6403052560E-02    0.3218667300E-02    0.1885323844E-01   -0.4980625046E+00    0.0000000000E+00    0.0000000000E+00    0.0000000000E+00    0.1760694688E-03   -0.9110390803E-04
    0.3950500588E-02   -0.1903383725E-02   -0.1122848248E-01    0.2208505324E+00    0.0000000000E+00    0.0000000000E+00    0.0000000000E+00   -0.8930241304E-04    0.3512011901E-04
   -0.2395377872E-02    0.1101163869E-02    0.6494168733E-02   -0.1079447381E+00    0.0000000000E+00    0.0000000000E+00    0.0000000000E+00    0.4434641225E-04   -0.1449481280E-04
    0.1426240505E-02   -0.6241138365E-03   -0.3665049836E-02    0.5484533311E-01    0.0000000000E+00    0.0000000000E+00    0.0000000000E+00   -0.2157828859E-04    0.6174773182E-05
   -0.8330099255E-03    0.3470609349E-03    0.2025773485E-02   -0.2829497581E-01    0.0000000000E+00    0.0000000000E+00    0.0000000000E+00    0.1029529534E-04   -0.2669708603E-05
    0.4765560886E-03   -0.1894948269E-03   -0.1098934187E-02    0.1464973591E-01    0.0000000000E+00    0.0000000000E+00    0.0000000000E+00   -0.4817604535E-05    0.1160179985E-05
   -0.2664700223E-03    0.1015299967E-03    0.5852074067E-03   -0.7554335594E-02    0.0000000000E+00    0.0000000000E+00    0.0000000000E+00    0.2209682117E-05   -0.5032257086E-06
    0.1451480948E-03   -0.5325557326E-04   -0.3053033464E-03    0.3853607442E-02    0.0000000000E+00    0.0000000000E+00    0.0000000000E+00   -0.9914644393E-06    0.2164612160E-06
   -0.7662261463E-04    0.2721595783E-04    0.1553115578E-03   -0.1929670855E-02    0.0000000000E+00    0.0000000000E+00    0.0000000000E+00    0.4334440741E-06   -0.9166716443E-07
    0.3888710211E-04   -0.1344181168E-04   -0.7642022368E-04    0.9389513632E-03    0.0000000000E+00    0.0000000000E+00    0.0000000000E+00   -0.1833481050E-06    0.3785886319E-07
   -0.1874229642E-04    0.6335353245E-05    0.3590985170E-04   -0.4377384626E-03    0.0000000000E+00    0.0000000000E+00    0.0000000000E+00    0.7420361851E-07   -0.1504999030E-07
    0.8419657901E-05   -0.2795198765E-05   -0.1580606400E-04    0.1915960194E-03    0.0000000000E+00    0.0000000000E+00    0.0000000000E+00   -0.2823251800E-07    0.5650122004E-08
   -0.3426633163E-05    0.1121412093E-05    0.6329555620E-05   -0.7641918654E-04    0.0000000000E+00    0.0000000000E+00    0.0000000000E+00    0.9827403229E-08   -0.1947312961E-08
    0.1208989938E-05   -0.3912412180E-06   -0.2205131633E-05    0.2654791589E-04    0.0000000000E+00    0.0000000000E+00    0.0000000000E+00   -0.2998961859E-08    0.5898985631E-09
   -0.3443364991E-06    0.1104662176E-06    0.6219397721E-06   -0.7472512279E-05    0.0000000000E+00    0.0000000000E+00    0.0000000000E+00    0.7481526713E-09   -0.1463674352E-09
    0.6961643482E-07   -0.2218538875E-07   -0.1248044358E-06    0.1497351742E-05    0.0000000000E+00    0.0000000000E+00    0.0000000000E+00   -0.1343489571E-09    0.2617948956E-10
   -0.7383585980E-08    0.2341163307E-08    0.1316218773E-07   -0.1577529976E-06    0.0000000000E+00    0.0000000000E+00    0.0000000000E+00    0.1284680194E-10   -0.2496079492E-11
 l,ispin:           1           1
 psi n=1,noccmax(l):
   -0.3173556349E-02   -0.3245750182E-04    0.2799886204E-02   -0.4657436250E-02    0.0000000000E+00    0.0000000000E+00    0.0000000000E+00   -0.3959218042E-01    0.2005683305E-01
   -0.7569101492E-01    0.2665149675E-01    0.8928415531E-02    0.4073905368E-01    0.0000000000E+00    0.0000000000E+00    0.0000000000E+00    0.1071901244E+00   -0.5079708461E-01
    0.3764803053E+00   -0.1216940453E+00   -0.6839629718E-01   -0.1408458105E+00    0.0000000000E+00    0.0000000000E+00    0.0000000000E+00   -0.1202199826E+00    0.4455430687E-01
   -0.7783180653E+00    0.2490097026E+00    0.1502492125E+00    0.2716230335E+00    0.0000000000E+00    0.0000000000E+00    0.0000000000E+00    0.5476749011E-01    0.8331869457E-02
    0.8462988653E+00   -0.2795684374E+00   -0.1554688068E+00   -0.3274742413E+00    0.0000000000E+00    0.0000000000E+00    0.0000000000E+00   -0.1653477644E-02   -0.4842263524E-01
   -0.1946545595E+00    0.9516054871E-01   -0.8325877430E-02    0.2125990825E+00    0.0000000000E+00    0.0000000000E+00    0.0000000000E+00    0.7512875709E-01    0.4971979104E-02
   -0.5751193704E+00    0.1552141568E+00    0.2239265720E+00   -0.3236319459E-01    0.0000000000E+00    0.0000000000E+00    0.0000000000E+00   -0.2461871919E+00    0.1059774599E+00
   -0.1364879289E+01    0.3725416936E+00    0.1880510032E+00    0.4310179094E+00    0.0000000000E+00    0.0000000000E+00    0.0000000000E+00   -0.4323681518E-01    0.5880679250E-01
    0.3013842205E+01   -0.9243362446E+00   -0.6372044941E+00   -0.8647560956E+00    0.0000000000E+00    0.0000000000E+00    0.0000000000E+00    0.4652632557E+00   -0.3189813711E+00
    0.7533064840E-01    0.5494606310E-01   -0.5615737259E-01    0.2082709851E+00    0.0000000000E+00    0.0000000000E+00    0.0000000000E+00    0.3552339964E-01    0.1362989604E-01
    0.9545157540E-01   -0.6822013293E-01    0.4880994063E-01   -0.2014688885E+00    0.0000000000E+00    0.0000000000E+00    0.0000000000E+00    0.4099197276E-01   -0.4724505998E-01
   -0.6523687193E+00    0.2467070053E+00    0.9789783660E-01    0.3264484219E+00    0.0000000000E+00    0.0000000000E+00    0.0000000000E+00   -0.1033170942E+00    0.8609017438E-01
   -0.3072962756E+00    0.5378781636E-01    0.1447163730E+00   -0.7609369372E-01    0.0000000000E+00    0.0000000000E+00    0.0000000000E+00   -0.6999083261E-01    0.2209422326E-01
   -0.3619201147E+00    0.2219599118E+00    0.9515146797E-01    0.2931557705E+00    0.0000000000E+00    0.0000000000E+00    0.0000000000E+00   -0.8210308331E-01    0.7387652400E-01
   -0.8007770600E-01   -0.1206582814E+00   -0.4418513832E-01   -0.2433321739E+00    0.0000000000E+00    0.0000000000E+00    0.0000000000E+00   -0.3498762201E-01   -0.3545596861E-02
   -0.9828191107E-01    0.1925074078E+00    0.1627374350E+00    0.3834356274E+00    0.0000000000E+00    0.0000000000E+00    0.0000000000E+00   -0.1711110135E-01    0.3164920292E-01
   -0.8708305771E-03   -0.7608789761E-01   -0.1122789319E+00   -0.3636037133E+00    0.0000000000E+00    0.0000000000E+00    0.0000000000E+00   -0.2263841287E-01    0.6336203686E-02
   -0.1617659304E-01    0.6171986698E-02    0.6057339334E-01    0.3302271243E+00    0.0000000000E+00    0.0000000000E+00    0.0000000000E+00   -0.5178321368E-02    0.1611971067E-02
    0.5930364183E-02   -0.6103068025E-02   -0.3042284435E-01   -0.2905188238E+00    0.0000000000E+00    0.0000000000E+00    0.0000000000E+00   -0.5216456645E-02    0.6735694821E-02
   -0.3831921603E-02   -0.2060902695E-01   -0.4398165052E-01    0.1566971913E+00    0.0000000000E+00    0.0000000000E+00    0.0000000000E+00   -0.2199657153E-02   -0.2163314687E-03
    0.2138380941E-02   -0.1613198616E-01   -0.1081062215E-01   -0.2170453821E+00    0.0000000000E+00    0.0000000000E+00    0.0000000000E+00   -0.1135096275E-02   -0.4535338813E-03
   -0.1183316988E-02   -0.1037210185E-01   -0.4070987784E-01    0.4423592068E-01    0.0000000000E+00    0.0000000000E+00    0.0000000000E+00   -0.2441307059E-03   -0.1852771884E-02
    0.6409428762E-03   -0.2177600675E-02    0.4417451602E-01    0.2074131511E+00    0.0000000000E+00    0.0000000000E+00    0.0000000000E+00   -0.4346401516E-04   -0.1756866729E-02
   -0.3396591978E-03    0.2819735628E-03    0.4295614031E-02   -0.1517445741E+00    0.0000000000E+00    0.0000000000E+00    0.0000000000E+00    0.1199127042E-04    0.1211842187E-03
    0.1760694688E-03   -0.9110390803E-04   -0.1529274120E-02    0.4047777068E-01    0.0000000000E+00    0.0000000000E+00    0.0000000000E+00   -0.4710171858E-05   -0.3384286345E-04
   -0.8930241304E-04    0.3512011901E-04    0.6389489864E-03   -0.1469155708E-01    0.0000000000E+00    0.0000000000E+00    0.0000000000E+00    0.1879823788E-05    0.1122787540E-04
    0.4434641225E-04   -0.1449481280E-04   -0.2808604038E-03    0.5916424637E-02    0.0000000000E+00    0.0000000000E+00    0.0000000000E+00   -0.7423895498E-06   -0.3951906940E-05
   -0.2157828859E-04    0.6174773182E-05    0.1252567423E-03   -0.2488285812E-02    0.0000000000E+00    0.0000000000E+00    0.0000000000E+00    0.2890653238E-06    0.1425913776E-05
    0.1029529534E-04   -0.2669708603E-05   -0.5590713050E-04    0.1066601126E-02    0.0000000000E+00    0.0000000000E+00    0.0000000000E+00   -0.1110051579E-06   -0.5199037268E-06
   -0.4817604535E-05    0.1160179985E-05    0.2482280244E-04   -0.4603637612E-03    0.0000000000E+00    0.0000000000E+00    0.0000000000E+00    0.4206780789E-07    0.1900961349E-06
    0.2209682117E-05   -0.5032257086E-06   -0.1092058689E-04    0.1985364090E-03    0.0000000000E+00    0.0000000000E+00    0.0000000000E+00   -0.1572952305E-07   -0.6932761233E-07
   -0.9914644393E-06    0.2164612160E-06    0.4740949585E-05   -0.8498355127E-04    0.0000000000E+00    0.0000000000E+00    0.0000000000E+00    0.5792756271E-08    0.2508991103E-07
    0.4334440741E-06   -0.9166716443E-07   -0.2019591303E-05    0.3584177505E-04    0.0000000000E+00    0.0000000000E+00    0.0000000000E+00   -0.2093121998E-08   -0.8955612529E-08
   -0.1833481050E-06    0.3785886319E-07    0.8372169610E-06   -0.1475297848E-04    0.0000000000E+00    0.0000000000E+00    0.0000000000E+00    0.7370992335E-09    0.3126764926E-08
    0.7420361851E-07   -0.1504999030E-07   -0.3335923677E-06    0.5848791245E-05    0.0000000000E+00    0.0000000000E+00    0.0000000000E+00   -0.2502530698E-09   -0.1055177316E-08
   -0.2823251800E-07    0.5650122004E-08    0.1254168805E-06   -0.2191029025E-05    0.0000000000E+00    0.0000000000E+00    0.0000000000E+00    0.8054173478E-10    0.3381595514E-09
    0.9827403229E-08   -0.1947312961E-08   -0.4326184949E-07    0.7538583338E-06    0.0000000000E+00    0.0000000000E+00    0.0000000000E+00   -0.2393663772E-10   -0.1001993884E-09
   -0.2998961859E-08    0.5898985631E-09    0.1311184788E-07   -0.2280663982E-06    0.0000000000E+00    0.0000000000E+00    0.0000000000E+00    0.6302683717E-11    0.2632770696E-10
    0.7481526713E-09   -0.1463674352E-09   -0.3254273221E-08    0.5653167803E-07    0.0000000000E+00    0.0000000000E+00    0.0000000000E+00   -0.1372995696E-11   -0.5726808946E-11
   -0.1343489571E-09    0.2617948956E-10    0.5821531151E-09   -0.1010363159E-07    0.0000000000E+00    0.0000000000E+00    0.0000000000E+00    0.2181970225E-12    0.9091564726E-12
    0.1284680194E-10   -0.2496079492E-11   -0.5550959395E-10    0.9627774489E-09    0.0000000000E+00    0.0000000000E+00    0.0000000000E+00   -0.1873569098E-13   -0.7800811639E-13
 l,ispin:           1           2
 psi n=1,noccmax(l):
   -0.5516889154E-02    0.5157746661E-03    0.3423603574E-02    0.2929002513E-02    0.0000000000E+00    0.0000000000E+00    0.0000000000E+00   -0.5676655907E-01   -0.2684176824E-01
    0.2006304899E+00    0.4617592056E-01    0.1976512161E-01   -0.4521452890E-01    0.0000000000E+00    0.0000000000E+00    0.0000000000E+00    0.1552058381E+00    0.7018545465E-01
   -0.8605559269E+00   -0.2176532046E+00   -0.1251104287E+00    0.1792833231E+00    0.0000000000E+00    0.0000000000E+00    0.0000000000E+00   -0.1753252328E+00   -0.6765922904E-01
    0.1771738543E+01    0.4604047188E+00    0.2781513719E+00   -0.3655107209E+00    0.0000000000E+00    0.0000000000E+00    0.0000000000E+00    0.7885544508E-01    0.3203175865E-02
   -0.2206241532E+01   -0.5759574565E+00   -0.3407530780E+00    0.4660547130E+00    0.0000000000E+00    0.0000000000E+00    0.0000000000E+00    0.6971683083E-02    0.5052345561E-01
    0.1475589342E+01    0.3689611635E+00    0.1748631709E+00   -0.3460661923E+00    0.0000000000E+00    0.0000000000E+00    0.0000000000E+00    0.7323021442E-01   -0.8397850195E-02
    0.1039705472E+01    0.3359096032E+00    0.3456628959E+00   -0.1141959718E+00    0.0000000000E+00    0.0000000000E+00    0.0000000000E+00   -0.3126021769E+00   -0.1277981813E+00
   -0.1602253102E+01   -0.4653687001E+00   -0.4450065117E+00    0.1947691869E+00    0.0000000000E+00    0.0000000000E+00    0.0000000000E+00    0.2106534559E-01   -0.1821179433E-01
   -0.2745948239E+01   -0.8065899642E+00   -0.4742852828E+00    0.6613822551E+00    0.0000000000E+00    0.0000000000E+00    0.0000000000E+00    0.5580237750E+00    0.3351325799E+00
    0.9564719814E+00    0.3205917782E+00    0.1250571751E+00   -0.3349413582E+00    0.0000000000E+00    0.0000000000E+00    0.0000000000E+00    0.1591036303E-01   -0.2531267006E-01
    0.3009112847E+00    0.8924829845E-01    0.1748071692E+00    0.4455129609E-01    0.0000000000E+00    0.0000000000E+00    0.0000000000E+00    0.9302454413E-02    0.2583962676E-01
    0.9807225273E+00    0.3106895793E+00    0.1168077401E+00   -0.3020778024E+00    0.0000000000E+00    0.0000000000E+00    0.0000000000E+00   -0.1384793697E+00   -0.9679642380E-01
    0.2929813565E+00    0.1068686885E+00    0.1929533335E+00   -0.9024341729E-02    0.0000000000E+00    0.0000000000E+00    0.0000000000E+00   -0.8799967739E-01   -0.2837564245E-01
    0.3326392992E+00    0.1610842468E+00    0.1055714734E-01   -0.1631452760E+00    0.0000000000E+00    0.0000000000E+00    0.0000000000E+00   -0.9385483692E-01   -0.7395940257E-01
    0.1969243194E-01   -0.1090499664E+00    0.1681607807E-02    0.1418645470E+00    0.0000000000E+00    0.0000000000E+00    0.0000000000E+00   -0.3697157757E-01    0.4732865801E-02
    0.6881769643E-01    0.1575233404E+00    0.9661750395E-01   -0.2528218557E+00    0.0000000000E+00    0.0000000000E+00    0.0000000000E+00   -0.2156258541E-01   -0.3340945487E-01
   -0.1953758953E-01   -0.1029538018E+00   -0.1216185307E+00    0.3116485925E+00    0.0000000000E+00    0.0000000000E+00    0.0000000000E+00   -0.2158085949E-01   -0.3492291250E-02
    0.1518380085E-01    0.4355375367E-02    0.6351087009E-01   -0.2805395946E+00    0.0000000000E+00    0.0000000000E+00    0.0000000000E+00   -0.5539933784E-02   -0.1798066798E-02
   -0.8398503664E-02   -0.2447939799E-01   -0.6179864395E-01    0.2931865665E+00    0.0000000000E+00    0.0000000000E+00    0.0000000000E+00   -0.4871549191E-02   -0.5802822518E-02
    0.4811275040E-02   -0.1900052927E-01   -0.2718144858E-01   -0.1592143567E+00    0.0000000000E+00    0.0000000000E+00    0.0000000000E+00   -0.1884114770E-02    0.7485127097E-03
   -0.2700525995E-02   -0.1553032806E-01   -0.1663645183E-01    0.2109984434E+00    0.0000000000E+00    0.0000000000E+00    0.0000000000E+00   -0.8938224749E-03    0.8080795620E-03
    0.1489599596E-02   -0.5469953897E-02   -0.1243935237E-01   -0.1297000123E+00    0.0000000000E+00    0.0000000000E+00    0.0000000000E+00   -0.1530507104E-03    0.1985151966E-02
   -0.8067462086E-03   -0.1252267793E-02    0.3541486457E-01   -0.1082540913E+00    0.0000000000E+00    0.0000000000E+00    0.0000000000E+00   -0.2897203006E-04    0.1546610808E-02
    0.4287581112E-03    0.3397248840E-03    0.1046987781E-02    0.1127268043E+00    0.0000000000E+00    0.0000000000E+00    0.0000000000E+00    0.9143988817E-05   -0.1165929136E-03
   -0.2235375957E-03   -0.1522249248E-03   -0.5067070825E-03   -0.3182417369E-01    0.0000000000E+00    0.0000000000E+00    0.0000000000E+00   -0.3687381121E-05    0.3271517596E-04
    0.1143110816E-03    0.7130419030E-04    0.2465657145E-03    0.1182180990E-01    0.0000000000E+00    0.0000000000E+00    0.0000000000E+00    0.1487394291E-05   -0.1088225880E-04
   -0.5733556506E-04   -0.3339483433E-04   -0.1184494109E-03   -0.4819898578E-02    0.0000000000E+00    0.0000000000E+00    0.0000000000E+00   -0.5908201000E-06    0.3838241405E-05
    0.2820845384E-04    0.1548798744E-04    0.5580321621E-04    0.2042330320E-02    0.0000000000E+00    0.0000000000E+00    0.0000000000E+00    0.2308944073E-06   -0.1387204858E-05
   -0.1361230366E-04   -0.7096091426E-05   -0.2579684175E-04   -0.8797114761E-03    0.0000000000E+00    0.0000000000E+00    0.0000000000E+00   -0.8889089264E-07    0.5064405003E-06
    0.6440363860E-05    0.3209040404E-05    0.1172049733E-04    0.3809530434E-03    0.0000000000E+00    0.0000000000E+00    0.0000000000E+00    0.3374820102E-07   -0.1853528018E-06
   -0.2984304700E-05   -0.1430626727E-05   -0.5236104507E-05   -0.1646663187E-03    0.0000000000E+00    0.0000000000E+00    0.0000000000E+00   -0.1263548233E-07    0.6764612397E-07
    0.1351267931E-05    0.6271372004E-06    0.2296815575E-05    0.7059915010E-04    0.0000000000E+00    0.0000000000E+00    0.0000000000E+00    0.4657856446E-08   -0.2449417166E-07
   -0.5953950743E-06   -0.2690733051E-06   -0.9853342752E-06   -0.2980923852E-04    0.0000000000E+00    0.0000000000E+00    0.0000000000E+00   -0.1684260832E-08    0.8746278369E-08
    0.2535181534E-06    0.1121356557E-06    0.4104403279E-06    0.1227991255E-04    0.0000000000E+00    0.0000000000E+00    0.0000000000E+00    0.5934345297E-09   -0.3054510353E-08
   -0.1031584068E-06   -0.4485598840E-07   -0.1640831298E-06   -0.4871187760E-05    0.0000000000E+00    0.0000000000E+00    0.0000000000E+00   -0.2015567930E-09    0.1030995429E-08
    0.3942013932E-07    0.1691273107E-07    0.6182896101E-07    0.1825568359E-05    0.0000000000E+00    0.0000000000E+00    0.0000000000E+00    0.6488808487E-10   -0.3304560608E-09
   -0.1376902753E-07   -0.5846363101E-08   -0.2136104021E-07   -0.6283035177E-06    0.0000000000E+00    0.0000000000E+00    0.0000000000E+00   -0.1928854838E-10    0.9792656901E-10
    0.4213118898E-08    0.1774690111E-08    0.6481145501E-08    0.1901227125E-06    0.0000000000E+00    0.0000000000E+00    0.0000000000E+00    0.5079600279E-11   -0.2573235087E-10
   -0.1053232622E-08   -0.4409701865E-09   -0.1609782813E-08   -0.4713365517E-07    0.0000000000E+00    0.0000000000E+00    0.0000000000E+00   -0.1106681231E-11    0.5597591294E-11
    0.1894332009E-09    0.7895054464E-10    0.2881216058E-09    0.8424892348E-08    0.0000000000E+00    0.0000000000E+00    0.0000000000E+00    0.1758887611E-12   -0.8886747328E-12
   -0.1813578233E-10   -0.7532688587E-11   -0.2748292208E-10   -0.8028729176E-09    0.0000000000E+00    0.0000000000E+00    0.0000000000E+00   -0.1510375837E-13    0.7625268881E-13
 l,ispin:           2           1
 psi n=1,noccmax(l):
   -0.3959218042E-01    0.2005683305E-01    0.3267743109E-01    0.2505425575E-02    0.0000000000E+00    0.0000000000E+00    0.0000000000E+00    0.4286594471E+01
    0.1071901244E+00   -0.5079708461E-01   -0.9594817170E-01    0.9018079070E-02    0.0000000000E+00    0.0000000000E+00    0.0000000000E+00   -0.1320177963E+02
   -0.1202199826E+00    0.4455430687E-01    0.1326362451E+00   -0.6519471052E-01    0.0000000000E+00    0.0000000000E+00    0.0000000000E+00    0.1896789891E+02
    0.5476749011E-01    0.8331869457E-02   -0.1166711096E+00    0.1557326435E+00    0.0000000000E+00    0.0000000000E+00    0.0000000000E+00   -0.1609869777E+02
   -0.1653477644E-02   -0.4842263524E-01    0.9537338242E-01   -0.2148279436E+00    0.0000000000E+00    0.0000000000E+00    0.0000000000E+00    0.1003228628E+02
    0.7512875709E-01    0.4971979104E-02   -0.1355115461E+00    0.1770516268E+00    0.0000000000E+00    0.0000000000E+00    0.0000000000E+00   -0.9095451971E+01
   -0.2461871919E+00    0.1059774599E+00    0.2297148311E+00   -0.5870614075E-01    0.0000000000E+00    0.0000000000E+00    0.0000000000E+00    0.1275932575E+02
   -0.4323681518E-01    0.5880679250E-01   -0.6755790609E-01    0.1817623130E+00    0.0000000000E+00    0.0000000000E+00    0.0000000000E+00    0.5732481476E+01
    0.4652632557E+00   -0.3189813711E+00   -0.1941782147E+00   -0.4099194765E+00    0.0000000000E+00    0.0000000000E+00    0.0000000000E+00    0.2564003710E+01
    0.3552339964E-01    0.1362989604E-01   -0.6561499230E-01    0.1172486460E+00    0.0000000000E+00    0.0000000000E+00    0.0000000000E+00    0.1196487947E+01
    0.4099197276E-01   -0.4724505998E-01    0.2555909864E-01   -0.1189182340E+00    0.0000000000E+00    0.0000000000E+00    0.0000000000E+00    0.5127774318E+00
   -0.1033170942E+00    0.8609017438E-01    0.2608060448E-01    0.1450026648E+00    0.0000000000E+00    0.0000000000E+00    0.0000000000E+00    0.1946368971E+00
   -0.6999083261E-01    0.2209422326E-01    0.6214947555E-01   -0.3347890975E-01    0.0000000000E+00    0.0000000000E+00    0.0000000000E+00    0.7582468596E-01
   -0.8210308331E-01    0.7387652400E-01    0.3919875690E-01    0.1195154169E+00    0.0000000000E+00    0.0000000000E+00    0.0000000000E+00    0.2496038486E-01
   -0.3498762201E-01   -0.3545596861E-02    0.1385525104E-01   -0.5603386950E-01    0.0000000000E+00    0.0000000000E+00    0.0000000000E+00    0.8596006024E-02
   -0.1711110135E-01    0.3164920292E-01    0.2090394919E-01    0.8422682804E-01    0.0000000000E+00    0.0000000000E+00    0.0000000000E+00    0.2965035618E-02
   -0.2263841287E-01    0.6336203686E-02    0.1381037040E-01   -0.3918570206E-01    0.0000000000E+00    0.0000000000E+00    0.0000000000E+00    0.9752471327E-03
   -0.5178321368E-02    0.1611971067E-02   -0.8106897333E-02    0.3450023245E-01    0.0000000000E+00    0.0000000000E+00    0.0000000000E+00    0.2316739559E-03
   -0.5216456645E-02    0.6735694821E-02    0.1836843433E-01   -0.1137304659E-01    0.0000000000E+00    0.0000000000E+00    0.0000000000E+00    0.8826870932E-04
   -0.2199657153E-02   -0.2163314687E-03   -0.1306378821E-01    0.4117413242E-02    0.0000000000E+00    0.0000000000E+00    0.0000000000E+00    0.1022535694E-04
   -0.1135096275E-02   -0.4535338813E-03    0.8172752754E-02   -0.3891175037E-02    0.0000000000E+00    0.0000000000E+00    0.0000000000E+00    0.4738385976E-05
   -0.2441307059E-03   -0.1852771884E-02   -0.1533569227E-01   -0.3417159600E-01    0.0000000000E+00    0.0000000000E+00    0.0000000000E+00   -0.7256886340E-06
   -0.4346401516E-04   -0.1756866729E-02    0.4037713825E-02    0.4201188217E-01    0.0000000000E+00    0.0000000000E+00    0.0000000000E+00    0.3353329955E-06
    0.1199127042E-04    0.1211842187E-03    0.2370630344E-02   -0.1717912506E-01    0.0000000000E+00    0.0000000000E+00    0.0000000000E+00   -0.1228840294E-06
   -0.4710171858E-05   -0.3384286345E-04   -0.6175983508E-03    0.3117698832E-02    0.0000000000E+00    0.0000000000E+00    0.0000000000E+00    0.4366424865E-07
    0.1879823788E-05    0.1122787540E-04    0.1981468381E-03   -0.8536690467E-03    0.0000000000E+00    0.0000000000E+00    0.0000000000E+00   -0.1508234102E-07
   -0.7423895498E-06   -0.3951906940E-05   -0.6852672700E-04    0.2704001338E-03    0.0000000000E+00    0.0000000000E+00    0.0000000000E+00    0.5083798699E-08
    0.2890653238E-06    0.1425913776E-05    0.2446948404E-04   -0.9145620622E-04    0.0000000000E+00    0.0000000000E+00    0.0000000000E+00   -0.1678542505E-08
   -0.1110051579E-06   -0.5199037268E-06   -0.8860007317E-05    0.3196121443E-04    0.0000000000E+00    0.0000000000E+00    0.0000000000E+00    0.5446401138E-09
    0.4206780789E-07    0.1900961349E-06    0.3223174789E-05   -0.1135224147E-04    0.0000000000E+00    0.0000000000E+00    0.0000000000E+00   -0.1740591710E-09
   -0.1572952305E-07   -0.6932761233E-07   -0.1170944320E-05    0.4056880524E-05    0.0000000000E+00    0.0000000000E+00    0.0000000000E+00    0.5483900440E-10
    0.5792756271E-08    0.2508991103E-07    0.4224948522E-06   -0.1447157803E-05    0.0000000000E+00    0.0000000000E+00    0.0000000000E+00   -0.1701996289E-10
   -0.2093121998E-08   -0.8955612529E-08   -0.1504516284E-06    0.5112369668E-06    0.0000000000E+00    0.0000000000E+00    0.0000000000E+00    0.5188707142E-11
    0.7370992335E-09    0.3126764926E-08    0.5243285425E-07   -0.1771714350E-06    0.0000000000E+00    0.0000000000E+00    0.0000000000E+00   -0.1544991558E-11
   -0.2502530698E-09   -0.1055177316E-08   -0.1766938673E-07    0.5947003171E-07    0.0000000000E+00    0.0000000000E+00    0.0000000000E+00    0.4450135879E-12
    0.8054173478E-10    0.3381595514E-09    0.5656514583E-08   -0.1898532576E-07    0.0000000000E+00    0.0000000000E+00    0.0000000000E+00   -0.1220852380E-12
   -0.2393663772E-10   -0.1001993884E-09   -0.1674696672E-08    0.5609878918E-08    0.0000000000E+00    0.0000000000E+00    0.0000000000E+00    0.3112414888E-13
    0.6302683717E-11    0.2632770696E-10    0.4397597549E-09   -0.1471063995E-08    0.0000000000E+00    0.0000000000E+00    0.0000000000E+00   -0.7087136475E-14
   -0.1372995696E-11   -0.5726808946E-11   -0.9561232827E-10    0.3195254218E-09    0.0000000000E+00    0.0000000000E+00    0.0000000000E+00    0.1348564444E-14
    0.2181970225E-12    0.9091564726E-12    0.1517364922E-10   -0.5067359089E-10    0.0000000000E+00    0.0000000000E+00    0.0000000000E+00   -0.1894388471E-15
   -0.1873569098E-13   -0.7800811639E-13   -0.1301608532E-11    0.4344703737E-11    0.0000000000E+00    0.0000000000E+00    0.0000000000E+00    0.1457375852E-16
 l,ispin:           2           2
 psi n=1,noccmax(l):
   -0.5676655907E-01   -0.2684176824E-01    0.3774625632E-01    0.4518950422E-02    0.0000000000E+00    0.0000000000E+00    0.0000000000E+00    0.4412635497E+01
    0.1552058381E+00    0.7018545465E-01   -0.1097710834E+00    0.5684316604E-02    0.0000000000E+00    0.0000000000E+00    0.0000000000E+00   -0.1359857858E+02
   -0.1753252328E+00   -0.6765922904E-01    0.1465462789E+00   -0.7061816201E-01    0.0000000000E+00    0.0000000000E+00    0.0000000000E+00    0.1954681022E+02
    0.7885544508E-01    0.3203175865E-02   -0.1175073269E+00    0.1808673623E+00    0.0000000000E+00    0.0000000000E+00    0.0000000000E+00   -0.1659702151E+02
    0.6971683083E-02    0.5052345561E-01    0.8258730668E-01   -0.2567100859E+00    0.0000000000E+00    0.0000000000E+00    0.0000000000E+00    0.1035275713E+02
    0.7323021442E-01   -0.8397850195E-02   -0.1215392241E+00    0.2203337253E+00    0.0000000000E+00    0.0000000000E+00    0.0000000000E+00   -0.9408066577E+01
   -0.3126021769E+00   -0.1277981813E+00    0.2396266585E+00   -0.7656354615E-01    0.0000000000E+00    0.0000000000E+00    0.0000000000E+00    0.1320657413E+02
    0.2106534559E-01   -0.1821179433E-01   -0.9585217933E-01    0.1777316673E+00    0.0000000000E+00    0.0000000000E+00    0.0000000000E+00    0.5971392065E+01
    0.5580237750E+00    0.3351325799E+00   -0.2162799564E+00   -0.4512904096E+00    0.0000000000E+00    0.0000000000E+00    0.0000000000E+00    0.2654376751E+01
    0.1591036303E-01   -0.2531267006E-01   -0.4888395936E-01    0.1506639689E+00    0.0000000000E+00    0.0000000000E+00    0.0000000000E+00    0.1218328074E+01
    0.9302454413E-02    0.2583962676E-01    0.4018014945E-01   -0.1181789525E+00    0.0000000000E+00    0.0000000000E+00    0.0000000000E+00    0.5144843502E+00
   -0.1384793697E+00   -0.9679642380E-01    0.3957614791E-01    0.1690894160E+00    0.0000000000E+00    0.0000000000E+00    0.0000000000E+00    0.1914085561E+00
   -0.8799967739E-01   -0.2837564245E-01    0.6536919836E-01   -0.3872841664E-01    0.0000000000E+00    0.0000000000E+00    0.0000000000E+00    0.7318944739E-01
   -0.9385483692E-01   -0.7395940257E-01    0.4104838983E-01    0.1274987916E+00    0.0000000000E+00    0.0000000000E+00    0.0000000000E+00    0.2314282727E-01
   -0.3697157757E-01    0.4732865801E-02    0.1150269774E-01   -0.6308503881E-01    0.0000000000E+00    0.0000000000E+00    0.0000000000E+00    0.7905088823E-02
   -0.2156258541E-01   -0.3340945487E-01    0.2394124464E-01    0.9106526644E-01    0.0000000000E+00    0.0000000000E+00    0.0000000000E+00    0.2516291091E-02
   -0.2158085949E-01   -0.3492291250E-02    0.9105953032E-02   -0.4786304135E-01    0.0000000000E+00    0.0000000000E+00    0.0000000000E+00    0.7848813449E-03
   -0.5539933784E-02   -0.1798066798E-02   -0.5750669519E-02    0.4073825669E-01    0.0000000000E+00    0.0000000000E+00    0.0000000000E+00    0.1663413466E-03
   -0.4871549191E-02   -0.5802822518E-02    0.1532128678E-01   -0.1865657213E-01    0.0000000000E+00    0.0000000000E+00    0.0000000000E+00    0.5969280768E-04
   -0.1884114770E-02    0.7485127097E-03   -0.1230463187E-01    0.8398575776E-02    0.0000000000E+00    0.0000000000E+00    0.0000000000E+00    0.3176523745E-05
   -0.8938224749E-03    0.8080795620E-03    0.6554210926E-02   -0.9734574609E-02    0.0000000000E+00    0.0000000000E+00    0.0000000000E+00    0.3028046618E-05
   -0.1530507104E-03    0.1985151966E-02   -0.1429000954E-01   -0.2713488187E-01    0.0000000000E+00    0.0000000000E+00    0.0000000000E+00   -0.7680750395E-06
   -0.2897203006E-04    0.1546610808E-02    0.4447993368E-02    0.3852300415E-01    0.0000000000E+00    0.0000000000E+00    0.0000000000E+00    0.3050342537E-06
    0.9143988817E-05   -0.1165929136E-03    0.2014423308E-02   -0.1656665323E-01    0.0000000000E+00    0.0000000000E+00    0.0000000000E+00   -0.1119768993E-06
   -0.3687381121E-05    0.3271517596E-04   -0.5274014808E-03    0.3139935876E-02    0.0000000000E+00    0.0000000000E+00    0.0000000000E+00    0.3988341966E-07
    0.1487394291E-05   -0.1088225880E-04    0.1694652571E-03   -0.8796101605E-03    0.0000000000E+00    0.0000000000E+00    0.0000000000E+00   -0.1382078764E-07
   -0.5908201000E-06    0.3838241405E-05   -0.5865640442E-04    0.2824044935E-03    0.0000000000E+00    0.0000000000E+00    0.0000000000E+00    0.4674988922E-08
    0.2308944073E-06   -0.1387204858E-05    0.2095747110E-04   -0.9632670187E-04    0.0000000000E+00    0.0000000000E+00    0.0000000000E+00   -0.1548912778E-08
   -0.8889089264E-07    0.5064405003E-06   -0.7591849208E-05    0.3384763088E-04    0.0000000000E+00    0.0000000000E+00    0.0000000000E+00    0.5041754931E-09
    0.3374820102E-07   -0.1853528018E-06    0.2762820821E-05   -0.1206565838E-04    0.0000000000E+00    0.0000000000E+00    0.0000000000E+00   -0.1615733894E-09
   -0.1263548233E-07    0.6764612397E-07   -0.1003980443E-05    0.4322223193E-05    0.0000000000E+00    0.0000000000E+00    0.0000000000E+00    0.5102351477E-10
    0.4657856446E-08   -0.2449417166E-07    0.3623283896E-06   -0.1544314271E-05    0.0000000000E+00    0.0000000000E+00    0.0000000000E+00   -0.1586577160E-10
   -0.1684260832E-08    0.8746278369E-08   -0.1290468761E-06    0.5461600089E-06    0.0000000000E+00    0.0000000000E+00    0.0000000000E+00    0.4844142079E-11
    0.5934345297E-09   -0.3054510353E-08    0.4497865396E-07   -0.1894159703E-06    0.0000000000E+00    0.0000000000E+00    0.0000000000E+00   -0.1444098816E-11
   -0.2015567930E-09    0.1030995429E-08   -0.1515875404E-07    0.6361258443E-07    0.0000000000E+00    0.0000000000E+00    0.0000000000E+00    0.4163324487E-12
    0.6488808487E-10   -0.3304560608E-09    0.4853107840E-08   -0.2031490206E-07    0.0000000000E+00    0.0000000000E+00    0.0000000000E+00   -0.1142964017E-12
   -0.1928854838E-10    0.9792656901E-10   -0.1436906824E-08    0.6004186207E-08    0.0000000000E+00    0.0000000000E+00    0.0000000000E+00    0.2915382419E-13
    0.5079600279E-11   -0.2573235087E-10    0.3773320416E-09   -0.1574720771E-08    0.0000000000E+00    0.0000000000E+00    0.0000000000E+00   -0.6641104553E-14
   -0.1106681231E-11    0.5597591294E-11   -0.8204150888E-10    0.3420789854E-09    0.0000000000E+00    0.0000000000E+00    0.0000000000E+00    0.1264063609E-14
    0.1758887611E-12   -0.8886747328E-12    0.1302021666E-10   -0.5425457372E-10    0.0000000000E+00    0.0000000000E+00    0.0000000000E+00   -0.1776072847E-15
   -0.1510375837E-13    0.7625268881E-13   -0.1116901018E-11    0.4651982361E-11    0.0000000000E+00    0.0000000000E+00    0.0000000000E+00    0.1366573025E-16
 l,ispin:           3           1
 psi n=1,noccmax(l):
    0.4286594471E+01   -0.2911596770E+00   -0.3903927529E+00   -0.2855547847E+00    0.0000000000E+00    0.0000000000E+00    0.0000000000E+00
   -0.1320177963E+02    0.8969267730E+00    0.1193794790E+01    0.9237342393E+00    0.0000000000E+00    0.0000000000E+00    0.0000000000E+00
    0.1896789891E+02   -0.1288508650E+01   -0.1719785928E+01   -0.1303489796E+01    0.0000000000E+00    0.0000000000E+00    0.0000000000E+00
   -0.1609869777E+02    0.1092679255E+01    0.1486728547E+01    0.9649369117E+00    0.0000000000E+00    0.0000000000E+00    0.0000000000E+00
    0.1003228628E+02   -0.6793039595E+00   -0.9609334273E+00   -0.4171270666E+00    0.0000000000E+00    0.0000000000E+00    0.0000000000E+00
   -0.9095451971E+01    0.6125654725E+00    0.8572857514E+00    0.4127763506E+00    0.0000000000E+00    0.0000000000E+00    0.0000000000E+00
    0.1275932575E+02   -0.8546895923E+00   -0.1136079272E+01   -0.8558157697E+00    0.0000000000E+00    0.0000000000E+00    0.0000000000E+00
    0.5732481476E+01   -0.3886280633E+00   -0.4318775900E+00   -0.8108340540E+00    0.0000000000E+00    0.0000000000E+00    0.0000000000E+00
    0.2564003710E+01   -0.1830183192E+00   -0.2710851673E+00   -0.8597318118E-01    0.0000000000E+00    0.0000000000E+00    0.0000000000E+00
    0.1196487947E+01   -0.8555420781E-01   -0.8142464982E-01   -0.2532082678E+00    0.0000000000E+00    0.0000000000E+00    0.0000000000E+00
    0.5127774318E+00   -0.3498961584E-01   -0.6297556704E-01    0.3706032681E-01    0.0000000000E+00    0.0000000000E+00    0.0000000000E+00
    0.1946368971E+00   -0.1340157211E-01   -0.3338088390E-02   -0.7797784772E-01    0.0000000000E+00    0.0000000000E+00    0.0000000000E+00
    0.7582468596E-01   -0.3921433674E-02   -0.1401171181E-01    0.3450982050E-01    0.0000000000E+00    0.0000000000E+00    0.0000000000E+00
    0.2496038486E-01   -0.2063173770E-02    0.4349242961E-02   -0.2832960438E-01    0.0000000000E+00    0.0000000000E+00    0.0000000000E+00
    0.8596006024E-02    0.2052460048E-02   -0.1488701389E-02    0.2144232185E-01    0.0000000000E+00    0.0000000000E+00    0.0000000000E+00
    0.2965035618E-02   -0.2288256853E-02   -0.3546771722E-03   -0.1632775179E-01    0.0000000000E+00    0.0000000000E+00    0.0000000000E+00
    0.9752471327E-03    0.1720273756E-02    0.1308575972E-02    0.1355908821E-01    0.0000000000E+00    0.0000000000E+00    0.0000000000E+00
    0.2316739559E-03    0.7464775288E-04    0.6891588514E-03   -0.7826549615E-02    0.0000000000E+00    0.0000000000E+00    0.0000000000E+00
    0.8826870932E-04   -0.2054935597E-04   -0.3185996829E-03    0.6167013386E-02    0.0000000000E+00    0.0000000000E+00    0.0000000000E+00
    0.1022535694E-04    0.3574121357E-03    0.1221100811E-02   -0.2597900089E-02    0.0000000000E+00    0.0000000000E+00    0.0000000000E+00
    0.4738385976E-05    0.2079574688E-03   -0.1102382088E-03    0.3104777167E-02    0.0000000000E+00    0.0000000000E+00    0.0000000000E+00
   -0.7256886340E-06    0.2244921304E-03    0.9659807213E-03   -0.3820214442E-03    0.0000000000E+00    0.0000000000E+00    0.0000000000E+00
    0.3353329955E-06    0.1170264519E-03   -0.4617143092E-03   -0.1574673445E-02    0.0000000000E+00    0.0000000000E+00    0.0000000000E+00
   -0.1228840294E-06   -0.8908454443E-05   -0.6689339015E-04    0.8342245847E-03    0.0000000000E+00    0.0000000000E+00    0.0000000000E+00
    0.4366424865E-07    0.2225595334E-05    0.1500881265E-04   -0.1581057413E-03    0.0000000000E+00    0.0000000000E+00    0.0000000000E+00
   -0.1508234102E-07   -0.6466568746E-06   -0.4040274246E-05    0.4014883895E-04    0.0000000000E+00    0.0000000000E+00    0.0000000000E+00
    0.5083798699E-08    0.1965229746E-06    0.1165924430E-05   -0.1125035928E-04    0.0000000000E+00    0.0000000000E+00    0.0000000000E+00
   -0.1678542505E-08   -0.6060934414E-07   -0.3471097894E-06    0.3289390362E-05    0.0000000000E+00    0.0000000000E+00    0.0000000000E+00
    0.5446401138E-09    0.1876057803E-07    0.1048580005E-06   -0.9815545669E-06    0.0000000000E+00    0.0000000000E+00    0.0000000000E+00
   -0.1740591710E-09   -0.5798711434E-08   -0.3186623071E-07    0.2956938828E-06    0.0000000000E+00    0.0000000000E+00    0.0000000000E+00
    0.5483900440E-10    0.1783713428E-08    0.9686682381E-08   -0.8931502226E-07    0.0000000000E+00    0.0000000000E+00    0.0000000000E+00
   -0.1701996289E-10   -0.5441215856E-09   -0.2930407976E-08    0.2689402469E-07    0.0000000000E+00    0.0000000000E+00    0.0000000000E+00
    0.5188707142E-11    0.1638245239E-09    0.8771288789E-09   -0.8022487563E-08    0.0000000000E+00    0.0000000000E+00    0.0000000000E+00
   -0.1544991558E-11   -0.4834265746E-10   -0.2577618165E-09    0.2351683138E-08    0.0000000000E+00    0.0000000000E+00    0.0000000000E+00
    0.4450135879E-12    0.1383406553E-10    0.7354787631E-10   -0.6697874541E-09    0.0000000000E+00    0.0000000000E+00    0.0000000000E+00
   -0.1220852380E-12   -0.3777456592E-11   -0.2004124464E-10    0.1822691013E-09    0.0000000000E+00    0.0000000000E+00    0.0000000000E+00
    0.3112414888E-13    0.9597623221E-12    0.5084599167E-11   -0.4619811543E-10    0.0000000000E+00    0.0000000000E+00    0.0000000000E+00
   -0.7087136475E-14   -0.2180113578E-12   -0.1153786803E-11    0.1047581240E-10    0.0000000000E+00    0.0000000000E+00    0.0000000000E+00
    0.1348564444E-14    0.4141139204E-13    0.2190033549E-12   -0.1987429826E-11    0.0000000000E+00    0.0000000000E+00    0.0000000000E+00
   -0.1894388471E-15   -0.5809940178E-14   -0.3070998947E-13    0.2785870853E-12    0.0000000000E+00    0.0000000000E+00    0.0000000000E+00
    0.1457375852E-16    0.4465635946E-15    0.2359575020E-14   -0.2139932055E-13    0.0000000000E+00    0.0000000000E+00    0.0000000000E+00
 l,ispin:           3           2
 psi n=1,noccmax(l):
    0.4412635497E+01    0.2445366425E+00    0.3470376427E+00    0.2471664998E+00    0.0000000000E+00    0.0000000000E+00    0.0000000000E+00
   -0.1359857858E+02   -0.7538117673E+00   -0.1061010217E+01   -0.8062021197E+00    0.0000000000E+00    0.0000000000E+00    0.0000000000E+00
    0.1954681022E+02    0.1083377788E+01    0.1529589760E+01    0.1135402794E+01    0.0000000000E+00    0.0000000000E+00    0.0000000000E+00
   -0.1659702151E+02   -0.9189800482E+00   -0.1325457899E+01   -0.8230105455E+00    0.0000000000E+00    0.0000000000E+00    0.0000000000E+00
    0.1035275713E+02    0.5716155109E+00    0.8606765200E+00    0.3296798567E+00    0.0000000000E+00    0.0000000000E+00    0.0000000000E+00
   -0.9408066577E+01   -0.5160103839E+00   -0.7678719670E+00   -0.3350259764E+00    0.0000000000E+00    0.0000000000E+00    0.0000000000E+00
    0.1320657413E+02    0.7193654793E+00    0.1011474872E+01    0.7464777375E+00    0.0000000000E+00    0.0000000000E+00    0.0000000000E+00
    0.5971392065E+01    0.3300896367E+00    0.3800424067E+00    0.7649898284E+00    0.0000000000E+00    0.0000000000E+00    0.0000000000E+00
    0.2654376751E+01    0.1563966659E+00    0.2466746692E+00    0.6535282688E-01    0.0000000000E+00    0.0000000000E+00    0.0000000000E+00
    0.1218328074E+01    0.7186252248E-01    0.6889425372E-01    0.2413479779E+00    0.0000000000E+00    0.0000000000E+00    0.0000000000E+00
    0.5144843502E+00    0.2871045780E-01    0.5668851007E-01   -0.4263789286E-01    0.0000000000E+00    0.0000000000E+00    0.0000000000E+00
    0.1914085561E+00    0.1072145388E-01    0.7801844393E-03    0.7525124064E-01    0.0000000000E+00    0.0000000000E+00    0.0000000000E+00
    0.7318944739E-01    0.2811126263E-02    0.1276768640E-01   -0.3559123773E-01    0.0000000000E+00    0.0000000000E+00    0.0000000000E+00
    0.2314282727E-01    0.1590532292E-02   -0.4823544072E-02    0.2769305472E-01    0.0000000000E+00    0.0000000000E+00    0.0000000000E+00
    0.7905088823E-02   -0.2209085477E-02    0.1283771677E-02   -0.2155509904E-01    0.0000000000E+00    0.0000000000E+00    0.0000000000E+00
    0.2516291091E-02    0.2211186712E-02    0.2765126965E-03    0.1615013355E-01    0.0000000000E+00    0.0000000000E+00    0.0000000000E+00
    0.7848813449E-03   -0.1760458613E-02   -0.1379330403E-02   -0.1358549058E-01    0.0000000000E+00    0.0000000000E+00    0.0000000000E+00
    0.1663413466E-03   -0.8406394749E-04   -0.6840301565E-03    0.7799616281E-02    0.0000000000E+00    0.0000000000E+00    0.0000000000E+00
    0.5969280768E-04    0.1116573875E-04    0.2869517803E-03   -0.6193411350E-02    0.0000000000E+00    0.0000000000E+00    0.0000000000E+00
    0.3176523745E-05   -0.3600100751E-03   -0.1212921968E-02    0.2605242773E-02    0.0000000000E+00    0.0000000000E+00    0.0000000000E+00
    0.3028046618E-05   -0.2092832732E-03    0.1007535596E-03   -0.3114655149E-02    0.0000000000E+00    0.0000000000E+00    0.0000000000E+00
   -0.7680750395E-06   -0.2242345541E-03   -0.9543944199E-03    0.4259629761E-03    0.0000000000E+00    0.0000000000E+00    0.0000000000E+00
    0.3050342537E-06   -0.1161395689E-03    0.4613804768E-03    0.1545074814E-02    0.0000000000E+00    0.0000000000E+00    0.0000000000E+00
   -0.1119768993E-06    0.8866958690E-05    0.6551027394E-04   -0.8266288797E-03    0.0000000000E+00    0.0000000000E+00    0.0000000000E+00
    0.3988341966E-07   -0.2215805476E-05   -0.1470047758E-04    0.1570293585E-03    0.0000000000E+00    0.0000000000E+00    0.0000000000E+00
   -0.1382078764E-07    0.6438989041E-06    0.3956783052E-05   -0.3991411073E-04    0.0000000000E+00    0.0000000000E+00    0.0000000000E+00
    0.4674988922E-08   -0.1957020719E-06   -0.1141705180E-05    0.1119038532E-04    0.0000000000E+00    0.0000000000E+00    0.0000000000E+00
   -0.1548912778E-08    0.6035991185E-07    0.3398746179E-06   -0.3272877925E-05    0.0000000000E+00    0.0000000000E+00    0.0000000000E+00
    0.5041754931E-09   -0.1868420229E-07   -0.1026678140E-06    0.9768232259E-06    0.0000000000E+00    0.0000000000E+00    0.0000000000E+00
   -0.1615733894E-09    0.5775290301E-08    0.3119985209E-07   -0.2943078243E-06    0.0000000000E+00    0.0000000000E+00    0.0000000000E+00
    0.5102351477E-10   -0.1776550340E-08   -0.9483988655E-08    0.8890440731E-07    0.0000000000E+00    0.0000000000E+00    0.0000000000E+00
   -0.1586577160E-10    0.5419456102E-09    0.2869069955E-08   -0.2677204673E-07    0.0000000000E+00    0.0000000000E+00    0.0000000000E+00
    0.4844142079E-11   -0.1631713621E-09   -0.8587667457E-09    0.7986444903E-08    0.0000000000E+00    0.0000000000E+00    0.0000000000E+00
   -0.1444098816E-11    0.4815033875E-10    0.2523655428E-09   -0.2341187664E-08    0.0000000000E+00    0.0000000000E+00    0.0000000000E+00
    0.4163324487E-12   -0.1377911705E-10   -0.7200816307E-10    0.6668121008E-09    0.0000000000E+00    0.0000000000E+00    0.0000000000E+00
   -0.1142964017E-12    0.3762469670E-11    0.1962169891E-10   -0.1814620574E-09    0.0000000000E+00    0.0000000000E+00    0.0000000000E+00
    0.2915382419E-13   -0.9559576013E-12   -0.4978161988E-11    0.4599402886E-10    0.0000000000E+00    0.0000000000E+00    0.0000000000E+00
   -0.6641104553E-14    0.2171476148E-12    0.1129635272E-11   -0.1042960828E-10    0.0000000000E+00    0.0000000000E+00    0.0000000000E+00
    0.1264063609E-14   -0.4124739213E-13   -0.2144192524E-12    0.1978674032E-11    0.0000000000E+00    0.0000000000E+00    0.0000000000E+00
   -0.1776072847E-15    0.5786938180E-14    0.3006719791E-13   -0.2773607158E-12    0.0000000000E+00    0.0000000000E+00    0.0000000000E+00
    0.1366573025E-16   -0.4447959928E-15   -0.2310187896E-14    0.2130517080E-13    0.0000000000E+00    0.0000000000E+00    0.0000000000E+00
