   40             4.00000 ng, rij 
     2.240     4.480                                       rcov,rprb 
 r                           (non)relativistic calculation
 PBE                         XC-functional
103.000 43.000    0.2125000000    0.1706311279E+03   -0.1914775592E+02    0.0000000000E+00    0.0000000000E+00  znuc,zion,rloc,gpot()
   3                                                       lpx, (Projectors for l=0..lpx)
    0.1572910980    0.1672930484E+02    0.2990547543E+02   -0.7750287243E+02   -0.2391335183E+02    0.6174400893E+02   -0.4900778777E+02  r_l(),hsep(), so=+0.5
    0.1892139510    0.9205681127E+01    0.2163732750E+02   -0.6379264137E+02   -0.2293964486E+02    0.5428510768E+02   -0.3858071440E+02  r_l(),hsep(), so=+0.5
    0.1042612200E+02   -0.4115778921E+02    0.1206251073E+03    0.4320308898E+02   -0.1022371685E+03    0.7266049877E+02         hsep(), so=-0.5
    0.5005890174    0.2014862878E+01   -0.1433743303E+00    0.1625712096E+00    0.0000000000E+00   -0.0000000000E+00    0.0000000000E+00  r_l(),hsep(), so=+0.5
    0.1100960082E+01   -0.1226210388E+00    0.1390391889E+00    0.0000000000E+00   -0.0000000000E+00    0.0000000000E+00         hsep(), so=-0.5
    0.2289198181   -0.6150264226E+00   -0.0000000000E+00    0.0000000000E+00    0.0000000000E+00   -0.0000000000E+00    0.0000000000E+00  r_l(),hsep(), so=+0.5
   -0.1011093857E+01   -0.0000000000E+00    0.0000000000E+00    0.0000000000E+00   -0.0000000000E+00    0.0000000000E+00         hsep(), so=-0.5
 ---------------------------------------------
 Additional information (last calculation):
 gaussian exponents:
 xp():   125.27289687457179        88.581314878892755        62.636448437285893        44.290657439446392        31.318224218642960        22.145328719723196        15.659112109321484        11.072664359861601        7.8295560546607401        5.5363321799308016        3.9147780273303718        2.7681660899654017        1.9573890136651859        1.3840830449827008       0.97869450683259362       0.69204152249135087       0.48934725341629687       0.34602076124567549       0.24467362670814843       0.17301038062283774       0.12233681335407427        8.6505190311418900E-002   6.1168406677037150E-002   4.3252595155709457E-002   3.0584203338518582E-002   2.1626297577854739E-002   1.5292101669259294E-002   1.0813148788927369E-002   7.6460508346296455E-003   5.4065743944636847E-003   3.8230254173148254E-003   2.7032871972318437E-003   1.9115127086574131E-003   1.3516435986159218E-003   9.5575635432870634E-004   6.7582179930796113E-004   4.7787817716435349E-004   3.3791089965398057E-004   2.3893908858217675E-004   1.6895544982699039E-004
 orbital coefficients (one orbital per column)
 l,ispin:           0           1
 psi n=1,noccmax(l):
    0.7359097256E-01   -0.4948309902E-01   -0.1872775330E-01   -0.1024259109E-01   -0.1056835085E-01    0.0000000000E+00    0.0000000000E+00   -0.9323461369E+00   -0.3336041614E+00
   -0.3182571662E+00    0.2533859561E+00    0.9855644794E-01    0.5411863345E-01    0.5636833537E-01    0.0000000000E+00    0.0000000000E+00    0.4143403543E+01    0.1522821266E+01
    0.3678435302E+00   -0.5322071341E+00   -0.2252030405E+00   -0.1253284048E+00   -0.1355744812E+00    0.0000000000E+00    0.0000000000E+00   -0.9489133673E+01   -0.3564811378E+01
    0.1184235654E+01    0.2370504997E+00    0.1936511065E+00    0.1161206006E+00    0.1523536788E+00    0.0000000000E+00    0.0000000000E+00    0.1432819403E+02    0.5297508575E+01
   -0.5414121548E+01    0.1242474521E+01    0.2036327049E+00    0.8391894224E-01   -0.5461746259E-02    0.0000000000E+00    0.0000000000E+00   -0.1598355596E+02   -0.5074068863E+01
    0.4807480874E+01    0.6629789747E-01    0.3178049293E+00    0.2031835676E+00    0.3051326713E+00    0.0000000000E+00    0.0000000000E+00    0.2128297920E+02    0.5494779738E+01
    0.1805034371E+02   -0.1363886450E+02   -0.4909076877E+01   -0.2647312640E+01   -0.2560866738E+01    0.0000000000E+00    0.0000000000E+00   -0.3645894768E+02   -0.1406652604E+02
   -0.2152959778E+02    0.1730914238E+02    0.6404680662E+01    0.3465029480E+01    0.3351949921E+01    0.0000000000E+00    0.0000000000E+00    0.1056006057E+02    0.1285199016E+02
   -0.1316420146E+02    0.5557033842E+01    0.1129717558E+01    0.5137045375E+00    0.2035710046E+00    0.0000000000E+00    0.0000000000E+00    0.3792314185E+02    0.9293370692E+01
    0.6175472049E+01   -0.3332297924E+01   -0.4493531984E+00   -0.1471478337E+00    0.1719700677E+00    0.0000000000E+00    0.0000000000E+00   -0.1067428417E+02   -0.3700882561E+01
    0.1794510363E+01   -0.3229272171E+01   -0.1888712247E+01   -0.1114295308E+01   -0.1366287312E+01    0.0000000000E+00    0.0000000000E+00   -0.4212224512E+01   -0.3685040636E+01
    0.6854514765E+01   -0.5098567396E+01   -0.1001294977E+01   -0.4062475173E+00    0.3917156502E-01    0.0000000000E+00    0.0000000000E+00   -0.8892530724E+01   -0.4483687153E+01
   -0.2998776709E+00   -0.1440065568E+01   -0.1480433134E+01   -0.9585040424E+00   -0.1345330788E+01    0.0000000000E+00    0.0000000000E+00   -0.1810951134E+01   -0.1669655310E+01
    0.2000152279E+01   -0.9565396507E+00    0.4945139392E+00    0.4679214558E+00    0.9696181266E+00    0.0000000000E+00    0.0000000000E+00   -0.1990612692E+01   -0.9045290184E+00
   -0.1048643376E+01    0.1432016412E+01   -0.1690333660E+00   -0.3551744746E+00   -0.9581625140E+00    0.0000000000E+00    0.0000000000E+00    0.2717209148E+00    0.6149559603E+00
    0.7923505505E+00    0.6874071827E+00    0.9374602706E+00    0.8573721609E+00    0.1534128326E+01    0.0000000000E+00    0.0000000000E+00   -0.3439339660E+00    0.3684050225E+00
   -0.5523873818E+00    0.1123336219E+01    0.5344880701E+00   -0.8790668395E-01   -0.9424669396E+00    0.0000000000E+00    0.0000000000E+00    0.1809914271E+00    0.6783823675E+00
    0.3820628714E+00    0.1376223134E+00    0.7838262343E-01    0.4798489927E+00    0.1465766754E+01    0.0000000000E+00    0.0000000000E+00   -0.1068837756E+00    0.2149238202E+00
   -0.2612127055E+00    0.2884281100E+00    0.3633593966E+00   -0.2059767421E+00   -0.1394862810E+01    0.0000000000E+00    0.0000000000E+00    0.6165793598E-01    0.2105945488E+00
    0.1767440657E+00   -0.9031414036E-01   -0.1879928752E+00    0.3158059556E+00    0.1811403014E+01    0.0000000000E+00    0.0000000000E+00   -0.3521839689E-01    0.3292123461E-01
   -0.1184753604E+00    0.8161722107E-01    0.1481855552E+00   -0.1083266667E+00   -0.1881383097E+01    0.0000000000E+00    0.0000000000E+00    0.1991464561E-01    0.3726848445E-01
    0.7874813081E-01   -0.5430992437E-01   -0.3782373332E+00   -0.5020648844E+00    0.1319628538E+01    0.0000000000E+00    0.0000000000E+00   -0.1115358850E-01   -0.6832529335E-02
   -0.5194078858E-01    0.3688998403E-01   -0.7000534832E-02    0.4143662142E+00   -0.1185589978E+01    0.0000000000E+00    0.0000000000E+00    0.6190458908E-02    0.6338808468E-02
    0.3401452246E-01   -0.2470014659E-01   -0.1691365360E+00   -0.6255294389E+00    0.2421420212E+00    0.0000000000E+00    0.0000000000E+00   -0.3406340883E-02   -0.3331891372E-02
   -0.2212154930E-01    0.1630644706E-01    0.7241987713E-02    0.1588758251E-01   -0.1387463977E+01    0.0000000000E+00    0.0000000000E+00    0.1858738037E-02    0.1855468713E-02
    0.1428612889E-01   -0.1060192719E-01   -0.3465778752E-01    0.8916293674E-01    0.2585088411E+01    0.0000000000E+00    0.0000000000E+00   -0.1005754013E-02   -0.1009685960E-02
   -0.9156345086E-02    0.6780536633E-02    0.1883420603E-01    0.2769554708E+00   -0.6514255597E+00    0.0000000000E+00    0.0000000000E+00    0.5394028779E-03    0.5381358220E-03
    0.5817844158E-02   -0.4259866831E-02   -0.1149841226E-01   -0.8401542536E-01   -0.5655107322E+00    0.0000000000E+00    0.0000000000E+00   -0.2864615332E-03   -0.2804024724E-03
   -0.3658149529E-02    0.2624354199E-02    0.6851575741E-02    0.4103234471E-01    0.2774243621E+00    0.0000000000E+00    0.0000000000E+00    0.1504041040E-03    0.1426461283E-03
    0.2270218272E-02   -0.1581792701E-02   -0.3969338847E-02   -0.2149886998E-01   -0.1401257253E+00    0.0000000000E+00    0.0000000000E+00   -0.7788538767E-04   -0.7075861172E-04
   -0.1385257012E-02    0.9299083049E-03    0.2232631201E-02    0.1136268915E-01    0.7165523810E-01    0.0000000000E+00    0.0000000000E+00    0.3964345049E-04    0.3417235372E-04
    0.8266710106E-03   -0.5309466703E-03   -0.1217174651E-02   -0.5936173264E-02   -0.3647587469E-01    0.0000000000E+00    0.0000000000E+00   -0.1973919063E-04   -0.1602983312E-04
   -0.4788999261E-03    0.2926721011E-03    0.6409442001E-03    0.3031318781E-02    0.1826200325E-01    0.0000000000E+00    0.0000000000E+00    0.9550793678E-05    0.7275218150E-05
    0.2665383468E-03   -0.1544135535E-03   -0.3238688190E-03   -0.1497329417E-02   -0.8887377408E-02    0.0000000000E+00    0.0000000000E+00   -0.4448966671E-05   -0.3173971200E-05
   -0.1404571454E-03    0.7699744189E-04    0.1552876574E-03    0.7058496128E-03    0.4143210160E-02    0.0000000000E+00    0.0000000000E+00    0.1969074991E-05    0.1317086012E-05
    0.6864050558E-04   -0.3561281029E-04   -0.6939476772E-04   -0.3114372867E-03   -0.1813007424E-02    0.0000000000E+00    0.0000000000E+00   -0.8124345393E-06   -0.5112036412E-06
   -0.3018353955E-04    0.1485232916E-04    0.2810450688E-04    0.1249314222E-03    0.7228287566E-03    0.0000000000E+00    0.0000000000E+00    0.3038277146E-06    0.1807517810E-06
    0.1141422039E-04   -0.5346559484E-05   -0.9873296344E-05   -0.4357674116E-04   -0.2509864970E-03    0.0000000000E+00    0.0000000000E+00   -0.9864854141E-07   -0.5583289868E-07
   -0.3453886917E-05    0.1547651533E-05    0.2801839748E-05    0.1230050522E-04    0.7061068302E-04    0.0000000000E+00    0.0000000000E+00    0.2593389643E-07    0.1405908994E-07
    0.7352236474E-06   -0.3169436699E-06   -0.5647789376E-06   -0.2469686009E-05   -0.1414254250E-04    0.0000000000E+00    0.0000000000E+00   -0.4863161255E-08   -0.2542586932E-08
   -0.8138507622E-07    0.3395395761E-07    0.5975870105E-07    0.2605534706E-06    0.1489385457E-05    0.0000000000E+00    0.0000000000E+00    0.4816027015E-09    0.2444274609E-09
 l,ispin:           1           1
 psi n=1,noccmax(l):
   -0.9323461369E+00   -0.3336041614E+00    0.1011597973E+00   -0.7991964358E-01   -0.9284452548E-01    0.0000000000E+00    0.0000000000E+00   -0.3748322669E+01    0.3457586782E+00
    0.4143403543E+01    0.1522821266E+01   -0.4622273746E+00    0.3646677566E+00    0.4213347292E+00    0.0000000000E+00    0.0000000000E+00    0.1441502263E+02   -0.1385065640E+01
   -0.9489133673E+01   -0.3564811378E+01    0.1085741214E+01   -0.8571963269E+00   -0.9913956179E+00    0.0000000000E+00    0.0000000000E+00   -0.3053474722E+02    0.3081967656E+01
    0.1432819403E+02    0.5297508575E+01   -0.1628558005E+01    0.1295656122E+01    0.1533433287E+01    0.0000000000E+00    0.0000000000E+00    0.4444633517E+02   -0.4643347170E+01
   -0.1598355596E+02   -0.5074068863E+01    0.1590627068E+01   -0.1297693590E+01   -0.1656543338E+01    0.0000000000E+00    0.0000000000E+00   -0.4231281642E+02    0.4266238859E+01
    0.2128297920E+02    0.5494779738E+01   -0.1696945357E+01    0.1396556936E+01    0.1842612111E+01    0.0000000000E+00    0.0000000000E+00    0.2204652609E+02   -0.1416512091E+01
   -0.3645894768E+02   -0.1406652604E+02    0.4249834104E+01   -0.3324487986E+01   -0.3731350542E+01    0.0000000000E+00    0.0000000000E+00   -0.3091137756E+02    0.2751276937E+01
    0.1056006057E+02    0.1285199016E+02   -0.4239811538E+01    0.3366528330E+01    0.3834986623E+01    0.0000000000E+00    0.0000000000E+00    0.6939568047E+02   -0.9690360750E+01
    0.3792314185E+02    0.9293370692E+01   -0.2134635051E+01    0.1382998336E+01    0.6339531024E+00    0.0000000000E+00    0.0000000000E+00   -0.8647389422E+01    0.2175906562E+01
   -0.1067428417E+02   -0.3700882561E+01    0.7335405548E+00   -0.3656295744E+00    0.3005308920E+00    0.0000000000E+00    0.0000000000E+00   -0.1679743777E+02    0.2672240489E+01
   -0.4212224512E+01   -0.3685040636E+01    0.1433177566E+01   -0.1251351726E+01   -0.1812580350E+01    0.0000000000E+00    0.0000000000E+00   -0.1756275949E+02    0.2491136487E+01
   -0.8892530724E+01   -0.4483687153E+01    0.1000159270E+01   -0.5774080082E+00    0.5771776891E-01    0.0000000000E+00    0.0000000000E+00   -0.8182933011E+01    0.1244144917E+01
   -0.1810951134E+01   -0.1669655310E+01    0.8169048907E+00   -0.7788052679E+00   -0.1316281027E+01    0.0000000000E+00    0.0000000000E+00   -0.4143628052E+01    0.4005339973E+00
   -0.1990612692E+01   -0.9045290184E+00   -0.2390394498E-01    0.1783305611E+00    0.7211980592E+00    0.0000000000E+00    0.0000000000E+00   -0.4439757079E+00    0.1962401949E+00
    0.2717209148E+00    0.6149559603E+00    0.4195906277E-01   -0.1833312696E+00   -0.6990916907E+00    0.0000000000E+00    0.0000000000E+00   -0.3472754311E-01   -0.1214884475E+00
   -0.3439339660E+00    0.3684050225E+00   -0.3182408539E+00    0.3911857754E+00    0.8785561816E+00    0.0000000000E+00    0.0000000000E+00    0.1477062906E-01   -0.6622582497E-01
    0.1809914271E+00    0.6783823675E+00   -0.1711399371E+00   -0.2608037980E-02   -0.4798602919E+00    0.0000000000E+00    0.0000000000E+00   -0.1197424767E-01   -0.2050184939E+00
   -0.1068837756E+00    0.2149238202E+00   -0.9781952618E-01    0.2034112151E+00    0.6600115087E+00    0.0000000000E+00    0.0000000000E+00    0.6022667044E-02   -0.6656241636E-01
    0.6165793598E-01    0.2105945488E+00   -0.1054839913E+00   -0.3113336538E-01   -0.4796221178E+00    0.0000000000E+00    0.0000000000E+00   -0.3096206569E-02   -0.7392431516E-01
   -0.3521839689E-01    0.3292123461E-01    0.9156191190E-02    0.9580971595E-01    0.5467923763E+00    0.0000000000E+00    0.0000000000E+00    0.1533572652E-02   -0.2707709342E-01
    0.1991464561E-01    0.3726848445E-01   -0.6516801354E-01   -0.4565048207E-02   -0.4394501638E+00    0.0000000000E+00    0.0000000000E+00   -0.7453062477E-03   -0.2373344250E-01
   -0.1115358850E-01   -0.6832529335E-02    0.7084424252E-01   -0.7412918961E-01    0.3087528881E+00    0.0000000000E+00    0.0000000000E+00    0.3563968278E-03   -0.1045860474E-01
    0.6190458908E-02    0.6338808468E-02    0.5435953032E-02    0.4496435872E-01   -0.2762843418E+00    0.0000000000E+00    0.0000000000E+00   -0.1680242671E-03   -0.4682398026E-02
   -0.3406340883E-02   -0.3331891372E-02    0.2652631400E-01   -0.8514135912E-01    0.1350772567E+00    0.0000000000E+00    0.0000000000E+00    0.7819511046E-04   -0.1982662468E-02
    0.1858738037E-02    0.1855468713E-02    0.1966706411E-01   -0.3895174361E-01   -0.3661343559E+00    0.0000000000E+00    0.0000000000E+00   -0.3594790814E-04   -0.6841100651E-03
   -0.1005754013E-02   -0.1009685960E-02    0.8852380530E-02    0.3239439997E-02    0.3932089332E+00    0.0000000000E+00    0.0000000000E+00    0.1632980744E-04   -0.4828149110E-04
    0.5394028779E-03    0.5381358220E-03    0.2464898062E-04    0.4949833162E-01   -0.4610678179E-01    0.0000000000E+00    0.0000000000E+00   -0.7328697922E-05   -0.1290429059E-04
   -0.2864615332E-03   -0.2804024724E-03    0.8788132331E-04   -0.9135581489E-02   -0.7846373676E-01    0.0000000000E+00    0.0000000000E+00    0.3247209210E-05    0.6176103995E-05
    0.1504041040E-03    0.1426461283E-03   -0.4788114228E-04    0.3325943758E-02    0.3082159711E-01    0.0000000000E+00    0.0000000000E+00   -0.1418642900E-05   -0.2705524287E-05
   -0.7788538767E-04   -0.7075861172E-04    0.2335722482E-04   -0.1372182092E-02   -0.1278404691E-01    0.0000000000E+00    0.0000000000E+00    0.6098912909E-06    0.1123644193E-05
    0.3964345049E-04    0.3417235372E-04   -0.1092549763E-04    0.5858729526E-03    0.5419012999E-02    0.0000000000E+00    0.0000000000E+00   -0.2572812386E-06   -0.4486591183E-06
   -0.1973919063E-04   -0.1602983312E-04    0.4952498654E-05   -0.2510530345E-03   -0.2300460391E-02    0.0000000000E+00    0.0000000000E+00    0.1060729574E-06    0.1732183210E-06
    0.9550793678E-05    0.7275218150E-05   -0.2176068084E-05    0.1062988749E-03    0.9655698512E-03    0.0000000000E+00    0.0000000000E+00   -0.4250276721E-07   -0.6473893964E-07
   -0.4448966671E-05   -0.3173971200E-05    0.9223356723E-06   -0.4392816277E-04   -0.3960936359E-03    0.0000000000E+00    0.0000000000E+00    0.1642142826E-07    0.2335100733E-07
    0.1969074991E-05    0.1317086012E-05   -0.3733797471E-06    0.1747083108E-04    0.1566008104E-03    0.0000000000E+00    0.0000000000E+00   -0.6048047821E-08   -0.8063066003E-08
   -0.8124345393E-06   -0.5112036412E-06    0.1419654772E-06   -0.6559957192E-05   -0.5852832988E-04    0.0000000000E+00    0.0000000000E+00    0.2087661815E-08    0.2625986792E-08
    0.3038277146E-06    0.1807517810E-06   -0.4936227324E-07    0.2260641900E-05    0.2009772804E-04    0.0000000000E+00    0.0000000000E+00   -0.6581553806E-09   -0.7869271948E-09
   -0.9864854141E-07   -0.5583289868E-07    0.1504522070E-07   -0.6846319336E-06   -0.6070092152E-05    0.0000000000E+00    0.0000000000E+00    0.1819591264E-09    0.2084039682E-09
    0.2593389643E-07    0.1405908994E-07   -0.3748958107E-08    0.1698155046E-06    0.1502554480E-05    0.0000000000E+00    0.0000000000E+00   -0.4123869377E-10   -0.4558221543E-10
   -0.4863161255E-08   -0.2542586932E-08    0.6725197553E-09   -0.3036287527E-07   -0.2682472860E-06    0.0000000000E+00    0.0000000000E+00    0.6763720208E-11    0.7264215905E-11
    0.4816027015E-09    0.2444274609E-09   -0.6425209408E-10    0.2894012589E-08    0.2553898308E-07    0.0000000000E+00    0.0000000000E+00   -0.5953158109E-12   -0.6249615880E-12
 l,ispin:           1           2
 psi n=1,noccmax(l):
   -0.8631194497E+00    0.2974449117E+00   -0.8503632885E-01   -0.5899488941E-01   -0.6458366047E-01    0.0000000000E+00    0.0000000000E+00   -0.3658673142E+01    0.5134556034E+00
    0.3987445630E+01   -0.1445065507E+01    0.4121705644E+00    0.2846063786E+00    0.3080636206E+00    0.0000000000E+00    0.0000000000E+00    0.1405230907E+02   -0.2044086456E+01
   -0.9202964115E+01    0.3585536052E+01   -0.1027123295E+01   -0.7077695666E+00   -0.7614219671E+00    0.0000000000E+00    0.0000000000E+00   -0.2971880381E+02    0.4516198522E+01
    0.1216910090E+02   -0.5329768290E+01    0.1564180536E+01    0.1086008117E+01    0.1185057519E+01    0.0000000000E+00    0.0000000000E+00    0.4321140450E+02   -0.6772009859E+01
   -0.4870908790E+01    0.3714937148E+01   -0.1231207043E+01   -0.8966131328E+00   -0.1071632958E+01    0.0000000000E+00    0.0000000000E+00   -0.4120572425E+02    0.6250233876E+01
   -0.1070246000E+02   -0.4459734790E+00    0.4710554156E+00    0.4244399847E+00    0.6793765962E+00    0.0000000000E+00    0.0000000000E+00    0.2176847507E+02   -0.2229337415E+01
   -0.9610722602E+01    0.1209867945E+02   -0.3640148470E+01   -0.2510071421E+01   -0.2680773036E+01    0.0000000000E+00    0.0000000000E+00   -0.3015157122E+02    0.4114870492E+01
    0.6491108612E+02   -0.2778611971E+02    0.7746089709E+01    0.5194193130E+01    0.5226462204E+01    0.0000000000E+00    0.0000000000E+00    0.6640649338E+02   -0.1374598595E+02
   -0.2118044627E+02    0.4845058145E+00   -0.4235487554E+00   -0.4103171242E+00   -0.7197117613E+00    0.0000000000E+00    0.0000000000E+00   -0.7870856581E+01    0.3013512920E+01
   -0.5672752370E+01    0.8126516514E+01   -0.1843863504E+01   -0.1070720241E+01   -0.6791711968E+00    0.0000000000E+00    0.0000000000E+00   -0.1607523499E+02    0.3676015429E+01
   -0.1135894387E+02    0.6876248232E+01   -0.2325812513E+01   -0.1662922690E+01   -0.1898054780E+01    0.0000000000E+00    0.0000000000E+00   -0.1665616048E+02    0.3591954451E+01
   -0.4336319487E+01    0.3847517971E+01   -0.6840376838E+00   -0.3182254023E+00    0.1139528785E-01    0.0000000000E+00    0.0000000000E+00   -0.7816093111E+01    0.1715205742E+01
   -0.2169377384E+01    0.9531041415E+00   -0.6846449836E+00   -0.5808695983E+00   -0.8524855842E+00    0.0000000000E+00    0.0000000000E+00   -0.3895854382E+01    0.6587928697E+00
   -0.2518887295E+00   -0.5280440752E+00    0.5745427619E+00    0.5093953203E+00    0.7755365040E+00    0.0000000000E+00    0.0000000000E+00   -0.6797816878E+00    0.1500310969E+00
   -0.1417940545E+00   -0.1115545079E+01    0.3308989574E-01   -0.1032951286E+00   -0.3778962264E+00    0.0000000000E+00    0.0000000000E+00   -0.1853945920E+00   -0.1865730964E+00
    0.4025778753E-01   -0.8030623295E+00    0.5721921440E+00    0.5169261181E+00    0.7732110120E+00    0.0000000000E+00    0.0000000000E+00   -0.2226520150E-02   -0.1203918819E+00
   -0.2347273276E-01   -0.5682466899E+00    0.7952467896E-01   -0.7476275778E-01   -0.3414907618E+00    0.0000000000E+00    0.0000000000E+00   -0.1715378432E-01   -0.2290547237E+00
    0.1259143241E-01   -0.1935394811E+00    0.1270597793E+00    0.2153497449E+00    0.4784891134E+00    0.0000000000E+00    0.0000000000E+00    0.6732570180E-02   -0.7961854089E-01
   -0.6846663733E-02   -0.1000015062E+00    0.2210343247E-01   -0.1057128352E+00   -0.3743117939E+00    0.0000000000E+00    0.0000000000E+00   -0.3475530294E-02   -0.7820447586E-01
    0.3740369397E-02   -0.8992209089E-02   -0.1285702975E-01    0.1056627993E+00    0.3928289115E+00    0.0000000000E+00    0.0000000000E+00    0.1692512899E-02   -0.2855724780E-01
   -0.2046274262E-02   -0.9477350603E-02   -0.7732670765E-03   -0.8816124394E-01   -0.3944835432E+00    0.0000000000E+00    0.0000000000E+00   -0.8141147185E-03   -0.2359468105E-01
    0.1118478730E-02    0.3392662538E-02   -0.7307639121E-01   -0.4528215981E-01    0.2330931692E+00    0.0000000000E+00    0.0000000000E+00    0.3864802967E-03   -0.9128632276E-02
   -0.6098571673E-03   -0.2060549954E-02   -0.1789230473E-01    0.1347303707E-01   -0.2306567212E+00    0.0000000000E+00    0.0000000000E+00   -0.1812626329E-03   -0.4227537124E-02
    0.3313533861E-03    0.1147067049E-02   -0.2754138334E-01   -0.7522746040E-01    0.6024019858E-01    0.0000000000E+00    0.0000000000E+00    0.8404719062E-04   -0.1454122682E-02
   -0.1792435514E-03   -0.6323610378E-03   -0.1218893689E-01   -0.1521260539E-01   -0.1917556938E+00    0.0000000000E+00    0.0000000000E+00   -0.3854354385E-04   -0.4866544124E-03
    0.9645363309E-04    0.3431885323E-03   -0.4050348665E-02    0.2256874181E-01    0.3299333914E+00    0.0000000000E+00    0.0000000000E+00    0.1748379265E-04   -0.1555099600E-05
   -0.5157969042E-04   -0.1830124581E-03    0.3678250758E-03    0.3154240196E-01   -0.9965002951E-01    0.0000000000E+00    0.0000000000E+00   -0.7842321881E-05   -0.1681736588E-04
    0.2737413755E-04    0.9573655098E-04   -0.1825369740E-03   -0.6710350918E-02   -0.3494382145E-01    0.0000000000E+00    0.0000000000E+00    0.3475672392E-05    0.7670857312E-05
   -0.1439123433E-04   -0.4904642808E-04    0.8635327772E-04    0.2540047159E-02    0.1487293564E-01    0.0000000000E+00    0.0000000000E+00   -0.1519945851E-05   -0.3285137836E-05
    0.7475383587E-05    0.2456266356E-04   -0.4040478575E-04   -0.1068616192E-02   -0.6355303464E-02    0.0000000000E+00    0.0000000000E+00    0.6545142140E-06    0.1349360204E-05
   -0.3822955931E-05   -0.1199737670E-04    0.1857582106E-04    0.4616190541E-03    0.2736451844E-02    0.0000000000E+00    0.0000000000E+00   -0.2767178893E-06   -0.5356820395E-06
    0.1915387705E-05    0.5697172719E-05   -0.8351887622E-05   -0.1993134290E-03   -0.1172721903E-02    0.0000000000E+00    0.0000000000E+00    0.1143946355E-06    0.2061850364E-06
   -0.9337739420E-06   -0.2617912930E-05    0.3654926049E-05    0.8482699796E-04    0.4952610202E-03    0.0000000000E+00    0.0000000000E+00   -0.4597792003E-07   -0.7693857222E-07
    0.4387490989E-06    0.1155752740E-05   -0.1546084717E-05   -0.3518074346E-04   -0.2040099508E-03    0.0000000000E+00    0.0000000000E+00    0.1782278134E-07    0.2773028687E-07
   -0.1960340765E-06   -0.4848381193E-06    0.6253114419E-06    0.1402736095E-04    0.8088962496E-04    0.0000000000E+00    0.0000000000E+00   -0.6586445016E-08   -0.9572234625E-08
    0.8169203096E-07    0.1899951113E-06   -0.2376685877E-06   -0.5276523565E-05   -0.3029260167E-04    0.0000000000E+00    0.0000000000E+00    0.2281101328E-08    0.3117257962E-08
   -0.3085932857E-07   -0.6773181941E-07    0.8263255089E-07    0.1820708460E-05    0.1041675106E-04    0.0000000000E+00    0.0000000000E+00   -0.7214130077E-09   -0.9341844109E-09
    0.1011807156E-07    0.2106513906E-07   -0.2518724102E-07   -0.5519108992E-06   -0.3149316963E-05    0.0000000000E+00    0.0000000000E+00    0.2000231175E-09    0.2474250542E-09
   -0.2684438265E-08   -0.5333855925E-08    0.6276865470E-08    0.1369868138E-06    0.7801191856E-06    0.0000000000E+00    0.0000000000E+00   -0.4544789819E-10   -0.5412262676E-10
    0.5075695513E-09    0.9689020082E-09   -0.1126142364E-08   -0.2450486558E-07   -0.1393433952E-06    0.0000000000E+00    0.0000000000E+00    0.7470264687E-11    0.8626132034E-11
   -0.5062836815E-10   -0.9346656339E-10    0.1076039730E-09    0.2336464191E-08    0.1327123979E-07    0.0000000000E+00    0.0000000000E+00   -0.6586861249E-12   -0.7421970278E-12
 l,ispin:           2           1
 psi n=1,noccmax(l):
   -0.3748322669E+01    0.3457586782E+00    0.1678096774E+00    0.1876801464E+00   -0.4776082785E+00    0.0000000000E+00    0.0000000000E+00   -0.3462222650E+01
    0.1441502263E+02   -0.1385065640E+01   -0.6761600333E+00   -0.7414389437E+00    0.1746096784E+01    0.0000000000E+00    0.0000000000E+00    0.1281286516E+02
   -0.3053474722E+02    0.3081967656E+01    0.1513757872E+01    0.1626693727E+01   -0.3506824316E+01    0.0000000000E+00    0.0000000000E+00   -0.2749533047E+02
    0.4444633517E+02   -0.4643347170E+01   -0.2288179911E+01   -0.2435076290E+01    0.5007736954E+01    0.0000000000E+00    0.0000000000E+00    0.4202427435E+02
   -0.4231281642E+02    0.4266238859E+01    0.2089541991E+01    0.2277802764E+01   -0.5216634587E+01    0.0000000000E+00    0.0000000000E+00   -0.4289335656E+02
    0.2204652609E+02   -0.1416512091E+01   -0.6435484827E+00   -0.8916047133E+00    0.3896849537E+01    0.0000000000E+00    0.0000000000E+00    0.2212728616E+02
   -0.3091137756E+02    0.2751276937E+01    0.1326533402E+01    0.1527866806E+01   -0.4295406599E+01    0.0000000000E+00    0.0000000000E+00   -0.1928329953E+02
    0.6939568047E+02   -0.9690360750E+01   -0.4874313189E+01   -0.4914093501E+01    0.7237675359E+01    0.0000000000E+00    0.0000000000E+00    0.5810596362E+02
   -0.8647389422E+01    0.2175906562E+01    0.1083944523E+01    0.1250025090E+01   -0.3335251574E+01    0.0000000000E+00    0.0000000000E+00   -0.1433121180E+02
   -0.1679743777E+02    0.2672240489E+01    0.1382157395E+01    0.1158644140E+01    0.6431186573E+00    0.0000000000E+00    0.0000000000E+00   -0.1711787445E+02
   -0.1756275949E+02    0.2491136487E+01    0.1250813887E+01    0.1342849018E+01   -0.2739659927E+01    0.0000000000E+00    0.0000000000E+00   -0.1476952314E+02
   -0.8182933011E+01    0.1244144917E+01    0.6416012165E+00    0.5007160345E+00    0.6841702490E+00    0.0000000000E+00    0.0000000000E+00   -0.7114588746E+01
   -0.4143628052E+01    0.4005339973E+00    0.1997505764E+00    0.2872356342E+00   -0.1218127885E+01    0.0000000000E+00    0.0000000000E+00   -0.3806644043E+01
   -0.4439757079E+00    0.1962401949E+00    0.9676629428E-01    0.1278504709E-01    0.7444405283E+00    0.0000000000E+00    0.0000000000E+00   -0.1500890940E+01
   -0.3472754311E-01   -0.1214884475E+00   -0.6546362617E-01   -0.1903042532E-02   -0.6007885702E+00    0.0000000000E+00    0.0000000000E+00   -0.6614861667E+00
    0.1477062906E-01   -0.6622582497E-01   -0.3307495279E-01   -0.8296784613E-01    0.5648763829E+00    0.0000000000E+00    0.0000000000E+00   -0.2161941294E+00
   -0.1197424767E-01   -0.2050184939E+00   -0.1171759296E+00   -0.7825663111E-01   -0.3074650599E+00    0.0000000000E+00    0.0000000000E+00   -0.8710080870E-01
    0.6022667044E-02   -0.6656241636E-01   -0.2037940630E-01   -0.4599830824E-01    0.3522067497E+00    0.0000000000E+00    0.0000000000E+00   -0.2067212982E-01
   -0.3096206569E-02   -0.7392431516E-01   -0.5550059509E-01   -0.3659109507E-01   -0.2101082628E+00    0.0000000000E+00    0.0000000000E+00   -0.9134276151E-02
    0.1533572652E-02   -0.2707709342E-01    0.1295329785E-02   -0.1066290572E-01    0.2099831433E+00    0.0000000000E+00    0.0000000000E+00   -0.1225372206E-02
   -0.7453062477E-03   -0.2373344250E-01   -0.3010728683E-01   -0.2845389223E-01   -0.1277988344E+00    0.0000000000E+00    0.0000000000E+00   -0.8023720100E-03
    0.3563968278E-03   -0.1045860474E-01    0.6263387639E-02    0.1298145820E-01    0.1061241324E+00    0.0000000000E+00    0.0000000000E+00    0.5292490290E-04
   -0.1680242671E-03   -0.4682398026E-02   -0.4491569553E-02   -0.1292207515E-01   -0.7768653212E-01    0.0000000000E+00    0.0000000000E+00   -0.6990860680E-04
    0.7819511046E-04   -0.1982662468E-02   -0.6771222161E-03    0.6656275584E-02    0.6300277095E-01    0.0000000000E+00    0.0000000000E+00    0.2200132775E-04
   -0.3594790814E-04   -0.6841100651E-03    0.2591373971E-02    0.6845477290E-02   -0.8684224204E-01    0.0000000000E+00    0.0000000000E+00   -0.9103189592E-05
    0.1632980744E-04   -0.4828149110E-04    0.3650196390E-02    0.1131310544E-01    0.4150043089E-01    0.0000000000E+00    0.0000000000E+00    0.3478165481E-05
   -0.7328697922E-05   -0.1290429059E-04    0.8702884932E-03   -0.9670666378E-02    0.1129926283E-01    0.0000000000E+00    0.0000000000E+00   -0.1297766916E-05
    0.3247209210E-05    0.6176103995E-05   -0.1548556443E-03    0.7702126785E-03   -0.1387527688E-01    0.0000000000E+00    0.0000000000E+00    0.4706790563E-06
   -0.1418642900E-05   -0.2705524287E-05    0.4760690721E-04   -0.1870729592E-03    0.4222495507E-02    0.0000000000E+00    0.0000000000E+00   -0.1659472540E-06
    0.6098912909E-06    0.1123644193E-05   -0.1645489823E-04    0.5731715827E-04   -0.1415255119E-02    0.0000000000E+00    0.0000000000E+00    0.5691782416E-07
   -0.2572812386E-06   -0.4486591183E-06    0.5888057176E-05   -0.1906713220E-04    0.4922827551E-03    0.0000000000E+00    0.0000000000E+00   -0.1900713548E-07
    0.1060729574E-06    0.1732183210E-06   -0.2118797823E-05    0.6543457385E-05   -0.1730267670E-03    0.0000000000E+00    0.0000000000E+00    0.6180803508E-08
   -0.4250276721E-07   -0.6473893964E-07    0.7554785143E-06   -0.2259711406E-05    0.6054271099E-04    0.0000000000E+00    0.0000000000E+00   -0.1954472453E-08
    0.1642142826E-07    0.2335100733E-07   -0.2638500896E-06    0.7720328281E-06   -0.2083466607E-04    0.0000000000E+00    0.0000000000E+00    0.5985934820E-09
   -0.6048047821E-08   -0.8063066003E-08    0.8908744427E-07   -0.2567134839E-06    0.6955111449E-05    0.0000000000E+00    0.0000000000E+00   -0.1761459418E-09
    0.2087661815E-08    0.2625986792E-08   -0.2856162814E-07    0.8142534710E-07   -0.2210585387E-05    0.0000000000E+00    0.0000000000E+00    0.4910698410E-10
   -0.6581553806E-09   -0.7869271948E-09    0.8464756565E-08   -0.2395063697E-07    0.6508793624E-06    0.0000000000E+00    0.0000000000E+00   -0.1266994701E-10
    0.1819591264E-09    0.2084039682E-09   -0.2224259452E-08    0.6260081481E-08   -0.1701953100E-06    0.0000000000E+00    0.0000000000E+00    0.2910648946E-11
   -0.4123869377E-10   -0.4558221543E-10    0.4838012531E-09   -0.1356538471E-08    0.3688505410E-07    0.0000000000E+00    0.0000000000E+00   -0.5574600139E-12
    0.6763720208E-11    0.7264215905E-11   -0.7679866147E-10    0.2147669567E-09   -0.5839430905E-08    0.0000000000E+00    0.0000000000E+00    0.7868192940E-13
   -0.5953158109E-12   -0.6249615880E-12    0.6588826909E-11   -0.1839111248E-10    0.4999972706E-09    0.0000000000E+00    0.0000000000E+00   -0.6074070020E-14
 l,ispin:           2           2
 psi n=1,noccmax(l):
   -0.3658673142E+01    0.5134556034E+00   -0.2239146171E+00   -0.2435050838E+00   -0.5053863982E+00    0.0000000000E+00    0.0000000000E+00   -0.3463101679E+01
    0.1405230907E+02   -0.2044086456E+01    0.8944251779E+00    0.9571739907E+00    0.1862508962E+01    0.0000000000E+00    0.0000000000E+00    0.1297295259E+02
   -0.2971880381E+02    0.4516198522E+01   -0.1983422694E+01   -0.2087659834E+01   -0.3776437362E+01    0.0000000000E+00    0.0000000000E+00   -0.2817706425E+02
    0.4321140450E+02   -0.6772009859E+01    0.2980599982E+01    0.3112453847E+01    0.5418806742E+01    0.0000000000E+00    0.0000000000E+00    0.4346344291E+02
   -0.4120572425E+02    0.6250233876E+01   -0.2741857099E+01   -0.2922046568E+01   -0.5568964504E+01    0.0000000000E+00    0.0000000000E+00   -0.4449886229E+02
    0.2176847507E+02   -0.2229337415E+01    0.9388938278E+00    0.1202555075E+01    0.3942286347E+01    0.0000000000E+00    0.0000000000E+00    0.2242757193E+02
   -0.3015157122E+02    0.4114870492E+01   -0.1788691170E+01   -0.1992076754E+01   -0.4498380693E+01    0.0000000000E+00    0.0000000000E+00   -0.1882646233E+02
    0.6640649338E+02   -0.1374598595E+02    0.6141717964E+01    0.6129088006E+01    0.8156158082E+01    0.0000000000E+00    0.0000000000E+00    0.6085857611E+02
   -0.7870856581E+01    0.3013512920E+01   -0.1356090545E+01   -0.1532597096E+01   -0.3429246157E+01    0.0000000000E+00    0.0000000000E+00   -0.1603702839E+02
   -0.1607523499E+02    0.3676015429E+01   -0.1660776075E+01   -0.1397138617E+01    0.2873241728E+00    0.0000000000E+00    0.0000000000E+00   -0.1865565284E+02
   -0.1665616048E+02    0.3591954451E+01   -0.1611172996E+01   -0.1698029838E+01   -0.2953660475E+01    0.0000000000E+00    0.0000000000E+00   -0.1557125039E+02
   -0.7816093111E+01    0.1715205742E+01   -0.7688232937E+00   -0.6050148803E+00    0.4978719838E+00    0.0000000000E+00    0.0000000000E+00   -0.7336046267E+01
   -0.3895854382E+01    0.6587928697E+00   -0.3005799142E+00   -0.3934668230E+00   -0.1243402939E+01    0.0000000000E+00    0.0000000000E+00   -0.3879475448E+01
   -0.6797816878E+00    0.1500310969E+00   -0.5664424894E-01    0.3499372380E-01    0.7315563239E+00    0.0000000000E+00    0.0000000000E+00   -0.1492891112E+01
   -0.1853945920E+00   -0.1865730964E+00    0.8193080434E-01    0.1005501914E-01   -0.5462552315E+00    0.0000000000E+00    0.0000000000E+00   -0.6511447250E+00
   -0.2226520150E-02   -0.1203918819E+00    0.6016029642E-01    0.1156199059E+00    0.5590325056E+00    0.0000000000E+00    0.0000000000E+00   -0.2053875754E+00
   -0.1715378432E-01   -0.2290547237E+00    0.1135072059E+00    0.6930359746E-01   -0.2872435308E+00    0.0000000000E+00    0.0000000000E+00   -0.8162610404E-01
    0.6732570180E-02   -0.7961854089E-01    0.2551132313E-01    0.5572547442E-01    0.3384530967E+00    0.0000000000E+00    0.0000000000E+00   -0.1812511859E-01
   -0.3475530294E-02   -0.7820447586E-01    0.5158572356E-01    0.2858957958E-01   -0.2001335757E+00    0.0000000000E+00    0.0000000000E+00   -0.8054991613E-02
    0.1692512899E-02   -0.2855724780E-01   -0.6637586230E-03    0.1501547959E-01    0.2003650593E+00    0.0000000000E+00    0.0000000000E+00   -0.8277109270E-03
   -0.8141147185E-03   -0.2359468105E-01    0.2764289489E-01    0.2235285665E-01   -0.1240378841E+00    0.0000000000E+00    0.0000000000E+00   -0.6676055022E-03
    0.3864802967E-03   -0.9128632276E-02   -0.7606843165E-02   -0.1198662030E-01    0.9933813224E-01    0.0000000000E+00    0.0000000000E+00    0.8206125977E-04
   -0.1812626329E-03   -0.4227537124E-02    0.3779138490E-02    0.1058149569E-01   -0.7423405560E-01    0.0000000000E+00    0.0000000000E+00   -0.6302238251E-04
    0.8404719062E-04   -0.1454122682E-02   -0.2132902449E-03   -0.7223236277E-02    0.5638885465E-01    0.0000000000E+00    0.0000000000E+00    0.2222037665E-04
   -0.3854354385E-04   -0.4866544124E-03   -0.2955038215E-02   -0.7769073938E-02   -0.8243328875E-01    0.0000000000E+00    0.0000000000E+00   -0.8904898166E-05
    0.1748379265E-04   -0.1555099600E-05   -0.3439659348E-02   -0.9117769627E-02    0.4429690570E-01    0.0000000000E+00    0.0000000000E+00    0.3410065650E-05
   -0.7842321881E-05   -0.1681736588E-04   -0.7131672802E-03    0.9087687903E-02    0.7507271388E-02    0.0000000000E+00    0.0000000000E+00   -0.1272947166E-05
    0.3475672392E-05    0.7670857312E-05    0.1268708630E-03   -0.8278602575E-03   -0.1231361109E-01    0.0000000000E+00    0.0000000000E+00    0.4623438155E-06
   -0.1519945851E-05   -0.3285137836E-05   -0.3900046999E-04    0.2117041612E-03    0.3789850793E-02    0.0000000000E+00    0.0000000000E+00   -0.1633797239E-06
    0.6545142140E-06    0.1349360204E-05    0.1348875749E-04   -0.6666187641E-04   -0.1276557657E-02    0.0000000000E+00    0.0000000000E+00    0.5619766036E-07
   -0.2767178893E-06   -0.5356820395E-06   -0.4830265892E-05    0.2254209388E-04    0.4452819892E-03    0.0000000000E+00    0.0000000000E+00   -0.1882586290E-07
    0.1143946355E-06    0.2061850364E-06    0.1739316104E-05   -0.7816647875E-05   -0.1567831751E-03    0.0000000000E+00    0.0000000000E+00    0.6141292819E-08
   -0.4597792003E-07   -0.7693857222E-07   -0.6205124497E-06    0.2717698431E-05    0.5492351146E-04    0.0000000000E+00    0.0000000000E+00   -0.1947777173E-08
    0.1782278134E-07    0.2773028687E-07    0.2168079642E-06   -0.9326728803E-06   -0.1891617324E-04    0.0000000000E+00    0.0000000000E+00    0.5981337436E-09
   -0.6586445016E-08   -0.9572234625E-08   -0.7322865994E-07    0.3110609103E-06    0.6318227386E-05    0.0000000000E+00    0.0000000000E+00   -0.1764132736E-09
    0.2281101328E-08    0.3117257962E-08    0.2348329983E-07   -0.9886339499E-07   -0.2008956495E-05    0.0000000000E+00    0.0000000000E+00    0.4927498876E-10
   -0.7214130077E-09   -0.9341844109E-09   -0.6961047665E-08    0.2911983365E-07    0.5916781026E-06    0.0000000000E+00    0.0000000000E+00   -0.1273286644E-10
    0.2000231175E-09    0.2474250542E-09    0.1829398178E-08   -0.7618283653E-08   -0.1547458366E-06    0.0000000000E+00    0.0000000000E+00    0.2928676794E-11
   -0.4544789819E-10   -0.5412262676E-10   -0.3979570749E-09    0.1651907453E-08    0.3354155494E-07    0.0000000000E+00    0.0000000000E+00   -0.5614473377E-12
    0.7470264687E-11    0.8626132034E-11    0.6317672593E-10   -0.2616435647E-09   -0.5310640856E-08    0.0000000000E+00    0.0000000000E+00    0.7930278473E-13
   -0.6586861249E-12   -0.7421970278E-12   -0.5420466325E-11    0.2241197449E-10    0.4547524758E-09    0.0000000000E+00    0.0000000000E+00   -0.6125405246E-14
 l,ispin:           3           1
 psi n=1,noccmax(l):
   -0.3462222650E+01   -0.2234741697E+00   -0.7066692699E-01   -0.1046102632E+01    0.2646223161E+01    0.0000000000E+00    0.0000000000E+00
    0.1281286516E+02    0.7783833726E+00    0.4330789815E+00    0.2590294699E+01   -0.7571504664E+01    0.0000000000E+00    0.0000000000E+00
   -0.2749533047E+02   -0.1582070949E+01   -0.1247340927E+01   -0.3197185891E+01    0.1216147887E+02    0.0000000000E+00    0.0000000000E+00
    0.4202427435E+02    0.2332797788E+01    0.2219168171E+01    0.2575341496E+01   -0.1459532817E+02    0.0000000000E+00    0.0000000000E+00
   -0.4289335656E+02   -0.2358081196E+01   -0.2337929617E+01   -0.2068770183E+01    0.1391661368E+02    0.0000000000E+00    0.0000000000E+00
    0.2212728616E+02    0.1270222048E+01    0.9423459096E+00    0.2890397184E+01   -0.1024693649E+02    0.0000000000E+00    0.0000000000E+00
   -0.1928329953E+02   -0.1085189221E+01   -0.8782526097E+00   -0.2054142111E+01    0.8098926072E+01    0.0000000000E+00    0.0000000000E+00
    0.5810596362E+02    0.3042421304E+01    0.3908938331E+01   -0.2327839967E+01   -0.1022225448E+02    0.0000000000E+00    0.0000000000E+00
   -0.1433121180E+02   -0.8213368575E+00   -0.8371184141E+00   -0.6216297139E+00    0.4759046003E+01    0.0000000000E+00    0.0000000000E+00
   -0.1711787445E+02   -0.8193660413E+00   -0.1441524228E+01    0.2817607202E+01   -0.6680282827E+00    0.0000000000E+00    0.0000000000E+00
   -0.1476952314E+02   -0.7826557163E+00   -0.9633347833E+00    0.3583342101E+00    0.3010807482E+01    0.0000000000E+00    0.0000000000E+00
   -0.7114588746E+01   -0.3418328934E+00   -0.6150890924E+00    0.1251009519E+01   -0.3927349226E+00    0.0000000000E+00    0.0000000000E+00
   -0.3806644043E+01   -0.2028005986E+00   -0.2133239079E+00   -0.1086229029E+00    0.1087753878E+01    0.0000000000E+00    0.0000000000E+00
   -0.1500890940E+01   -0.7027492522E-01   -0.1569601763E+00    0.4274864345E+00   -0.3427665366E+00    0.0000000000E+00    0.0000000000E+00
   -0.6614861667E+00   -0.3126722961E-01   -0.6696063136E-02   -0.1582886712E+00    0.3742833657E+00    0.0000000000E+00    0.0000000000E+00
   -0.2161941294E+00   -0.9487147207E-02   -0.3943805835E-01    0.1581500778E+00   -0.1963179572E+00    0.0000000000E+00    0.0000000000E+00
   -0.8710080870E-01   -0.1589903449E-02    0.1661542825E-01   -0.9719996755E-01    0.1409678449E+00    0.0000000000E+00    0.0000000000E+00
   -0.2067212982E-01    0.1771138190E-02   -0.9656483853E-02    0.6358234268E-01   -0.9812866653E-01    0.0000000000E+00    0.0000000000E+00
   -0.9134276151E-02   -0.6793303085E-03    0.8325099955E-02   -0.4684593390E-01    0.6039792182E-01    0.0000000000E+00    0.0000000000E+00
   -0.1225372206E-02    0.2443100267E-02   -0.2607958324E-02    0.2870117677E-01   -0.4376111536E-01    0.0000000000E+00    0.0000000000E+00
   -0.8023720100E-03   -0.1116441631E-02    0.2976195152E-02   -0.2248292924E-01    0.2409770779E-01    0.0000000000E+00    0.0000000000E+00
    0.5292490290E-04    0.2241868863E-02    0.1295812492E-02    0.1110211712E-01   -0.2063055029E-01    0.0000000000E+00    0.0000000000E+00
   -0.6990860680E-04   -0.1151376495E-03    0.5902040487E-03   -0.9460011846E-02    0.1084234430E-01    0.0000000000E+00    0.0000000000E+00
    0.2200132775E-04    0.4700150613E-03    0.9638503721E-03    0.3943969690E-02   -0.1123271138E-01    0.0000000000E+00    0.0000000000E+00
   -0.9103189592E-05    0.4143094424E-03    0.1124463074E-02   -0.6259203012E-02    0.1104209889E-02    0.0000000000E+00    0.0000000000E+00
    0.3478165481E-05    0.3777585607E-03    0.2884166906E-03    0.4860078049E-02    0.9175361070E-02    0.0000000000E+00    0.0000000000E+00
   -0.1297766916E-05    0.5482523136E-04   -0.6476348358E-03   -0.6836604704E-03   -0.7618367418E-02    0.0000000000E+00    0.0000000000E+00
    0.4706790563E-06   -0.7446083025E-05    0.6595401559E-04   -0.3688093902E-03    0.2688582292E-02    0.0000000000E+00    0.0000000000E+00
   -0.1659472540E-06    0.1812467741E-05   -0.1534276638E-04    0.1019524920E-03   -0.5666969731E-03    0.0000000000E+00    0.0000000000E+00
    0.5691782416E-07   -0.5065807795E-06    0.4201904235E-05   -0.2946841217E-04    0.1448699332E-03    0.0000000000E+00    0.0000000000E+00
   -0.1900713548E-07    0.1484577267E-06   -0.1215021055E-05    0.8712112907E-05   -0.3996286882E-04    0.0000000000E+00    0.0000000000E+00
    0.6180803508E-08   -0.4414104767E-07    0.3576682467E-06   -0.2589571212E-05    0.1137732379E-04    0.0000000000E+00    0.0000000000E+00
   -0.1954472453E-08    0.1309597906E-07   -0.1052995631E-06    0.7654613478E-06   -0.3269522480E-05    0.0000000000E+00    0.0000000000E+00
    0.5985934820E-09   -0.3829562847E-08    0.3060911833E-07   -0.2228079441E-06    0.9337908052E-06    0.0000000000E+00    0.0000000000E+00
   -0.1761459418E-09    0.1089400198E-08   -0.8667723323E-08    0.6309900225E-07   -0.2610407408E-06    0.0000000000E+00    0.0000000000E+00
    0.4910698410E-10   -0.2962568584E-09    0.2348972400E-08   -0.1709216478E-07    0.7008045001E-07    0.0000000000E+00    0.0000000000E+00
   -0.1266994701E-10    0.7505555327E-10   -0.5935478660E-09    0.4316141410E-08   -0.1758730983E-07    0.0000000000E+00    0.0000000000E+00
    0.2910648946E-11   -0.1701367887E-10    0.1342830048E-09   -0.9758340030E-09    0.3959153798E-08    0.0000000000E+00    0.0000000000E+00
   -0.5574600139E-12    0.3226889102E-11   -0.2543169449E-10    0.1847025729E-09   -0.7471175430E-09    0.0000000000E+00    0.0000000000E+00
    0.7868192940E-13   -0.4522276946E-12    0.3560262563E-11   -0.2584415001E-10    0.1043186300E-09    0.0000000000E+00    0.0000000000E+00
   -0.6074070020E-14    0.3473110619E-13   -0.2732127622E-12    0.1982462303E-11   -0.7990295580E-11    0.0000000000E+00    0.0000000000E+00
 l,ispin:           3           2
 psi n=1,noccmax(l):
   -0.3463101679E+01    0.2024223969E+00    0.4500524340E-01    0.1051966019E+01   -0.2662110347E+01    0.0000000000E+00    0.0000000000E+00
    0.1297295259E+02   -0.7076501692E+00   -0.3487834027E+00   -0.2618751096E+01    0.7604688253E+01    0.0000000000E+00    0.0000000000E+00
   -0.2817706425E+02    0.1445725877E+01    0.1089420840E+01    0.3266726136E+01   -0.1218999015E+02    0.0000000000E+00    0.0000000000E+00
    0.4346344291E+02   -0.2142469343E+01   -0.2004661613E+01   -0.2684671711E+01    0.1460303874E+02    0.0000000000E+00    0.0000000000E+00
   -0.4449886229E+02    0.2169810917E+01    0.2127855500E+01    0.2178389093E+01   -0.1391874456E+02    0.0000000000E+00    0.0000000000E+00
    0.2242757193E+02   -0.1148653075E+01   -0.7975073499E+00   -0.2963292007E+01    0.1025481550E+02    0.0000000000E+00    0.0000000000E+00
   -0.1882646233E+02    0.9477710358E+00    0.7054484160E+00    0.2180231154E+01   -0.8029100454E+01    0.0000000000E+00    0.0000000000E+00
    0.6085857611E+02   -0.2816602973E+01   -0.3668509425E+01    0.2155966327E+01    0.1012863143E+02    0.0000000000E+00    0.0000000000E+00
   -0.1603702839E+02    0.8119380939E+00    0.8467030925E+00    0.5627427588E+00   -0.4867418530E+01    0.0000000000E+00    0.0000000000E+00
   -0.1865565284E+02    0.7848768176E+00    0.1418091466E+01   -0.2790897000E+01    0.6990376927E+00    0.0000000000E+00    0.0000000000E+00
   -0.1557125039E+02    0.7301696104E+00    0.9096207799E+00   -0.3271939031E+00   -0.3004623091E+01    0.0000000000E+00    0.0000000000E+00
   -0.7336046267E+01    0.3092922870E+00    0.5784166060E+00   -0.1206782377E+01    0.4437849211E+00    0.0000000000E+00    0.0000000000E+00
   -0.3879475448E+01    0.1831595331E+00    0.1903952058E+00    0.1245832108E+00   -0.1080000038E+01    0.0000000000E+00    0.0000000000E+00
   -0.1492891112E+01    0.6083871234E-01    0.1453577449E+00   -0.4110902172E+00    0.3638245595E+00    0.0000000000E+00    0.0000000000E+00
   -0.6511447250E+00    0.2652433014E-01    0.6787383638E-03    0.1616705688E+00   -0.3740031051E+00    0.0000000000E+00    0.0000000000E+00
   -0.2053875754E+00    0.7616066051E-02    0.3697460912E-01   -0.1534088397E+00    0.2034341493E+00    0.0000000000E+00    0.0000000000E+00
   -0.8162610404E-01    0.5965985237E-03   -0.1800320394E-01    0.9741443527E-01   -0.1421309184E+00    0.0000000000E+00    0.0000000000E+00
   -0.1812511859E-01   -0.2058146930E-02    0.9253097753E-02   -0.6218314708E-01    0.1006363980E+00    0.0000000000E+00    0.0000000000E+00
   -0.8054991613E-02    0.4927518628E-03   -0.8619003095E-02    0.4657840574E-01   -0.6135060355E-01    0.0000000000E+00    0.0000000000E+00
   -0.8277109270E-03   -0.2486315939E-02    0.2550711635E-02   -0.2820553896E-01    0.4480151678E-01    0.0000000000E+00    0.0000000000E+00
   -0.6676055022E-03    0.1072977726E-02   -0.3067355807E-02    0.2232602731E-01   -0.2460317780E-01    0.0000000000E+00    0.0000000000E+00
    0.8206125977E-04   -0.2249942932E-02   -0.1294443649E-02   -0.1092933428E-01    0.2105995644E-01    0.0000000000E+00    0.0000000000E+00
   -0.6302238251E-04    0.1076602433E-03   -0.6119986664E-03    0.9370158768E-02   -0.1112069111E-01    0.0000000000E+00    0.0000000000E+00
    0.2222037665E-04   -0.4726393524E-03   -0.9649346409E-03   -0.3862272367E-02    0.1146670911E-01    0.0000000000E+00    0.0000000000E+00
   -0.8904898166E-05   -0.4149877561E-03   -0.1121199438E-02    0.6164480194E-02   -0.1456864599E-02    0.0000000000E+00    0.0000000000E+00
    0.3410065650E-05   -0.3763335220E-03   -0.2756044565E-03   -0.4841171939E-02   -0.8909794660E-02    0.0000000000E+00    0.0000000000E+00
   -0.1272947166E-05   -0.5437983509E-04    0.6425868736E-03    0.6990358463E-03    0.7519335003E-02    0.0000000000E+00    0.0000000000E+00
    0.4623438155E-06    0.7384319461E-05   -0.6571594871E-04    0.3606125682E-03   -0.2669593782E-02    0.0000000000E+00    0.0000000000E+00
   -0.1633797239E-06   -0.1797324942E-05    0.1530292892E-04   -0.9988628505E-04    0.5645518384E-03    0.0000000000E+00    0.0000000000E+00
    0.5619766036E-07    0.5023471998E-06   -0.4192912322E-05    0.2889252018E-04   -0.1445652511E-03    0.0000000000E+00    0.0000000000E+00
   -0.1882586290E-07   -0.1472191378E-06    0.1212734286E-05   -0.8545177533E-05    0.3991790316E-04    0.0000000000E+00    0.0000000000E+00
    0.6141292819E-08    0.4377352935E-07   -0.3570528549E-06    0.2540550544E-05   -0.1137143156E-04    0.0000000000E+00    0.0000000000E+00
   -0.1947777173E-08   -0.1298714525E-07    0.1051296089E-06   -0.7510859613E-06    0.3269109707E-05    0.0000000000E+00    0.0000000000E+00
    0.5981337436E-09    0.3797786421E-08   -0.3056192739E-07    0.2186460580E-06   -0.9339141532E-06    0.0000000000E+00    0.0000000000E+00
   -0.1764132736E-09   -0.1080371701E-08    0.8654791580E-08   -0.6192471506E-07    0.2611203317E-06    0.0000000000E+00    0.0000000000E+00
    0.4927498876E-10    0.2938038912E-09   -0.2345549133E-08    0.1677489244E-07   -0.7010999040E-07    0.0000000000E+00    0.0000000000E+00
   -0.1273286644E-10   -0.7443453959E-10    0.5926972049E-09   -0.4236167031E-08    0.1759611570E-07    0.0000000000E+00    0.0000000000E+00
    0.2928676794E-11    0.1687298040E-10   -0.1340928269E-09    0.9577753782E-09   -0.3961349820E-08    0.0000000000E+00    0.0000000000E+00
   -0.5614473377E-12   -0.3200213922E-11    0.2539597932E-10   -0.1812875157E-09    0.7475595253E-09    0.0000000000E+00    0.0000000000E+00
    0.7930278473E-13    0.4484904004E-12   -0.3555292445E-11    0.2536660143E-10   -0.1043829839E-09    0.0000000000E+00    0.0000000000E+00
   -0.6125405246E-14   -0.3444414126E-13    0.2728329652E-12   -0.1945846342E-11    0.7995363836E-11    0.0000000000E+00    0.0000000000E+00
