   40             4.00000 ng, rij 
     0.800     8.000                                       rcov,rprb 
 r                           (non)relativistic calculation
 PBE                         XC-functional
  1.000  1.000    0.2000000000   -0.4047986366E+01    0.6696651714E+00    0.0000000000E+00    0.0000000000E+00  znuc,zion,rloc,gpot()
  -1                                                       lpx, (Projectors for l=0..lpx)
 ---------------------------------------------
 Additional information (last calculation):
 gaussian exponents:
 xp():   141.42135623730948        100.00000000000000        70.710678118654755        50.000000000000028        35.355339059327392        25.000000000000007        17.677669529663703        12.500000000000009        8.8388347648318515        6.2500000000000071        4.4194173824159275        3.1250000000000036        2.2097086912079633        1.5625000000000018        1.1048543456039821       0.78125000000000122       0.55242717280199116       0.39062500000000083       0.27621358640099575       0.19531250000000042       0.13810679320049787        9.7656250000000236E-002   6.9053396600248951E-002   4.8828125000000125E-002   3.4526698300124482E-002   2.4414062500000066E-002   1.7263349150062245E-002   1.2207031250000036E-002   8.6316745750311223E-003   6.1035156250000191E-003   4.3158372875155638E-003   3.0517578125000104E-003   2.1579186437577823E-003   1.5258789062500054E-003   1.0789593218788914E-003   7.6293945312500293E-004   5.3947966093944580E-004   3.8146972656250152E-004   2.6973983046972290E-004   1.9073486328125081E-004
 orbital coefficients (one orbital per column)
 l,ispin:           0           1
 psi n=1,noccmax(l):
    0.1416458309E-04    0.1831619074E-03    0.2144955909E-03   -0.6911823375E-03
   -0.5932121666E-04   -0.1028091110E-02   -0.1213993200E-02    0.3894770460E-02
    0.3313266123E-03    0.3088832315E-02    0.3568207957E-02   -0.1157866215E-01
   -0.2810536449E-03   -0.6414273344E-02   -0.7612931965E-02    0.2435334387E-01
    0.1583930041E-02    0.1125160601E-01    0.1278788461E-01   -0.4184012320E-01
   -0.1277842383E-02   -0.1648621286E-01   -0.1923452731E-01    0.6205384756E-01
    0.5283422750E-03    0.2207399273E-01    0.2628318790E-01   -0.8386910231E-01
   -0.2378918013E-01   -0.3417903712E-01   -0.2859563369E-01    0.1112749398E+00
   -0.1020610882E+00    0.7884120760E-02    0.6136818022E-01   -0.1095531208E+00
   -0.5847043931E-01   -0.5464538842E-01   -0.3687529953E-01    0.1636337798E+00
   -0.7711077276E-01    0.2617490635E-01    0.7185662202E-01   -0.1607061896E+00
   -0.8520205166E-01   -0.7479474682E-01   -0.4661938244E-01    0.2171749256E+00
   -0.1026538198E+00    0.3291457431E-01    0.9354527670E-01   -0.2050551602E+00
   -0.1133855111E+00   -0.9730082617E-01   -0.5766737585E-01    0.2754033034E+00
   -0.1315137829E+00    0.4040498983E-01    0.1192271607E+00   -0.2534304942E+00
   -0.1384570841E+00   -0.1228522309E+00   -0.7229173107E-01    0.3403680016E+00
   -0.1444065185E+00    0.5594330671E-01    0.1465794319E+00   -0.3125252831E+00
   -0.1505085516E+00   -0.1541411631E+00   -0.9207246558E-01    0.4156800423E+00
   -0.1610182699E+00    0.6610944483E-01    0.1926060982E+00   -0.3696488441E+00
   -0.1225504404E+00   -0.1610382103E+00   -0.1514315611E+00    0.4684685324E+00
   -0.1043420656E+00    0.1113654779E+00    0.2325920980E+00   -0.4508408682E+00
   -0.8385175793E-01   -0.2247310010E+00   -0.1761360401E+00    0.5839861102E+00
   -0.5797130266E-01    0.1625474420E+00    0.2662382857E+00   -0.5687263483E+00
   -0.3107435967E-01   -0.2300572959E+00   -0.2185429390E+00    0.7084730457E+00
   -0.1350943715E-01    0.2035879239E+00    0.2044307284E+00   -0.8266654929E+00
   -0.3650513492E-02   -0.1661380339E+00   -0.1373580260E+00    0.1039314766E+01
   -0.9314582497E-03    0.1354464906E+00    0.3022692880E-01   -0.1358723813E+01
    0.9136576465E-04   -0.6190894943E-01    0.3842396525E-01    0.1868111732E+01
   -0.9707337163E-04    0.5857546313E-01   -0.1268256311E+00   -0.2909776650E+01
    0.6020138808E-04    0.1879533201E-01   -0.2719356759E+00    0.2241467196E+01
   -0.3654540487E-04    0.2288367377E-01    0.3483477538E+00   -0.2066969006E+00
    0.2146508214E-04   -0.1109826377E-01   -0.8722565003E-01   -0.4881788455E+00
   -0.1212602391E-04    0.5791724082E-02    0.3516099952E-01    0.2442951693E+00
    0.6531115719E-05   -0.2951387248E-02   -0.1562442548E-01   -0.1162087719E+00
   -0.3311983130E-05    0.1430651013E-02    0.6973062718E-02    0.5333087734E-01
    0.1552429382E-05   -0.6454247189E-03   -0.2982092708E-02   -0.2309301653E-01
   -0.6541577592E-06    0.2632931456E-03    0.1173483599E-02    0.9137839379E-02
    0.2373347681E-06   -0.9297454825E-04   -0.4042107282E-03   -0.3154684221E-02
   -0.6910291212E-07    0.2647696496E-04    0.1131233514E-03    0.8834792225E-03
    0.1421259933E-07   -0.5349418849E-05   -0.2257616325E-04   -0.1763082378E-03
   -0.1527370210E-08    0.5668579109E-06    0.2371519162E-05    0.1851383690E-04
 l,ispin:           1           1
 psi n=1,noccmax(l):
    0.8787332492E-04   -0.3593959675E-03    0.1870491343E-02   -0.2627681134E-01
   -0.3863250389E-03    0.1584793383E-02   -0.8247517131E-02    0.1158578630E+00
    0.9120588114E-03   -0.3717298232E-02    0.1937551736E-01   -0.2722908691E+00
   -0.1528284601E-02    0.6305120266E-02   -0.3282969498E-01    0.4612211152E+00
    0.2147406495E-02   -0.8703605260E-02    0.4549601112E-01   -0.6398300997E+00
   -0.2577043769E-02    0.1061975789E-01   -0.5546811859E-01    0.7798535405E+00
    0.2812258116E-02   -0.1189989250E-01    0.6206598535E-01   -0.8721976507E+00
   -0.3459163193E-02    0.1200958562E-01   -0.6493149130E-01    0.9212509760E+00
   -0.1248886676E-02   -0.1672776935E-01    0.7073521303E-01   -0.9298306955E+00
   -0.3914477667E-02    0.1136661862E-01   -0.6443609709E-01    0.9246622911E+00
    0.9450446579E-03   -0.1360412222E-01    0.6529017148E-01   -0.8943601683E+00
   -0.4107234054E-02    0.9618383501E-02   -0.5897407598E-01    0.8611033498E+00
   -0.3302658942E-03   -0.1287061644E-01    0.6007193614E-01   -0.8142196684E+00
   -0.4027743788E-02    0.7361937608E-02   -0.5172970242E-01    0.7749904572E+00
   -0.2121409695E-02   -0.1195397387E-01    0.5416091506E-01   -0.7239547909E+00
   -0.3773469924E-02    0.4534315939E-02   -0.4385830373E-01    0.6875829401E+00
   -0.4057058592E-02   -0.1028522357E-01    0.4775887195E-01   -0.6378315140E+00
   -0.1775072108E-02    0.2259269451E-02   -0.3710242935E-01    0.6059560880E+00
   -0.8520036403E-02   -0.9881057498E-02    0.4372010308E-01   -0.5576634467E+00
   -0.3117666623E-02   -0.4889850815E-02   -0.2635998332E-01    0.5378669616E+00
   -0.6728691646E-02   -0.3697141287E-03    0.3025447846E-01   -0.4982539602E+00
    0.3176901581E-02   -0.8485450682E-02   -0.1870044223E-01    0.4785886500E+00
   -0.1407982545E-01    0.1704927447E-02    0.2562587826E-01   -0.4402702548E+00
    0.5067612897E-02   -0.1524105985E-01   -0.8477024515E-02    0.4341940570E+00
   -0.1698675897E-01    0.3217290103E-02    0.2062605201E-01   -0.3995683651E+00
    0.5930242471E-02   -0.1071516510E-01   -0.1018428891E-01    0.3985614775E+00
   -0.1080834414E-01   -0.2787989935E-02    0.2640680037E-01   -0.3731874705E+00
    0.1844932096E-02    0.4366065688E-03   -0.2531836388E-01    0.3865437633E+00
   -0.4520285129E-02   -0.1403136490E-01    0.7713125247E-01   -0.2654964491E+00
   -0.1613176202E-02    0.1522296803E-02   -0.1037589758E+00   -0.2016003337E-01
   -0.8232863666E-03    0.1056380336E-01    0.4126340183E-01    0.1561271034E+00
    0.3564894080E-03   -0.2657811995E-02   -0.1235249588E-02   -0.1006707043E+00
   -0.1618934797E-03    0.9634025328E-03   -0.3196057674E-03    0.3646427329E-01
    0.7113269138E-04   -0.3747191339E-03    0.2439223272E-03   -0.1373881447E-01
   -0.2965748519E-04    0.1451011237E-03   -0.1172511886E-03    0.5161587439E-02
    0.1152875459E-04   -0.5377809832E-04    0.4807665059E-04   -0.1866098695E-02
   -0.4072862401E-05    0.1840179324E-04   -0.1737040959E-04    0.6261976261E-03
    0.1255228781E-05   -0.5548796573E-05    0.5405501121E-05   -0.1860054456E-03
   -0.3151626714E-06    0.1372250691E-05   -0.1362565373E-05    0.4547873468E-04
    0.5682750213E-07   -0.2448263235E-06    0.2460047229E-06   -0.8044773565E-05
   -0.5447960017E-08    0.2329705843E-07   -0.2358661108E-07    0.7606550833E-06
 l,ispin:           1           2
 psi n=1,noccmax(l):
    0.8787332492E-04   -0.3593959675E-03    0.1870491343E-02   -0.2627681134E-01
   -0.3863250389E-03    0.1584793383E-02   -0.8247517131E-02    0.1158578630E+00
    0.9120588114E-03   -0.3717298232E-02    0.1937551736E-01   -0.2722908691E+00
   -0.1528284601E-02    0.6305120266E-02   -0.3282969498E-01    0.4612211152E+00
    0.2147406495E-02   -0.8703605260E-02    0.4549601112E-01   -0.6398300997E+00
   -0.2577043769E-02    0.1061975789E-01   -0.5546811859E-01    0.7798535405E+00
    0.2812258116E-02   -0.1189989250E-01    0.6206598535E-01   -0.8721976507E+00
   -0.3459163193E-02    0.1200958562E-01   -0.6493149130E-01    0.9212509760E+00
   -0.1248886676E-02   -0.1672776935E-01    0.7073521303E-01   -0.9298306955E+00
   -0.3914477667E-02    0.1136661862E-01   -0.6443609709E-01    0.9246622911E+00
    0.9450446579E-03   -0.1360412222E-01    0.6529017148E-01   -0.8943601683E+00
   -0.4107234054E-02    0.9618383501E-02   -0.5897407598E-01    0.8611033498E+00
   -0.3302658942E-03   -0.1287061644E-01    0.6007193614E-01   -0.8142196684E+00
   -0.4027743788E-02    0.7361937608E-02   -0.5172970242E-01    0.7749904572E+00
   -0.2121409695E-02   -0.1195397387E-01    0.5416091506E-01   -0.7239547909E+00
   -0.3773469924E-02    0.4534315939E-02   -0.4385830373E-01    0.6875829401E+00
   -0.4057058592E-02   -0.1028522357E-01    0.4775887195E-01   -0.6378315140E+00
   -0.1775072108E-02    0.2259269451E-02   -0.3710242935E-01    0.6059560880E+00
   -0.8520036403E-02   -0.9881057498E-02    0.4372010308E-01   -0.5576634467E+00
   -0.3117666623E-02   -0.4889850815E-02   -0.2635998332E-01    0.5378669616E+00
   -0.6728691646E-02   -0.3697141287E-03    0.3025447846E-01   -0.4982539602E+00
    0.3176901581E-02   -0.8485450682E-02   -0.1870044223E-01    0.4785886500E+00
   -0.1407982545E-01    0.1704927447E-02    0.2562587826E-01   -0.4402702548E+00
    0.5067612897E-02   -0.1524105985E-01   -0.8477024515E-02    0.4341940570E+00
   -0.1698675897E-01    0.3217290103E-02    0.2062605201E-01   -0.3995683651E+00
    0.5930242471E-02   -0.1071516510E-01   -0.1018428891E-01    0.3985614775E+00
   -0.1080834414E-01   -0.2787989935E-02    0.2640680037E-01   -0.3731874705E+00
    0.1844932096E-02    0.4366065688E-03   -0.2531836388E-01    0.3865437633E+00
   -0.4520285129E-02   -0.1403136490E-01    0.7713125247E-01   -0.2654964491E+00
   -0.1613176202E-02    0.1522296803E-02   -0.1037589758E+00   -0.2016003337E-01
   -0.8232863666E-03    0.1056380336E-01    0.4126340183E-01    0.1561271034E+00
    0.3564894080E-03   -0.2657811995E-02   -0.1235249588E-02   -0.1006707043E+00
   -0.1618934797E-03    0.9634025328E-03   -0.3196057674E-03    0.3646427329E-01
    0.7113269138E-04   -0.3747191339E-03    0.2439223272E-03   -0.1373881447E-01
   -0.2965748519E-04    0.1451011237E-03   -0.1172511886E-03    0.5161587439E-02
    0.1152875459E-04   -0.5377809832E-04    0.4807665059E-04   -0.1866098695E-02
   -0.4072862401E-05    0.1840179324E-04   -0.1737040959E-04    0.6261976261E-03
    0.1255228781E-05   -0.5548796573E-05    0.5405501121E-05   -0.1860054456E-03
   -0.3151626714E-06    0.1372250691E-05   -0.1362565373E-05    0.4547873468E-04
    0.5682750213E-07   -0.2448263235E-06    0.2460047229E-06   -0.8044773565E-05
   -0.5447960017E-08    0.2329705843E-07   -0.2358661108E-07    0.7606550833E-06
 l,ispin:           2           1
 psi n=1,noccmax(l):
    0.1125346689E-01   -0.7706695762E-02   -0.6425381170E-01    0.2580617078E+00    0.0000000000E+00
   -0.3897913667E-01    0.2669566378E-01    0.2225708936E+00   -0.8939164374E+00    0.0000000000E+00
    0.7296034871E-01   -0.4997242554E-01   -0.4166350384E+00    0.1673364199E+01    0.0000000000E+00
   -0.9964884854E-01    0.6826156335E-01    0.5691050882E+00   -0.2285780058E+01    0.0000000000E+00
    0.1126380048E+00   -0.7717200610E-01   -0.6433878531E+00    0.2584210880E+01    0.0000000000E+00
   -0.1128546535E+00    0.7734298580E-01    0.6447853708E+00   -0.2589914662E+01    0.0000000000E+00
    0.1044842849E+00   -0.7163830876E-01   -0.5971822501E+00    0.2398819984E+01    0.0000000000E+00
   -0.9180199537E-01    0.6295626106E-01    0.5248872080E+00   -0.2108706349E+01    0.0000000000E+00
    0.7774028850E-01   -0.5366730782E-01   -0.4458483180E+00    0.1789739294E+01    0.0000000000E+00
   -0.6449162506E-01    0.4433526517E-01    0.3694647363E+00   -0.1484626785E+01    0.0000000000E+00
    0.5252419226E-01   -0.3626851558E-01   -0.3016987327E+00    0.1212102053E+01    0.0000000000E+00
   -0.4238299933E-01    0.2921466319E-01    0.2435833683E+00   -0.9796300596E+00    0.0000000000E+00
    0.3380107840E-01   -0.2358987566E-01   -0.1955909074E+00    0.7859438644E+00    0.0000000000E+00
   -0.2693139787E-01    0.1870802981E-01    0.1559678522E+00   -0.6282016211E+00    0.0000000000E+00
    0.2116056518E-01   -0.1511647978E-01   -0.1244356144E+00    0.5001686930E+00    0.0000000000E+00
   -0.1673498787E-01    0.1183083878E-01    0.9857150135E-01   -0.3982534780E+00    0.0000000000E+00
    0.1290650957E-01   -0.9680536516E-02   -0.7857478345E-01    0.3161484703E+00    0.0000000000E+00
   -0.1006312046E-01    0.7544648492E-02    0.6205761858E-01   -0.2516546107E+00    0.0000000000E+00
    0.7464109330E-02   -0.6387292956E-02   -0.4969100917E-01    0.1995431809E+00    0.0000000000E+00
   -0.5871942892E-02    0.4531383795E-02    0.3853734833E-01   -0.1600042239E+00    0.0000000000E+00
    0.4071223517E-02   -0.3885765964E-02   -0.3078548677E-01    0.1274057851E+00    0.0000000000E+00
   -0.2734484014E-02    0.3087460008E-02    0.2418599868E-01   -0.1022703276E+00    0.0000000000E+00
    0.1380690577E-02   -0.2944519311E-02   -0.1969137237E-01    0.8141270860E-01    0.0000000000E+00
   -0.7708435811E-03    0.1954599482E-02    0.1483165504E-01   -0.6675319227E-01    0.0000000000E+00
   -0.2378192823E-03   -0.2373281898E-02   -0.1290600649E-01    0.5263259752E-01    0.0000000000E+00
    0.1662599664E-03    0.1488988393E-02    0.9891742306E-02   -0.4350651250E-01    0.0000000000E+00
   -0.4036585830E-03   -0.1809180812E-02   -0.9523116258E-02    0.3346345242E-01    0.0000000000E+00
    0.1416217471E-04    0.1182800938E-02    0.8517697456E-02   -0.2633911962E-01    0.0000000000E+00
   -0.3972969659E-04   -0.1593236548E-02   -0.1190752273E-01    0.6389925463E-02    0.0000000000E+00
   -0.4404615945E-03   -0.8455523358E-03    0.8603555390E-02    0.1212761779E-01    0.0000000000E+00
   -0.1080423147E-03    0.1111383817E-02   -0.1818595996E-02   -0.1281577787E-01    0.0000000000E+00
    0.2734506481E-04   -0.1955128986E-03   -0.3559064622E-03    0.5705927408E-02    0.0000000000E+00
   -0.9080456384E-05    0.5490744232E-04    0.1497730327E-03   -0.1650315680E-02    0.0000000000E+00
    0.3133271546E-05   -0.1716632694E-04   -0.5344290846E-04    0.5104417183E-03    0.0000000000E+00
   -0.1061237425E-05    0.5459232310E-05    0.1804992038E-04   -0.1597660594E-03    0.0000000000E+00
    0.3422698465E-06   -0.1688529107E-05   -0.5758852429E-05    0.4867738658E-04    0.0000000000E+00
   -0.1019705304E-06    0.4889538078E-06    0.1696225325E-05   -0.1391701980E-04    0.0000000000E+00
    0.2689561935E-07   -0.1264680763E-06   -0.4429657375E-06    0.3562754920E-05    0.0000000000E+00
   -0.5864363415E-08    0.2720391904E-07    0.9581021350E-07   -0.7601987565E-06    0.0000000000E+00
    0.9322622667E-09   -0.4283965786E-08   -0.1513567212E-07    0.1189712835E-06    0.0000000000E+00
   -0.8004587193E-10    0.3654089543E-09    0.1293373267E-08   -0.1010018264E-07    0.0000000000E+00
 l,ispin:           2           2
 psi n=1,noccmax(l):
    0.1125346689E-01   -0.7706695762E-02   -0.6425381170E-01    0.2580617078E+00    0.0000000000E+00
   -0.3897913667E-01    0.2669566378E-01    0.2225708936E+00   -0.8939164374E+00    0.0000000000E+00
    0.7296034871E-01   -0.4997242554E-01   -0.4166350384E+00    0.1673364199E+01    0.0000000000E+00
   -0.9964884854E-01    0.6826156335E-01    0.5691050882E+00   -0.2285780058E+01    0.0000000000E+00
    0.1126380048E+00   -0.7717200610E-01   -0.6433878531E+00    0.2584210880E+01    0.0000000000E+00
   -0.1128546535E+00    0.7734298580E-01    0.6447853708E+00   -0.2589914662E+01    0.0000000000E+00
    0.1044842849E+00   -0.7163830876E-01   -0.5971822501E+00    0.2398819984E+01    0.0000000000E+00
   -0.9180199537E-01    0.6295626106E-01    0.5248872080E+00   -0.2108706349E+01    0.0000000000E+00
    0.7774028850E-01   -0.5366730782E-01   -0.4458483180E+00    0.1789739294E+01    0.0000000000E+00
   -0.6449162506E-01    0.4433526517E-01    0.3694647363E+00   -0.1484626785E+01    0.0000000000E+00
    0.5252419226E-01   -0.3626851558E-01   -0.3016987327E+00    0.1212102053E+01    0.0000000000E+00
   -0.4238299933E-01    0.2921466319E-01    0.2435833683E+00   -0.9796300596E+00    0.0000000000E+00
    0.3380107840E-01   -0.2358987566E-01   -0.1955909074E+00    0.7859438644E+00    0.0000000000E+00
   -0.2693139787E-01    0.1870802981E-01    0.1559678522E+00   -0.6282016211E+00    0.0000000000E+00
    0.2116056518E-01   -0.1511647978E-01   -0.1244356144E+00    0.5001686930E+00    0.0000000000E+00
   -0.1673498787E-01    0.1183083878E-01    0.9857150135E-01   -0.3982534780E+00    0.0000000000E+00
    0.1290650957E-01   -0.9680536516E-02   -0.7857478345E-01    0.3161484703E+00    0.0000000000E+00
   -0.1006312046E-01    0.7544648492E-02    0.6205761858E-01   -0.2516546107E+00    0.0000000000E+00
    0.7464109330E-02   -0.6387292956E-02   -0.4969100917E-01    0.1995431809E+00    0.0000000000E+00
   -0.5871942892E-02    0.4531383795E-02    0.3853734833E-01   -0.1600042239E+00    0.0000000000E+00
    0.4071223517E-02   -0.3885765964E-02   -0.3078548677E-01    0.1274057851E+00    0.0000000000E+00
   -0.2734484014E-02    0.3087460008E-02    0.2418599868E-01   -0.1022703276E+00    0.0000000000E+00
    0.1380690577E-02   -0.2944519311E-02   -0.1969137237E-01    0.8141270860E-01    0.0000000000E+00
   -0.7708435811E-03    0.1954599482E-02    0.1483165504E-01   -0.6675319227E-01    0.0000000000E+00
   -0.2378192823E-03   -0.2373281898E-02   -0.1290600649E-01    0.5263259752E-01    0.0000000000E+00
    0.1662599664E-03    0.1488988393E-02    0.9891742306E-02   -0.4350651250E-01    0.0000000000E+00
   -0.4036585830E-03   -0.1809180812E-02   -0.9523116258E-02    0.3346345242E-01    0.0000000000E+00
    0.1416217471E-04    0.1182800938E-02    0.8517697456E-02   -0.2633911962E-01    0.0000000000E+00
   -0.3972969659E-04   -0.1593236548E-02   -0.1190752273E-01    0.6389925463E-02    0.0000000000E+00
   -0.4404615945E-03   -0.8455523358E-03    0.8603555390E-02    0.1212761779E-01    0.0000000000E+00
   -0.1080423147E-03    0.1111383817E-02   -0.1818595996E-02   -0.1281577787E-01    0.0000000000E+00
    0.2734506481E-04   -0.1955128986E-03   -0.3559064622E-03    0.5705927408E-02    0.0000000000E+00
   -0.9080456384E-05    0.5490744232E-04    0.1497730327E-03   -0.1650315680E-02    0.0000000000E+00
    0.3133271546E-05   -0.1716632694E-04   -0.5344290846E-04    0.5104417183E-03    0.0000000000E+00
   -0.1061237425E-05    0.5459232310E-05    0.1804992038E-04   -0.1597660594E-03    0.0000000000E+00
    0.3422698465E-06   -0.1688529107E-05   -0.5758852429E-05    0.4867738658E-04    0.0000000000E+00
   -0.1019705304E-06    0.4889538078E-06    0.1696225325E-05   -0.1391701980E-04    0.0000000000E+00
    0.2689561935E-07   -0.1264680763E-06   -0.4429657375E-06    0.3562754920E-05    0.0000000000E+00
   -0.5864363415E-08    0.2720391904E-07    0.9581021350E-07   -0.7601987565E-06    0.0000000000E+00
    0.9322622667E-09   -0.4283965786E-08   -0.1513567212E-07    0.1189712835E-06    0.0000000000E+00
   -0.8004587193E-10    0.3654089543E-09    0.1293373267E-08   -0.1010018264E-07    0.0000000000E+00
 l,ispin:           3           1
 psi n=1,noccmax(l):
    0.9318329833E-01    0.5844250359E-01   -0.7426636565E+00    0.1963855301E+01    0.0000000000E+00
   -0.2548100896E+00   -0.1598134635E+00    0.2030852256E+01   -0.5370286231E+01    0.0000000000E+00
    0.3816951710E+00    0.2393988865E+00   -0.3042210514E+01    0.8044717462E+01    0.0000000000E+00
   -0.4222588744E+00   -0.2648482087E+00    0.3365634920E+01   -0.8900036609E+01    0.0000000000E+00
    0.3905757579E+00    0.2449864330E+00   -0.3113263200E+01    0.8232751428E+01    0.0000000000E+00
   -0.3229301576E+00   -0.2025688464E+00    0.2574253350E+01   -0.6807477518E+01    0.0000000000E+00
    0.2483914991E+00    0.1558263511E+00   -0.1980275433E+01    0.5236825152E+01    0.0000000000E+00
   -0.1822588289E+00   -0.1143531462E+00    0.1453257987E+01   -0.3843222439E+01    0.0000000000E+00
    0.1296475491E+00    0.8137271844E-01   -0.1034037739E+01    0.2734583145E+01    0.0000000000E+00
   -0.9036154824E-01   -0.5672502255E-01    0.7209031676E+00   -0.1906580884E+01    0.0000000000E+00
    0.6213072388E-01    0.3902213364E-01   -0.4959147085E+00    0.1311597620E+01    0.0000000000E+00
   -0.4233959537E-01   -0.2660522190E-01    0.3381541347E+00   -0.8944190035E+00    0.0000000000E+00
    0.2867666196E-01    0.1804425117E-01   -0.2292830882E+00    0.6064532875E+00    0.0000000000E+00
   -0.1934797356E-01   -0.1218607387E-01    0.1548896362E+00   -0.4097387320E+00    0.0000000000E+00
    0.1301163430E-01    0.8224123330E-02   -0.1044255503E+00    0.2762020430E+00    0.0000000000E+00
   -0.8737004432E-02   -0.5533238695E-02    0.7030292016E-01   -0.1859963066E+00    0.0000000000E+00
    0.5848074853E-02    0.3738524276E-02   -0.4733837629E-01    0.1251612788E+00    0.0000000000E+00
   -0.3910174537E-02   -0.2518751218E-02    0.3186723263E-01   -0.8426191452E-01    0.0000000000E+00
    0.2597127733E-02    0.1720483181E-02   -0.2150259650E-01    0.5671828266E-01    0.0000000000E+00
   -0.1730697939E-02   -0.1146870665E-02    0.1447365882E-01   -0.3830474800E-01    0.0000000000E+00
    0.1129717414E-02    0.7961432986E-03   -0.9801574723E-02    0.2585988155E-01    0.0000000000E+00
   -0.7218579905E-03   -0.5620634633E-03    0.6656974515E-02   -0.1750161691E-01    0.0000000000E+00
    0.4352139821E-03    0.4269817187E-03   -0.4575926258E-02    0.1182394568E-01    0.0000000000E+00
   -0.2556980753E-03   -0.3029226662E-03    0.3113901743E-02   -0.8091775866E-02    0.0000000000E+00
    0.1152316488E-03    0.2724031574E-03   -0.2228216735E-02    0.5413269943E-02    0.0000000000E+00
   -0.5751343335E-04   -0.1912119970E-03    0.1549874748E-02   -0.3706021454E-02    0.0000000000E+00
    0.1691475845E-04    0.1695153390E-03   -0.1189411225E-02    0.2362318633E-02    0.0000000000E+00
   -0.1824009815E-04   -0.1106816286E-03    0.9247168525E-03   -0.1405894014E-02    0.0000000000E+00
    0.1336905068E-04    0.9974768406E-04   -0.9616816914E-03   -0.1641343393E-03    0.0000000000E+00
   -0.3725623205E-04    0.8526895006E-04    0.5031882349E-03    0.9529003211E-03    0.0000000000E+00
   -0.6683500674E-05   -0.6856235318E-04   -0.6617340425E-04   -0.6679831139E-03    0.0000000000E+00
    0.1213196350E-05    0.9695472915E-05   -0.2461652827E-04    0.2346307876E-03    0.0000000000E+00
   -0.3101719903E-06   -0.2257157554E-05    0.7819552274E-05   -0.5536030658E-04    0.0000000000E+00
    0.8551136601E-07    0.5902759994E-06   -0.2272180288E-05    0.1417900358E-04    0.0000000000E+00
   -0.2367974368E-07   -0.1580065399E-06    0.6377080859E-06   -0.3711415091E-05    0.0000000000E+00
    0.6349945852E-08    0.4140687945E-07   -0.1711211579E-06    0.9541092804E-06    0.0000000000E+00
   -0.1595346983E-08   -0.1023778989E-07    0.4283818590E-07   -0.2322962796E-06    0.0000000000E+00
    0.3596159213E-09    0.2281910318E-08   -0.9611691659E-08    0.5116085511E-07    0.0000000000E+00
   -0.6792983092E-10   -0.4276210962E-09    0.1807539719E-08   -0.9500350105E-08    0.0000000000E+00
    0.9490713104E-11    0.5940762785E-10   -0.2515724282E-09    0.1310834800E-08    0.0000000000E+00
   -0.7271680081E-12   -0.4533511270E-11    0.1921528776E-10   -0.9952409056E-10    0.0000000000E+00
 l,ispin:           3           2
 psi n=1,noccmax(l):
    0.9318329833E-01    0.5844250359E-01   -0.7426636565E+00    0.1963855301E+01    0.0000000000E+00
   -0.2548100896E+00   -0.1598134635E+00    0.2030852256E+01   -0.5370286231E+01    0.0000000000E+00
    0.3816951710E+00    0.2393988865E+00   -0.3042210514E+01    0.8044717462E+01    0.0000000000E+00
   -0.4222588744E+00   -0.2648482087E+00    0.3365634920E+01   -0.8900036609E+01    0.0000000000E+00
    0.3905757579E+00    0.2449864330E+00   -0.3113263200E+01    0.8232751428E+01    0.0000000000E+00
   -0.3229301576E+00   -0.2025688464E+00    0.2574253350E+01   -0.6807477518E+01    0.0000000000E+00
    0.2483914991E+00    0.1558263511E+00   -0.1980275433E+01    0.5236825152E+01    0.0000000000E+00
   -0.1822588289E+00   -0.1143531462E+00    0.1453257987E+01   -0.3843222439E+01    0.0000000000E+00
    0.1296475491E+00    0.8137271844E-01   -0.1034037739E+01    0.2734583145E+01    0.0000000000E+00
   -0.9036154824E-01   -0.5672502255E-01    0.7209031676E+00   -0.1906580884E+01    0.0000000000E+00
    0.6213072388E-01    0.3902213364E-01   -0.4959147085E+00    0.1311597620E+01    0.0000000000E+00
   -0.4233959537E-01   -0.2660522190E-01    0.3381541347E+00   -0.8944190035E+00    0.0000000000E+00
    0.2867666196E-01    0.1804425117E-01   -0.2292830882E+00    0.6064532875E+00    0.0000000000E+00
   -0.1934797356E-01   -0.1218607387E-01    0.1548896362E+00   -0.4097387320E+00    0.0000000000E+00
    0.1301163430E-01    0.8224123330E-02   -0.1044255503E+00    0.2762020430E+00    0.0000000000E+00
   -0.8737004432E-02   -0.5533238695E-02    0.7030292016E-01   -0.1859963066E+00    0.0000000000E+00
    0.5848074853E-02    0.3738524276E-02   -0.4733837629E-01    0.1251612788E+00    0.0000000000E+00
   -0.3910174537E-02   -0.2518751218E-02    0.3186723263E-01   -0.8426191452E-01    0.0000000000E+00
    0.2597127733E-02    0.1720483181E-02   -0.2150259650E-01    0.5671828266E-01    0.0000000000E+00
   -0.1730697939E-02   -0.1146870665E-02    0.1447365882E-01   -0.3830474800E-01    0.0000000000E+00
    0.1129717414E-02    0.7961432986E-03   -0.9801574723E-02    0.2585988155E-01    0.0000000000E+00
   -0.7218579905E-03   -0.5620634633E-03    0.6656974515E-02   -0.1750161691E-01    0.0000000000E+00
    0.4352139821E-03    0.4269817187E-03   -0.4575926258E-02    0.1182394568E-01    0.0000000000E+00
   -0.2556980753E-03   -0.3029226662E-03    0.3113901743E-02   -0.8091775866E-02    0.0000000000E+00
    0.1152316488E-03    0.2724031574E-03   -0.2228216735E-02    0.5413269943E-02    0.0000000000E+00
   -0.5751343335E-04   -0.1912119970E-03    0.1549874748E-02   -0.3706021454E-02    0.0000000000E+00
    0.1691475845E-04    0.1695153390E-03   -0.1189411225E-02    0.2362318633E-02    0.0000000000E+00
   -0.1824009815E-04   -0.1106816286E-03    0.9247168525E-03   -0.1405894014E-02    0.0000000000E+00
    0.1336905068E-04    0.9974768406E-04   -0.9616816914E-03   -0.1641343393E-03    0.0000000000E+00
   -0.3725623205E-04    0.8526895006E-04    0.5031882349E-03    0.9529003211E-03    0.0000000000E+00
   -0.6683500674E-05   -0.6856235318E-04   -0.6617340425E-04   -0.6679831139E-03    0.0000000000E+00
    0.1213196350E-05    0.9695472915E-05   -0.2461652827E-04    0.2346307876E-03    0.0000000000E+00
   -0.3101719903E-06   -0.2257157554E-05    0.7819552274E-05   -0.5536030658E-04    0.0000000000E+00
    0.8551136601E-07    0.5902759994E-06   -0.2272180288E-05    0.1417900358E-04    0.0000000000E+00
   -0.2367974368E-07   -0.1580065399E-06    0.6377080859E-06   -0.3711415091E-05    0.0000000000E+00
    0.6349945852E-08    0.4140687945E-07   -0.1711211579E-06    0.9541092804E-06    0.0000000000E+00
   -0.1595346983E-08   -0.1023778989E-07    0.4283818590E-07   -0.2322962796E-06    0.0000000000E+00
    0.3596159213E-09    0.2281910318E-08   -0.9611691659E-08    0.5116085511E-07    0.0000000000E+00
   -0.6792983092E-10   -0.4276210962E-09    0.1807539719E-08   -0.9500350105E-08    0.0000000000E+00
    0.9490713104E-11    0.5940762785E-10   -0.2515724282E-09    0.1310834800E-08    0.0000000000E+00
   -0.7271680081E-12   -0.4533511270E-11    0.1921528776E-10   -0.9952409056E-10    0.0000000000E+00
