   40             4.00000 ng, rij 
     2.750     5.500                                       rcov,rprb 
 r                           (non)relativistic calculation
 PBE                         XC-functional
 91.000 31.000    0.2425000000    0.1501988280E+03   -0.1112938771E+02    0.0000000000E+00    0.0000000000E+00  znuc,zion,rloc,gpot()
   3                                                       lpx, (Projectors for l=0..lpx)
    0.1860520489    0.5079034860E+01    0.2240141671E+02   -0.5403658977E+02   -0.1544204321E+02    0.3987118412E+02   -0.3164677130E+02  r_l(),hsep(), so=+0.5
    0.2002712201    0.1026991152E+02   -0.1377275502E+01   -0.5192058621E+01   -0.4097476197E+01    0.9696398437E+01   -0.6891281879E+01  r_l(),hsep(), so=+0.5
   -0.1193461809E+02    0.1520549315E+02   -0.2957346145E+02   -0.6956841022E+01    0.1646289061E+02   -0.1170026381E+02         hsep(), so=-0.5
    0.5443458983    0.1062609836E+01   -0.6986884121E+00    0.7922381924E+00    0.0000000000E+00   -0.0000000000E+00    0.0000000000E+00  r_l(),hsep(), so=+0.5
    0.3417580497E+00   -0.2008338834E+00    0.2277242187E+00    0.0000000000E+00   -0.0000000000E+00    0.0000000000E+00         hsep(), so=-0.5
    0.2612519118    0.1254560060E-01   -0.0000000000E+00    0.0000000000E+00    0.0000000000E+00   -0.0000000000E+00    0.0000000000E+00  r_l(),hsep(), so=+0.5
   -0.2866990873E+00   -0.0000000000E+00    0.0000000000E+00    0.0000000000E+00   -0.0000000000E+00    0.0000000000E+00         hsep(), so=-0.5
 ---------------------------------------------
 Additional information (last calculation):
 gaussian exponents:
 xp():   96.194779457836205        68.019980869380390        48.097389728918124        34.009990434690209        24.048694864459065        17.004995217345101        12.024347432229536        8.5024976086725559        6.0121737161147681        4.2512488043362788        3.0060868580573850        2.1256244021681399        1.5030434290286925        1.0628122010840699       0.75152171451434668       0.53140610054203530       0.37576085725717345       0.26570305027101765       0.18788042862858675       0.13285152513550885        9.3940214314293391E-002   6.6425762567754440E-002   4.6970107157146723E-002   3.3212881283877234E-002   2.3485053578573355E-002   1.6606440641938620E-002   1.1742526789286683E-002   8.3032203209693119E-003   5.8712633946433421E-003   4.1516101604846560E-003   2.9356316973216724E-003   2.0758050802423289E-003   1.4678158486608364E-003   1.0379025401211644E-003   7.3390792433041820E-004   5.1895127006058232E-004   3.6695396216520932E-004   2.5947563503029121E-004   1.8347698108260466E-004   1.2973781751514563E-004
 orbital coefficients (one orbital per column)
 l,ispin:           0           1
 psi n=1,noccmax(l):
    0.1608848119E+00   -0.4500945863E-01    0.1343441672E-01   -0.7965283371E-02   -0.6411397522E-02    0.0000000000E+00    0.0000000000E+00    0.1412014275E-01   -0.5259184102E-01
   -0.9994615306E+00    0.3013098164E+00   -0.9209692384E-01    0.5352622073E-01    0.4359116187E-01    0.0000000000E+00    0.0000000000E+00    0.2531497161E+00    0.9955052485E-01
    0.3252468982E+01   -0.1054367143E+01    0.3291601134E+00   -0.1883074853E+00   -0.1548415778E+00    0.0000000000E+00    0.0000000000E+00   -0.1708422358E+01    0.2560037856E+00
   -0.7128584217E+01    0.2423465536E+01   -0.7665352171E+00    0.4356098665E+00    0.3598720727E+00    0.0000000000E+00    0.0000000000E+00    0.5221600990E+01   -0.1511875018E+01
    0.1060032944E+02   -0.3459072034E+01    0.1082458456E+01   -0.6257577059E+00   -0.5125360988E+00    0.0000000000E+00    0.0000000000E+00   -0.9180774194E+01    0.3091744336E+01
   -0.7205618870E+01    0.8189057069E+00   -0.1189587758E+00    0.1476330815E+00    0.8508961894E-01    0.0000000000E+00    0.0000000000E+00    0.6574056557E+01   -0.1662037670E+01
   -0.5277220984E+01    0.6353823289E+01   -0.2427547260E+01    0.1161201553E+01    0.1062369757E+01    0.0000000000E+00    0.0000000000E+00    0.3457502580E+01   -0.4108668180E+01
   -0.1467261677E+01   -0.2019198991E+01    0.9393904534E+00   -0.3436685432E+00   -0.3695420580E+00    0.0000000000E+00    0.0000000000E+00    0.8567541818E+01   -0.1272052571E+00
    0.1814603698E+02   -0.9475352784E+01    0.3177161921E+01   -0.1867505267E+01   -0.1533368832E+01    0.0000000000E+00    0.0000000000E+00   -0.2725271776E+02    0.1091844426E+02
   -0.3825676525E+01    0.9130112832E+00   -0.1318621664E+00    0.2989119941E+00    0.1613832433E+00    0.0000000000E+00    0.0000000000E+00    0.6167703769E+01   -0.1963401432E+01
    0.2176712227E+01    0.3986519769E+00   -0.4181560351E+00   -0.4250928740E-01    0.7545490353E-01    0.0000000000E+00    0.0000000000E+00   -0.1597071289E+01   -0.8427032936E+00
   -0.6475556728E+01    0.4089891104E+01   -0.1200175848E+01    0.9392025728E+00    0.6906054354E+00    0.0000000000E+00    0.0000000000E+00    0.7369193487E+01   -0.3408530728E+01
    0.4939539670E-01    0.1182502567E+01   -0.8442554393E+00    0.1072160427E+00    0.2307379840E+00    0.0000000000E+00    0.0000000000E+00    0.6573199658E+00   -0.1125418016E+01
   -0.2424490107E+01    0.2258641165E+01   -0.6067390529E+00    0.7247088848E+00    0.4908807108E+00    0.0000000000E+00    0.0000000000E+00    0.2384032054E+01   -0.1313566029E+01
    0.8855978414E+00   -0.8189391582E+00   -0.2173013571E-01   -0.4364214020E+00   -0.2353364339E+00    0.0000000000E+00    0.0000000000E+00   -0.3751916927E+00    0.2685024017E+00
   -0.7745205215E+00   -0.1632429046E+00    0.4845968031E+00    0.2423309480E+00    0.7211595249E-01    0.0000000000E+00    0.0000000000E+00    0.4960812885E+00    0.1375159527E+00
    0.5192325619E+00   -0.1214025819E+01    0.3916379784E+00   -0.7988134263E+00   -0.5951342398E+00    0.0000000000E+00    0.0000000000E+00   -0.2489473551E+00    0.5182833576E+00
   -0.3574074478E+00   -0.1192374867E+00    0.5674633212E+00    0.2659786746E+00    0.1521139638E+00    0.0000000000E+00    0.0000000000E+00    0.1499604797E+00    0.1671420184E+00
    0.2436738174E+00   -0.4173225246E+00   -0.3776110805E+00   -0.2221489236E+00   -0.1132875735E+00    0.0000000000E+00    0.0000000000E+00   -0.8678971817E-01    0.1725219983E+00
   -0.1648241497E+00    0.1110033896E+00    0.7529701438E+00   -0.4606754941E+00   -0.6575272921E+00    0.0000000000E+00    0.0000000000E+00    0.4982164875E-01    0.2932569064E-01
    0.1106071376E+00   -0.1222277161E+00   -0.5018223313E+00    0.7776795465E+00    0.1217795733E+01    0.0000000000E+00    0.0000000000E+00   -0.2830951082E-01    0.3448281009E-01
   -0.7365390264E-01    0.7959961407E-01    0.8351041430E-01   -0.6627801290E+00   -0.1456544692E+01    0.0000000000E+00    0.0000000000E+00    0.1592854974E-01   -0.7238188680E-02
    0.4868497323E-01   -0.5507144680E-01   -0.1885471525E+00    0.5520898644E+00    0.1637663214E+01    0.0000000000E+00    0.0000000000E+00   -0.8878416999E-02    0.6774881034E-02
   -0.3195187248E-01    0.3728556394E-01   -0.5353685637E-01    0.2355669870E-01   -0.9494247251E+00    0.0000000000E+00    0.0000000000E+00    0.4904409404E-02   -0.3652416704E-02
    0.2082296663E-01   -0.2485520224E-01   -0.6773144101E-01    0.1555714539E+00    0.1185156284E+01    0.0000000000E+00    0.0000000000E+00   -0.2685606100E-02    0.2074066939E-02
   -0.1347269911E-01    0.1629940766E-01    0.4933481039E-02   -0.2074016789E-01   -0.5290686381E+00    0.0000000000E+00    0.0000000000E+00    0.1457802910E-02   -0.1146401662E-02
    0.8649344116E-02   -0.1050509087E-01   -0.9234401230E-02   -0.1882065111E+00   -0.1328062781E+01    0.0000000000E+00    0.0000000000E+00   -0.7841301646E-03    0.6196061559E-03
   -0.5503716939E-02    0.6646160271E-02    0.5417110377E-02   -0.3357914454E-01    0.1229181202E+01    0.0000000000E+00    0.0000000000E+00    0.4175687481E-03   -0.3270745495E-03
    0.3465072584E-02   -0.4120754992E-02   -0.3187833057E-02    0.1891888306E-01   -0.3562374987E+00    0.0000000000E+00    0.0000000000E+00   -0.2198179326E-03    0.1684439524E-03
   -0.2152854614E-02    0.2498383685E-02    0.1833892840E-02   -0.1089966455E-01    0.1483413202E+00    0.0000000000E+00    0.0000000000E+00    0.1141274483E-03   -0.8453013011E-04
    0.1315009625E-02   -0.1476734085E-02   -0.1027774454E-02    0.6130400703E-02   -0.6918087482E-01    0.0000000000E+00    0.0000000000E+00   -0.5824428942E-04    0.4126764014E-04
   -0.7855113648E-03    0.8473692545E-03    0.5594393611E-03   -0.3338038334E-02    0.3350934799E-01    0.0000000000E+00    0.0000000000E+00    0.2908006988E-04   -0.1955104360E-04
    0.4554775620E-03   -0.4692131934E-03   -0.2944678861E-03    0.1752790479E-02   -0.1629742154E-01    0.0000000000E+00    0.0000000000E+00   -0.1411024039E-04    0.8952412322E-05
   -0.2537309885E-03    0.2485674146E-03    0.1488177369E-03   -0.8823540377E-03    0.7790642611E-02    0.0000000000E+00    0.0000000000E+00    0.6592095318E-05   -0.3936061672E-05
    0.1338265205E-03   -0.1243948805E-03   -0.7138331812E-04    0.4213583513E-03   -0.3590356862E-02    0.0000000000E+00    0.0000000000E+00   -0.2926309414E-05    0.1644153760E-05
   -0.6545699616E-04    0.5771589721E-04    0.3191462789E-04   -0.1875648070E-03    0.1559141937E-02    0.0000000000E+00    0.0000000000E+00    0.1210982583E-05   -0.6416751725E-06
    0.2880792643E-04   -0.2413492801E-04   -0.1293103831E-04    0.7569814189E-04   -0.6184085497E-03    0.0000000000E+00    0.0000000000E+00   -0.4541856581E-06    0.2279080062E-06
   -0.1090277627E-04    0.8707576838E-05    0.4544531688E-05   -0.2651397036E-04    0.2139661039E-03    0.0000000000E+00    0.0000000000E+00    0.1478712460E-06   -0.7065398707E-07
    0.3301592415E-05   -0.2525179674E-05   -0.1290061832E-05    0.7505569669E-05   -0.6004685852E-04    0.0000000000E+00    0.0000000000E+00   -0.3897153295E-07    0.1784197419E-07
   -0.7032794298E-06    0.5178946392E-06    0.2601104865E-06   -0.1509925359E-05    0.1200589586E-04    0.0000000000E+00    0.0000000000E+00    0.7324222469E-08   -0.3233892693E-08
    0.7789504022E-07   -0.5554631737E-07   -0.2752757675E-07    0.1595136754E-06   -0.1262828556E-05    0.0000000000E+00    0.0000000000E+00   -0.7267055941E-09    0.3114151999E-09
 l,ispin:           1           1
 psi n=1,noccmax(l):
    0.1412014275E-01   -0.5259184102E-01   -0.1766601829E-01   -0.8543924264E-02    0.1374805006E-01    0.0000000000E+00    0.0000000000E+00    0.2771620010E+01   -0.6467887735E+00
    0.2531497161E+00    0.9955052485E-01    0.3883311841E-01    0.9683485919E-02   -0.3515238078E-01    0.0000000000E+00    0.0000000000E+00   -0.8991219390E+01    0.2115507713E+01
   -0.1708422358E+01    0.2560037856E+00    0.5427359378E-01    0.8157111875E-01   -0.1245869072E-01    0.0000000000E+00    0.0000000000E+00    0.1440293089E+02   -0.3431127616E+01
    0.5221600990E+01   -0.1511875018E+01   -0.4143632518E+00   -0.3695003911E+00    0.2321514888E+00    0.0000000000E+00    0.0000000000E+00   -0.1332728762E+02    0.3246348416E+01
   -0.9180774194E+01    0.3091744336E+01    0.8761112888E+00    0.7294249787E+00   -0.5200026237E+00    0.0000000000E+00    0.0000000000E+00    0.4518524536E+01   -0.1209754217E+01
    0.6574056557E+01   -0.1662037670E+01   -0.4397540044E+00   -0.4402086306E+00    0.2230409389E+00    0.0000000000E+00    0.0000000000E+00    0.2499687202E+01   -0.4137748540E+00
    0.3457502580E+01   -0.4108668180E+01   -0.1331899542E+01   -0.8174342563E+00    0.9512013143E+00    0.0000000000E+00    0.0000000000E+00    0.7756680499E+01   -0.2414938371E+01
    0.8567541818E+01   -0.1272052571E+00    0.1265499370E+00   -0.4787719540E-01   -0.1758131216E+00    0.0000000000E+00    0.0000000000E+00   -0.1147904868E+02    0.3919296209E+01
   -0.2725271776E+02    0.1091844426E+02    0.3175036503E+01    0.2424242506E+01   -0.1999145657E+01    0.0000000000E+00    0.0000000000E+00   -0.1658025106E+02    0.3358198534E+01
    0.6167703769E+01   -0.1963401432E+01   -0.5273760304E+00   -0.5307699018E+00    0.2737339245E+00    0.0000000000E+00    0.0000000000E+00    0.7516019158E+01   -0.1693713147E+01
   -0.1597071289E+01   -0.8427032936E+00   -0.3533421179E+00   -0.1080997698E+00    0.3060670379E+00    0.0000000000E+00    0.0000000000E+00    0.4163694544E+01   -0.1478687227E+01
    0.7369193487E+01   -0.3408530728E+01   -0.9661041381E+00   -0.8377581232E+00    0.5721714050E+00    0.0000000000E+00    0.0000000000E+00    0.6183800987E+01   -0.1462805451E+01
    0.6573199658E+00   -0.1125418016E+01   -0.4418788109E+00   -0.1817843972E+00    0.3519884874E+00    0.0000000000E+00    0.0000000000E+00    0.1915372381E+01   -0.5855180687E+00
    0.2384032054E+01   -0.1313566029E+01   -0.3377063744E+00   -0.3779266440E+00    0.1767773026E+00    0.0000000000E+00    0.0000000000E+00    0.1368517791E+01   -0.3026457909E+00
   -0.3751916927E+00    0.2685024017E+00    0.1347957817E-01    0.1403493651E+00    0.2709899517E-01    0.0000000000E+00    0.0000000000E+00    0.1684647036E+00   -0.7397986119E-01
    0.4960812885E+00    0.1375159527E+00    0.1473699808E+00   -0.1729523105E-01   -0.1273370980E+00    0.0000000000E+00    0.0000000000E+00    0.1959733254E+00    0.5148367697E-01
   -0.2489473551E+00    0.5182833576E+00    0.1185638143E+00    0.2147472779E+00   -0.7645245665E-01    0.0000000000E+00    0.0000000000E+00   -0.3061288134E-01    0.8504108909E-01
    0.1499604797E+00    0.1671420184E+00    0.1804429342E+00    0.1765500572E-01   -0.1276046758E+00    0.0000000000E+00    0.0000000000E+00    0.2740353429E-01    0.7078053717E-01
   -0.8678971817E-01    0.1725219983E+00   -0.8611476652E-01    0.2619227648E-01    0.8165464092E-01    0.0000000000E+00    0.0000000000E+00   -0.1215829801E-01    0.3540593704E-01
    0.4982164875E-01    0.2932569064E-01    0.1937238385E+00    0.1142544517E+00   -0.2362920831E+00    0.0000000000E+00    0.0000000000E+00    0.6058380660E-02    0.2097290350E-01
   -0.2830951082E-01    0.3448281009E-01   -0.9843618375E-01   -0.9854676070E-01    0.2525092416E+00    0.0000000000E+00    0.0000000000E+00   -0.2931434116E-02    0.1918748828E-01
    0.1592854974E-01   -0.7238188680E-02    0.2096519914E-01    0.5980952069E-01   -0.2397863697E+00    0.0000000000E+00    0.0000000000E+00    0.1402788505E-02    0.3720965125E-02
   -0.8878416999E-02    0.6774881034E-02   -0.2084989956E-01   -0.4470223026E-01    0.2313672561E+00    0.0000000000E+00    0.0000000000E+00   -0.6631642946E-03    0.4243384872E-02
    0.4904409404E-02   -0.3652416704E-02   -0.1579813933E-01   -0.3107935629E-01   -0.1141122624E+00    0.0000000000E+00    0.0000000000E+00    0.3097636293E-03    0.6937132280E-03
   -0.2685606100E-02    0.2074066939E-02   -0.1511635535E-01   -0.8901173711E-02    0.1534575455E+00    0.0000000000E+00    0.0000000000E+00   -0.1429742130E-03    0.5679175838E-03
    0.1457802910E-02   -0.1146401662E-02   -0.5479209965E-02   -0.2397812926E-01   -0.3795442243E-01    0.0000000000E+00    0.0000000000E+00    0.6520284388E-04   -0.5467391630E-04
   -0.7841301646E-03    0.6196061559E-03   -0.1664463025E-02    0.3226061161E-01   -0.1519526381E+00    0.0000000000E+00    0.0000000000E+00   -0.2936932156E-04    0.4868017415E-04
    0.4175687481E-03   -0.3270745495E-03    0.4276532754E-03    0.3341866533E-02    0.1107218091E+00    0.0000000000E+00    0.0000000000E+00    0.1305574805E-04   -0.2078241154E-04
   -0.2198179326E-03    0.1684439524E-03   -0.1892643349E-03   -0.1025763842E-02   -0.2620717470E-01    0.0000000000E+00    0.0000000000E+00   -0.5720391331E-05    0.8750950391E-05
    0.1141274483E-03   -0.8453013011E-04    0.8706787069E-04    0.3997865582E-03    0.8943280383E-02    0.0000000000E+00    0.0000000000E+00    0.2465551791E-05   -0.3575463533E-05
   -0.5824428942E-04    0.4126764014E-04   -0.3980183626E-04   -0.1678315752E-03   -0.3436020728E-02    0.0000000000E+00    0.0000000000E+00   -0.1042425272E-05    0.1418258397E-05
    0.2908006988E-04   -0.1955104360E-04    0.1785600604E-04    0.7173391603E-04    0.1379746250E-02    0.0000000000E+00    0.0000000000E+00    0.4306274204E-06   -0.5463993393E-06
   -0.1411024039E-04    0.8952412322E-05   -0.7806431652E-05   -0.3043442217E-04   -0.5599521973E-03    0.0000000000E+00    0.0000000000E+00   -0.1728525500E-06    0.2041922415E-06
    0.6592095318E-05   -0.3936061672E-05    0.3300444937E-05    0.1261445827E-04    0.2248606790E-03    0.0000000000E+00    0.0000000000E+00    0.6688745030E-07   -0.7370518324E-07
   -0.2926309414E-05    0.1644153760E-05   -0.1334351913E-05   -0.5030459503E-05   -0.8767382372E-04    0.0000000000E+00    0.0000000000E+00   -0.2466866456E-07    0.2547545081E-07
    0.1210982583E-05   -0.6416751725E-06    0.5070011887E-06    0.1892818928E-05    0.3246480458E-04    0.0000000000E+00    0.0000000000E+00    0.8525381057E-08   -0.8304984105E-08
   -0.4541856581E-06    0.2279080062E-06   -0.1762252633E-06   -0.6532910520E-06   -0.1107807906E-04    0.0000000000E+00    0.0000000000E+00   -0.2690513439E-08    0.2490887355E-08
    0.1478712460E-06   -0.7065398707E-07    0.5370219060E-07    0.1980614588E-06    0.3331535738E-05    0.0000000000E+00    0.0000000000E+00    0.7445032946E-09   -0.6601370637E-09
   -0.3897153295E-07    0.1784197419E-07   -0.1338022464E-07   -0.4916324916E-07   -0.8222252999E-06    0.0000000000E+00    0.0000000000E+00   -0.1688575953E-09    0.1444672434E-09
    0.7324222469E-08   -0.3233892693E-08    0.2400147028E-08    0.8794723438E-08    0.1464881312E-06    0.0000000000E+00    0.0000000000E+00    0.2771189267E-10   -0.2303316907E-10
   -0.7267055941E-09    0.3114151999E-09   -0.2293035926E-09   -0.8385404370E-09   -0.1392671569E-07    0.0000000000E+00    0.0000000000E+00   -0.2440287102E-11    0.1982275452E-11
 l,ispin:           1           2
 psi n=1,noccmax(l):
    0.1012595980E+00    0.1083038562E+00    0.3260662801E-01   -0.1697158370E-01    0.2086315548E-01    0.0000000000E+00    0.0000000000E+00   -0.2760023957E+01    0.7272121445E+00
   -0.4440474372E-01   -0.3159120936E+00   -0.9760814778E-01    0.4481181219E-01   -0.6505568321E-01    0.0000000000E+00    0.0000000000E+00    0.8954487638E+01   -0.2379912887E+01
   -0.1441343396E+01    0.7402394852E-01    0.3639683541E-01    0.2027674918E-01    0.3999220382E-01    0.0000000000E+00    0.0000000000E+00   -0.1434891268E+02    0.3863411856E+01
    0.6077837291E+01    0.1558831959E+01    0.4294875073E+00   -0.3542406555E+00    0.2202145091E+00    0.0000000000E+00    0.0000000000E+00    0.1329349687E+02   -0.3661344015E+01
   -0.1284746625E+02   -0.4415150434E+01   -0.1261936928E+01    0.9261415585E+00   -0.6972850819E+00    0.0000000000E+00    0.0000000000E+00   -0.4546126646E+01    0.1372789243E+01
    0.1286094598E+02    0.4361728283E+01    0.1254748637E+01   -0.9465464744E+00    0.6857499985E+00    0.0000000000E+00    0.0000000000E+00   -0.2448168113E+01    0.4589903826E+00
    0.2914943287E+01    0.4263274880E+01    0.1311768160E+01   -0.7106737861E+00    0.8306963849E+00    0.0000000000E+00    0.0000000000E+00   -0.7665897342E+01    0.2735000788E+01
   -0.3570788660E+01   -0.6845215290E+01   -0.2176549517E+01    0.1273506907E+01   -0.1354103152E+01    0.0000000000E+00    0.0000000000E+00    0.1134654366E+02   -0.4482485187E+01
   -0.2317135772E+02   -0.8248389247E+01   -0.2323899373E+01    0.1665693645E+01   -0.1297461368E+01    0.0000000000E+00    0.0000000000E+00    0.1641230600E+02   -0.3717572821E+01
    0.1089388710E+02    0.4127248231E+01    0.1194235298E+01   -0.9366893115E+00    0.6471944739E+00    0.0000000000E+00    0.0000000000E+00   -0.7444419269E+01    0.1896210593E+01
    0.3037337146E+00    0.2641942107E+01    0.8719328893E+00   -0.4180525425E+00    0.5714332392E+00    0.0000000000E+00    0.0000000000E+00   -0.4106106696E+01    0.1699196408E+01
    0.7741516675E+01    0.3628288624E+01    0.1043988115E+01   -0.8315242193E+00    0.5690241968E+00    0.0000000000E+00    0.0000000000E+00   -0.6073715804E+01    0.1607014185E+01
    0.1681248796E+00    0.1063238537E+01    0.4049551858E+00   -0.1224735719E+00    0.2836033130E+00    0.0000000000E+00    0.0000000000E+00   -0.1884742669E+01    0.7115382454E+00
    0.2003583176E+01    0.7744659160E+00    0.1755574642E+00   -0.2554114991E+00    0.7230711792E-01    0.0000000000E+00    0.0000000000E+00   -0.1439346721E+01    0.3639668088E+00
   -0.5747478197E+00   -0.6144717966E+00   -0.1629377953E+00    0.2475986046E+00   -0.8122354368E-01    0.0000000000E+00    0.0000000000E+00   -0.1744652001E+00    0.2771554919E-01
    0.4613916591E+00   -0.3814634276E+00   -0.2242327719E+00    0.1482410793E-01   -0.1452668696E+00    0.0000000000E+00    0.0000000000E+00   -0.1905894213E+00   -0.6800273768E-01
   -0.2578548362E+00   -0.5382306894E+00   -0.1679102798E+00    0.2535167498E+00   -0.1225810247E+00    0.0000000000E+00    0.0000000000E+00    0.3254404260E-01   -0.1032290189E+00
    0.1509017394E+00   -0.1520619820E+00   -0.1364023659E+00   -0.4397353572E-01   -0.5236044759E-01    0.0000000000E+00    0.0000000000E+00   -0.2659263927E-01   -0.7506900988E-01
   -0.8695591528E-01   -0.1348088927E+00    0.6723469190E-01    0.7000564918E-01    0.1583349699E-01    0.0000000000E+00    0.0000000000E+00    0.1205572622E-01   -0.3841697670E-01
    0.4961409446E-01   -0.6811911727E-02   -0.1544314975E+00    0.4939604715E-01   -0.1398782550E+00    0.0000000000E+00    0.0000000000E+00   -0.5960223448E-02   -0.2236982934E-01
   -0.2803476905E-01   -0.2096760438E-01    0.1133252837E+00   -0.9248054240E-01    0.2119525880E+00    0.0000000000E+00    0.0000000000E+00    0.2878654107E-02   -0.1822169948E-01
    0.1569661447E-01    0.7895499272E-02   -0.1581241546E-01    0.5307078016E-01   -0.2013435787E+00    0.0000000000E+00    0.0000000000E+00   -0.1374623036E-02   -0.3661295386E-02
   -0.8713199639E-02   -0.5134710621E-02    0.3297052762E-01   -0.6136347765E-01    0.2305763065E+00    0.0000000000E+00    0.0000000000E+00    0.6486747538E-03   -0.3827202807E-02
    0.4797613780E-02    0.2915336013E-02    0.1324074401E-01   -0.1924412817E-01   -0.1202808050E+00    0.0000000000E+00    0.0000000000E+00   -0.3025544577E-03   -0.5069832199E-03
   -0.2621091482E-02   -0.1639466186E-02    0.1388945226E-01   -0.1096375206E-01    0.1511867077E+00    0.0000000000E+00    0.0000000000E+00    0.1394994172E-03   -0.4679448802E-03
    0.1420875740E-02    0.9038811516E-03    0.2214729508E-02   -0.6907766061E-02   -0.9144223964E-01    0.0000000000E+00    0.0000000000E+00   -0.6357885671E-04    0.6877791509E-04
   -0.7639863188E-03   -0.4882829141E-03    0.1313579126E-02    0.2659979659E-01   -0.8990572210E-01    0.0000000000E+00    0.0000000000E+00    0.2863330796E-04   -0.4560325231E-04
    0.4070923439E-03    0.2581907199E-03   -0.5174442869E-03    0.1262005229E-02    0.8763827181E-01    0.0000000000E+00    0.0000000000E+00   -0.1273253746E-04    0.1969911410E-04
   -0.2146478001E-03   -0.1334729386E-03    0.2495858580E-03   -0.4409579999E-03   -0.2198831767E-01    0.0000000000E+00    0.0000000000E+00    0.5583117534E-05   -0.8311549024E-05
    0.1117335132E-03    0.6735476504E-04   -0.1194284056E-03    0.1896690730E-03    0.7689008787E-02    0.0000000000E+00    0.0000000000E+00   -0.2409330711E-05    0.3401280860E-05
   -0.5722728078E-04   -0.3311057619E-04    0.5585522945E-04   -0.8521956571E-04   -0.2993397767E-02    0.0000000000E+00    0.0000000000E+00    0.1020317279E-05   -0.1351184878E-05
    0.2870197582E-04    0.1580814807E-04   -0.2542831393E-04    0.3811428024E-04    0.1211706094E-02    0.0000000000E+00    0.0000000000E+00   -0.4223295683E-06    0.5212856385E-06
   -0.1400215581E-04   -0.7296756102E-05    0.1122788969E-04   -0.1666675719E-04   -0.4943250930E-03    0.0000000000E+00    0.0000000000E+00    0.1699036276E-06   -0.1950507041E-06
    0.6581911452E-05    0.3233357994E-05   -0.4779873406E-05    0.7049404059E-05    0.1992045753E-03    0.0000000000E+00    0.0000000000E+00   -0.6590599602E-07    0.7048125124E-07
   -0.2941467591E-05   -0.1360520770E-05    0.1941914852E-05   -0.2849928717E-05   -0.7785828650E-04    0.0000000000E+00    0.0000000000E+00    0.2436746001E-07   -0.2438299649E-07
    0.1225875545E-05    0.5344616734E-06   -0.7404133359E-06    0.1082369383E-05    0.2887882458E-04    0.0000000000E+00    0.0000000000E+00   -0.8442055399E-08    0.7954640856E-08
   -0.4630669539E-06   -0.1909048364E-06    0.2579938109E-06   -0.3759532473E-06   -0.9866106787E-05    0.0000000000E+00    0.0000000000E+00    0.2670447130E-08   -0.2387194424E-08
    0.1518159900E-06    0.5946455874E-07   -0.7875963164E-07    0.1144777067E-06    0.2969542101E-05    0.0000000000E+00    0.0000000000E+00   -0.7405294572E-09    0.6329435146E-09
   -0.4027353863E-07   -0.1507496927E-07    0.1964841116E-07   -0.2850129706E-07   -0.7333200500E-06    0.0000000000E+00    0.0000000000E+00    0.1682730035E-09   -0.1385646107E-09
    0.7613812617E-08    0.2740918510E-08   -0.3527750171E-08    0.5109108796E-08    0.1307037612E-06    0.0000000000E+00    0.0000000000E+00   -0.2766046070E-10    0.2209798069E-10
   -0.7593488121E-09   -0.2645926547E-09    0.3372519595E-09   -0.4878300094E-09   -0.1242980432E-07    0.0000000000E+00    0.0000000000E+00    0.2439016102E-11   -0.1902174512E-11
 l,ispin:           2           1
 psi n=1,noccmax(l):
    0.2771620010E+01   -0.6467887735E+00    0.2890789185E+00    0.2396094666E+00    0.2658416550E+00    0.0000000000E+00    0.0000000000E+00   -0.8290037674E+01
   -0.8991219390E+01    0.2115507713E+01   -0.9465920784E+00   -0.7797227426E+00   -0.8715479060E+00    0.0000000000E+00    0.0000000000E+00    0.2280864171E+02
    0.1440293089E+02   -0.3431127616E+01    0.1539223070E+01    0.1246155562E+01    0.1421121582E+01    0.0000000000E+00    0.0000000000E+00   -0.3361513075E+02
   -0.1332728762E+02    0.3246348416E+01   -0.1467248322E+01   -0.1119748867E+01   -0.1365663586E+01    0.0000000000E+00    0.0000000000E+00    0.3414639888E+02
    0.4518524536E+01   -0.1209754217E+01    0.5720484434E+00    0.2693333620E+00    0.5578833167E+00    0.0000000000E+00    0.0000000000E+00   -0.2464169416E+02
    0.2499687202E+01   -0.4137748540E+00    0.1448069588E+00    0.3889866833E+00    0.9251830087E-01    0.0000000000E+00    0.0000000000E+00    0.1287825043E+02
    0.7756680499E+01   -0.2414938371E+01    0.1112113399E+01    0.7848008719E+00    0.1053746241E+01    0.0000000000E+00    0.0000000000E+00   -0.1214582597E+02
   -0.1147904868E+02    0.3919296209E+01   -0.1788589355E+01   -0.1440150564E+01   -0.1677387054E+01    0.0000000000E+00    0.0000000000E+00    0.1386210008E+02
   -0.1658025106E+02    0.3358198534E+01   -0.1445356011E+01   -0.1497386706E+01   -0.1275143264E+01    0.0000000000E+00    0.0000000000E+00    0.4060461694E+01
    0.7516019158E+01   -0.1693713147E+01    0.7240986652E+00    0.8113713332E+00    0.6347167599E+00    0.0000000000E+00    0.0000000000E+00   -0.3321199637E+01
    0.4163694544E+01   -0.1478687227E+01    0.6854799865E+00    0.5123315451E+00    0.6504866025E+00    0.0000000000E+00    0.0000000000E+00   -0.3467716917E+01
    0.6183800987E+01   -0.1462805451E+01    0.6269853877E+00    0.6713813436E+00    0.5532933975E+00    0.0000000000E+00    0.0000000000E+00   -0.2834912389E+01
    0.1915372381E+01   -0.5855180687E+00    0.2815289034E+00    0.1828273059E+00    0.2732357702E+00    0.0000000000E+00    0.0000000000E+00   -0.1375637849E+01
    0.1368517791E+01   -0.3026457909E+00    0.1163910113E+00    0.1678167231E+00    0.9419849505E-01    0.0000000000E+00    0.0000000000E+00   -0.8394248960E+00
    0.1684647036E+00   -0.7397986119E-01    0.4810916534E-01   -0.4902591531E-02    0.5191578295E-01    0.0000000000E+00    0.0000000000E+00   -0.3509804221E+00
    0.1959733254E+00    0.5148367697E-01   -0.4219857477E-01   -0.2168670216E-02   -0.4903188669E-01    0.0000000000E+00    0.0000000000E+00   -0.1772517894E+00
   -0.3061288134E-01    0.8504108909E-01   -0.2360738654E-01   -0.5256703991E-01   -0.1729011920E-01    0.0000000000E+00    0.0000000000E+00   -0.6218321405E-01
    0.2740353429E-01    0.7078053717E-01   -0.5322805263E-01   -0.2873815541E-01   -0.5962117560E-01    0.0000000000E+00    0.0000000000E+00   -0.2742588998E-01
   -0.1215829801E-01    0.3540593704E-01    0.6360438905E-02   -0.7145817953E-02    0.2022993032E-01    0.0000000000E+00    0.0000000000E+00   -0.7677933034E-02
    0.6058380660E-02    0.2097290350E-01   -0.3241018125E-01   -0.2564963267E-01   -0.5433708910E-01    0.0000000000E+00    0.0000000000E+00   -0.4016064518E-02
   -0.2931434116E-02    0.1918748828E-01    0.2205472157E-02   -0.5635415210E-03    0.2576775118E-01    0.0000000000E+00    0.0000000000E+00   -0.9886215815E-03
    0.1402788505E-02    0.3720965125E-02   -0.3280050001E-02    0.1163833367E-05   -0.2315426715E-01    0.0000000000E+00    0.0000000000E+00   -0.4025395944E-03
   -0.6631642946E-03    0.4243384872E-02   -0.3314788124E-02   -0.8309858557E-02    0.8927872477E-02    0.0000000000E+00    0.0000000000E+00   -0.9278043236E-04
    0.3097636293E-03    0.6937132280E-03    0.1140064852E-02    0.8737545666E-02   -0.1952438509E-03    0.0000000000E+00    0.0000000000E+00   -0.3557697737E-04
   -0.1429742130E-03    0.5679175838E-03    0.1105084702E-02   -0.3770758906E-02    0.3137297789E-02    0.0000000000E+00    0.0000000000E+00   -0.1993083251E-05
    0.6520284388E-04   -0.5467391630E-04    0.1475792870E-02    0.9488601818E-02    0.2107250993E-01    0.0000000000E+00    0.0000000000E+00   -0.1751970942E-05
   -0.2936932156E-04    0.4868017415E-04    0.1019038987E-02   -0.3015061965E-02   -0.2807595952E-01    0.0000000000E+00    0.0000000000E+00    0.4662474353E-06
    0.1305574805E-04   -0.2078241154E-04   -0.7386295936E-04   -0.1535964169E-02    0.1148733496E-01    0.0000000000E+00    0.0000000000E+00   -0.1711739979E-06
   -0.5720391331E-05    0.8750950391E-05    0.2271665305E-04    0.3667194616E-03   -0.1834948433E-02    0.0000000000E+00    0.0000000000E+00    0.6037125242E-07
    0.2465551791E-05   -0.3575463533E-05   -0.7951610097E-05   -0.1120315336E-03    0.4702074514E-03    0.0000000000E+00    0.0000000000E+00   -0.2064000815E-07
   -0.1042425272E-05    0.1418258397E-05    0.2872323022E-05    0.3725367967E-04   -0.1417371147E-03    0.0000000000E+00    0.0000000000E+00    0.6852730686E-08
    0.4306274204E-06   -0.5463993393E-06   -0.1039961508E-05   -0.1278923132E-04    0.4577937524E-04    0.0000000000E+00    0.0000000000E+00   -0.2212328679E-08
   -0.1728525500E-06    0.2041922415E-06    0.3722561748E-06    0.4418549816E-05   -0.1519599349E-04    0.0000000000E+00    0.0000000000E+00    0.6942287873E-09
    0.6688745030E-07   -0.7370518324E-07   -0.1303302498E-06   -0.1510052122E-05    0.5054769657E-05    0.0000000000E+00    0.0000000000E+00   -0.2110579435E-09
   -0.2466866456E-07    0.2547545081E-07    0.4407332290E-07    0.5021821100E-06   -0.1650080625E-05    0.0000000000E+00    0.0000000000E+00    0.6169604996E-10
    0.8525381057E-08   -0.8304984105E-08   -0.1414363054E-07   -0.1592839379E-06    0.5166787273E-06    0.0000000000E+00    0.0000000000E+00   -0.1710204682E-10
   -0.2690513439E-08    0.2490887355E-08    0.4194213261E-08    0.4684833583E-07   -0.1506046499E-06    0.0000000000E+00    0.0000000000E+00    0.4391579040E-11
    0.7445032946E-09   -0.6601370637E-09   -0.1102498914E-08   -0.1224347223E-07    0.3911240756E-07    0.0000000000E+00    0.0000000000E+00   -0.1005012431E-11
   -0.1688575953E-09    0.1444672434E-09    0.2398573372E-09    0.2652768408E-08   -0.8437039347E-08    0.0000000000E+00    0.0000000000E+00    0.1919014871E-12
    0.2771189267E-10   -0.2303316907E-10   -0.3807973264E-10   -0.4199328138E-09    0.1331439310E-08    0.0000000000E+00    0.0000000000E+00   -0.2702187844E-13
   -0.2440287102E-11    0.1982275452E-11    0.3267224076E-11    0.3595603794E-10   -0.1137532783E-09    0.0000000000E+00    0.0000000000E+00    0.2082263781E-14
 l,ispin:           2           2
 psi n=1,noccmax(l):
   -0.2760023957E+01    0.7272121445E+00   -0.2992147303E+00    0.2503857913E+00    0.2807542357E+00    0.0000000000E+00    0.0000000000E+00    0.8749769266E+01
    0.8954487638E+01   -0.2379912887E+01    0.9801298880E+00   -0.8155171777E+00   -0.9218135078E+00    0.0000000000E+00    0.0000000000E+00   -0.2409222527E+02
   -0.1434891268E+02    0.3863411856E+01   -0.1594223435E+01    0.1305610609E+01    0.1508180386E+01    0.0000000000E+00    0.0000000000E+00    0.3554001931E+02
    0.1329349687E+02   -0.3661344015E+01    0.1519120556E+01   -0.1178471808E+01   -0.1463375839E+01    0.0000000000E+00    0.0000000000E+00   -0.3611971765E+02
   -0.4546126646E+01    0.1372789243E+01   -0.5882380813E+00    0.2947737911E+00    0.6295267945E+00    0.0000000000E+00    0.0000000000E+00    0.2600394033E+02
   -0.2448168113E+01    0.4589903826E+00   -0.1591942752E+00    0.3928847219E+00    0.4861689502E-01    0.0000000000E+00    0.0000000000E+00   -0.1337425874E+02
   -0.7665897342E+01    0.2735000788E+01   -0.1153597194E+01    0.8338931135E+00    0.1145041878E+01    0.0000000000E+00    0.0000000000E+00    0.1254896942E+02
    0.1134654366E+02   -0.4482485187E+01    0.1881411440E+01   -0.1536592128E+01   -0.1809341157E+01    0.0000000000E+00    0.0000000000E+00   -0.1492310430E+02
    0.1641230600E+02   -0.3717572821E+01    0.1485303256E+01   -0.1530159449E+01   -0.1272576767E+01    0.0000000000E+00    0.0000000000E+00   -0.3992918865E+01
   -0.7444419269E+01    0.1896210593E+01   -0.7556363621E+00    0.8362800695E+00    0.6309805337E+00    0.0000000000E+00    0.0000000000E+00    0.3798272479E+01
   -0.4106106696E+01    0.1699196408E+01   -0.7224088980E+00    0.5519198540E+00    0.7110965267E+00    0.0000000000E+00    0.0000000000E+00    0.3745990196E+01
   -0.6073715804E+01    0.1607014185E+01   -0.6405396194E+00    0.6816269440E+00    0.5446524654E+00    0.0000000000E+00    0.0000000000E+00    0.2970522848E+01
   -0.1884742669E+01    0.7115382454E+00   -0.3110590738E+00    0.2131586978E+00    0.3172482036E+00    0.0000000000E+00    0.0000000000E+00    0.1430770453E+01
   -0.1439346721E+01    0.3639668088E+00   -0.1332723741E+00    0.1814507403E+00    0.9607640306E-01    0.0000000000E+00    0.0000000000E+00    0.8594729804E+00
   -0.1744652001E+00    0.2771554919E-01   -0.2485839153E-01   -0.2473346817E-01    0.4117640832E-01    0.0000000000E+00    0.0000000000E+00    0.3558654496E+00
   -0.1905894213E+00   -0.6800273768E-01    0.4654685214E-01   -0.7375631175E-02   -0.6123787259E-01    0.0000000000E+00    0.0000000000E+00    0.1771806618E+00
    0.3254404260E-01   -0.1032290189E+00    0.2963727171E-01   -0.5770843310E-01   -0.1709474106E-01    0.0000000000E+00    0.0000000000E+00    0.6126685035E-01
   -0.2659263927E-01   -0.7506900988E-01    0.5205346705E-01   -0.2784685250E-01   -0.6253823232E-01    0.0000000000E+00    0.0000000000E+00    0.2653787784E-01
    0.1205572622E-01   -0.3841697670E-01   -0.6010957761E-02   -0.7614846788E-02    0.2249482941E-01    0.0000000000E+00    0.0000000000E+00    0.7321517783E-02
   -0.5960223448E-02   -0.2236982934E-01    0.3263090091E-01   -0.2588151252E-01   -0.5658157957E-01    0.0000000000E+00    0.0000000000E+00    0.3737368333E-02
    0.2878654107E-02   -0.1822169948E-01   -0.3837802628E-02    0.1548417760E-02    0.2995637925E-01    0.0000000000E+00    0.0000000000E+00    0.8430239991E-03
   -0.1374623036E-02   -0.3661295386E-02    0.3336299518E-02   -0.8800110029E-03   -0.2603840494E-01    0.0000000000E+00    0.0000000000E+00    0.3579771110E-03
    0.6486747538E-03   -0.3827202807E-02    0.2654693264E-02   -0.6667952801E-02    0.1285674309E-01    0.0000000000E+00    0.0000000000E+00    0.6555165405E-04
   -0.3025544577E-03   -0.5069832199E-03   -0.1364828187E-02    0.8355408602E-02   -0.2518421977E-02    0.0000000000E+00    0.0000000000E+00    0.2868685940E-04
    0.1394994172E-03   -0.4679448802E-03   -0.1258758872E-02   -0.3057903389E-02    0.6008821416E-02    0.0000000000E+00    0.0000000000E+00   -0.4733563859E-06
   -0.6357885671E-04    0.6877791509E-04   -0.1483814476E-02    0.8898517914E-02    0.1737672837E-01    0.0000000000E+00    0.0000000000E+00    0.1658890695E-05
    0.2863330796E-04   -0.4560325231E-04   -0.9255016108E-03   -0.3189806292E-02   -0.2618455335E-01    0.0000000000E+00    0.0000000000E+00   -0.5338481000E-06
   -0.1273253746E-04    0.1969911410E-04    0.7224113011E-04   -0.1357346826E-02    0.1117533462E-01    0.0000000000E+00    0.0000000000E+00    0.1949134186E-06
    0.5583117534E-05   -0.8311549024E-05   -0.2228901192E-04    0.3244998671E-03   -0.1862935996E-02    0.0000000000E+00    0.0000000000E+00   -0.6883729376E-07
   -0.2409330711E-05    0.3401280860E-05    0.7819513044E-05   -0.9907792231E-04    0.4890641165E-03    0.0000000000E+00    0.0000000000E+00    0.2357512727E-07
    0.1020317279E-05   -0.1351184878E-05   -0.2829548198E-05    0.3292795950E-04   -0.1496699180E-03    0.0000000000E+00    0.0000000000E+00   -0.7841601763E-08
   -0.4223295683E-06    0.5212856385E-06    0.1025848860E-05   -0.1130019553E-04    0.4881959056E-04    0.0000000000E+00    0.0000000000E+00    0.2536135395E-08
    0.1699036276E-06   -0.1950507041E-06   -0.3675745941E-06    0.3903344330E-05   -0.1631108776E-04    0.0000000000E+00    0.0000000000E+00   -0.7971582287E-09
   -0.6590599602E-07    0.7048125124E-07    0.1287870278E-06   -0.1333855872E-05    0.5449399366E-05    0.0000000000E+00    0.0000000000E+00    0.2427016056E-09
    0.2436746001E-07   -0.2438299649E-07   -0.4357515024E-07    0.4435713640E-06   -0.1784135018E-05    0.0000000000E+00    0.0000000000E+00   -0.7103256721E-10
   -0.8442055399E-08    0.7954640856E-08    0.1398927445E-07   -0.1406931817E-06    0.5597649638E-06    0.0000000000E+00    0.0000000000E+00    0.1970971256E-10
    0.2670447130E-08   -0.2387194424E-08   -0.4149618613E-08    0.4138095333E-07   -0.1633836704E-06    0.0000000000E+00    0.0000000000E+00   -0.5065210246E-11
   -0.7405294572E-09    0.6329435146E-09    0.1090999207E-08   -0.1081480437E-07    0.4247003539E-07    0.0000000000E+00    0.0000000000E+00    0.1159893096E-11
    0.1682730035E-09   -0.1385646107E-09   -0.2373901555E-09    0.2343265654E-08   -0.9167039595E-08    0.0000000000E+00    0.0000000000E+00   -0.2215811908E-12
   -0.2766046070E-10    0.2209798069E-10    0.3769197670E-10   -0.3709449584E-09    0.1447255858E-08    0.0000000000E+00    0.0000000000E+00    0.3121249517E-13
    0.2439016102E-11   -0.1902174512E-11   -0.3234195591E-11    0.3176200339E-10   -0.1236842263E-09    0.0000000000E+00    0.0000000000E+00   -0.2405846977E-14
 l,ispin:           3           1
 psi n=1,noccmax(l):
   -0.8290037674E+01    0.1130999750E+01    0.1376037802E+01    0.1124704661E+01   -0.8967299207E+00    0.0000000000E+00    0.0000000000E+00
    0.2280864171E+02   -0.3112038560E+01   -0.3785936776E+01   -0.3097603445E+01    0.2447851800E+01    0.0000000000E+00    0.0000000000E+00
   -0.3361513075E+02    0.4590931228E+01    0.5591996536E+01    0.4548526091E+01   -0.3795528637E+01    0.0000000000E+00    0.0000000000E+00
    0.3414639888E+02   -0.4680408978E+01   -0.5732066590E+01   -0.4531377702E+01    0.4760152081E+01    0.0000000000E+00    0.0000000000E+00
   -0.2464169416E+02    0.3415913828E+01    0.4257241188E+01    0.3048993868E+01   -0.5628337560E+01    0.0000000000E+00    0.0000000000E+00
    0.1287825043E+02   -0.1837162625E+01   -0.2389907907E+01   -0.1287141781E+01    0.5965133481E+01    0.0000000000E+00    0.0000000000E+00
   -0.1214582597E+02    0.1714440476E+01    0.2187292641E+01    0.1368420364E+01   -0.4215695683E+01    0.0000000000E+00    0.0000000000E+00
    0.1386210008E+02   -0.1923611002E+01   -0.2374498594E+01   -0.1844746062E+01    0.2228678859E+01    0.0000000000E+00    0.0000000000E+00
    0.4060461694E+01   -0.4694976926E+00   -0.4185044410E+00   -0.9806734273E+00   -0.3969021027E+01    0.0000000000E+00    0.0000000000E+00
   -0.3321199637E+01    0.3972145847E+00    0.3738550912E+00    0.7755000315E+00    0.2867532883E+01    0.0000000000E+00    0.0000000000E+00
   -0.3467716917E+01    0.4915616587E+00    0.6228675043E+00    0.4263766240E+00   -0.9761645082E+00    0.0000000000E+00    0.0000000000E+00
   -0.2834912389E+01    0.3549669421E+00    0.3681915321E+00    0.5730220820E+00    0.1563590991E+01    0.0000000000E+00    0.0000000000E+00
   -0.1375637849E+01    0.1957745968E+00    0.2518775053E+00    0.1578153090E+00   -0.4937181263E+00    0.0000000000E+00    0.0000000000E+00
   -0.8394248960E+00    0.1031783487E+00    0.1003392516E+00    0.1880723731E+00    0.6404042836E+00    0.0000000000E+00    0.0000000000E+00
   -0.3509804221E+00    0.5087704343E-01    0.7067014440E-01    0.2378765396E-01   -0.2762688360E+00    0.0000000000E+00    0.0000000000E+00
   -0.1772517894E+00    0.2007268968E-01    0.1412094426E-01    0.5044450506E-01    0.2550060521E+00    0.0000000000E+00    0.0000000000E+00
   -0.6218321405E-01    0.8606994349E-02    0.1554313222E-01   -0.7042143836E-02   -0.1447854114E+00    0.0000000000E+00    0.0000000000E+00
   -0.2742588998E-01    0.2685701535E-02   -0.1636504343E-02    0.1327003348E-01    0.1057406990E+00    0.0000000000E+00    0.0000000000E+00
   -0.7677933034E-02   -0.6268488275E-03    0.1932052344E-02   -0.8442133377E-02   -0.7155280011E-01    0.0000000000E+00    0.0000000000E+00
   -0.4016064518E-02    0.2060865482E-02    0.6560491896E-03    0.7830383662E-02    0.5084820887E-01    0.0000000000E+00    0.0000000000E+00
   -0.9886215815E-03   -0.1603822704E-02   -0.1460016980E-02   -0.7428913973E-02   -0.3822803632E-01    0.0000000000E+00    0.0000000000E+00
   -0.4025395944E-03    0.1208352703E-03   -0.1721208123E-03    0.4056203772E-02    0.2593721618E-01    0.0000000000E+00    0.0000000000E+00
   -0.9278043236E-04   -0.9651727963E-04   -0.6423434236E-04   -0.3550047088E-02   -0.2015097857E-01    0.0000000000E+00    0.0000000000E+00
   -0.3557697737E-04   -0.2756335624E-03   -0.7990773359E-03    0.1177243436E-02    0.1322812028E-01    0.0000000000E+00    0.0000000000E+00
   -0.1993083251E-05   -0.1683610289E-03    0.3838715004E-04   -0.1652019331E-02   -0.1206078897E-01    0.0000000000E+00    0.0000000000E+00
   -0.1751970942E-05   -0.1466564087E-03   -0.6017558823E-03    0.4401735404E-04    0.9117552694E-02    0.0000000000E+00    0.0000000000E+00
    0.4662474353E-06   -0.7971817796E-04    0.2870500012E-03    0.1143032144E-02   -0.3418840127E-02    0.0000000000E+00    0.0000000000E+00
   -0.1711739979E-06    0.5286401439E-05    0.5756792476E-04   -0.5691797523E-03    0.2620724557E-03    0.0000000000E+00    0.0000000000E+00
    0.6037125242E-07   -0.1407642785E-05   -0.1199165671E-04    0.9790104254E-04    0.1999945678E-03    0.0000000000E+00    0.0000000000E+00
   -0.2064000815E-07    0.4232772923E-06    0.3116324111E-05   -0.2386548333E-04   -0.6944516439E-04    0.0000000000E+00    0.0000000000E+00
    0.6852730686E-08   -0.1304223968E-06   -0.8742250656E-06    0.6492789203E-05    0.2154054192E-04    0.0000000000E+00    0.0000000000E+00
   -0.2212328679E-08    0.4009161484E-07    0.2525748490E-06   -0.1842251183E-05   -0.6507680226E-05    0.0000000000E+00    0.0000000000E+00
    0.6942287873E-09   -0.1215810662E-07   -0.7346921793E-07    0.5294945308E-06    0.1933739944E-05    0.0000000000E+00    0.0000000000E+00
   -0.2110579435E-09    0.3606732941E-08    0.2118680024E-07   -0.1514111980E-06   -0.5633373850E-06    0.0000000000E+00    0.0000000000E+00
    0.6169604996E-10   -0.1035682683E-08   -0.5967280403E-08    0.4238534413E-07    0.1593874269E-06    0.0000000000E+00    0.0000000000E+00
   -0.1710204682E-10    0.2833751307E-09    0.1611166443E-08   -0.1139292985E-07   -0.4310787071E-07    0.0000000000E+00    0.0000000000E+00
    0.4391579040E-11   -0.7207753921E-10   -0.4060707961E-09    0.2861983069E-08    0.1086788617E-07    0.0000000000E+00    0.0000000000E+00
   -0.1005012431E-11    0.1638067653E-10    0.9170365441E-10   -0.6447642200E-09   -0.2453441507E-08    0.0000000000E+00    0.0000000000E+00
    0.1919014871E-12   -0.3111995798E-11   -0.1734573479E-10    0.1217407580E-09    0.4637877735E-09    0.0000000000E+00    0.0000000000E+00
   -0.2702187844E-13    0.4365936013E-12    0.2426124685E-11   -0.1700562267E-10   -0.6482717921E-10    0.0000000000E+00    0.0000000000E+00
    0.2082263781E-14   -0.3355356923E-13   -0.1860626756E-12    0.1302949811E-11    0.4968694221E-11    0.0000000000E+00    0.0000000000E+00
 l,ispin:           3           2
 psi n=1,noccmax(l):
    0.8749769266E+01    0.1059143253E+01    0.1331535782E+01    0.1098028576E+01    0.8523410756E+00    0.0000000000E+00    0.0000000000E+00
   -0.2409222527E+02   -0.2916543824E+01   -0.3666135076E+01   -0.3027133018E+01   -0.2323109628E+01    0.0000000000E+00    0.0000000000E+00
    0.3554001931E+02    0.4306780187E+01    0.5419998734E+01    0.4449695579E+01    0.3601531211E+01    0.0000000000E+00    0.0000000000E+00
   -0.3611971765E+02   -0.4394142461E+01   -0.5559452177E+01   -0.4433185991E+01   -0.4537576306E+01    0.0000000000E+00    0.0000000000E+00
    0.2600394033E+02    0.3202666599E+01    0.4123014854E+01    0.2967138210E+01    0.5423157532E+01    0.0000000000E+00    0.0000000000E+00
   -0.1337425874E+02   -0.1701276130E+01   -0.2288366498E+01   -0.1209232966E+01   -0.5817407553E+01    0.0000000000E+00    0.0000000000E+00
    0.1254896942E+02    0.1578869098E+01    0.2084018033E+01    0.1286987637E+01    0.4120156822E+01    0.0000000000E+00    0.0000000000E+00
   -0.1492310430E+02   -0.1838937513E+01   -0.2341903357E+01   -0.1846565764E+01   -0.2085592119E+01    0.0000000000E+00    0.0000000000E+00
   -0.3992918865E+01   -0.3987031824E+00   -0.3579544413E+00   -0.9253417166E+00    0.3833272351E+01    0.0000000000E+00    0.0000000000E+00
    0.3798272479E+01    0.4016908909E+00    0.3979999765E+00    0.8116287787E+00   -0.2851741040E+01    0.0000000000E+00    0.0000000000E+00
    0.3745990196E+01    0.4722557038E+00    0.6166939247E+00    0.4290440448E+00    0.9270079651E+00    0.0000000000E+00    0.0000000000E+00
    0.2970522848E+01    0.3274369733E+00    0.3509668386E+00    0.5619584422E+00   -0.1528923996E+01    0.0000000000E+00    0.0000000000E+00
    0.1430770453E+01    0.1816626921E+00    0.2416941353E+00    0.1503071723E+00    0.4804707677E+00    0.0000000000E+00    0.0000000000E+00
    0.8594729804E+00    0.9259208608E-01    0.9246144285E-01    0.1817197992E+00   -0.6223588362E+00    0.0000000000E+00    0.0000000000E+00
    0.3558654496E+00    0.4617518455E-01    0.6663815161E-01    0.2025332280E-01    0.2707879232E+00    0.0000000000E+00    0.0000000000E+00
    0.1771806618E+00    0.1723343359E-01    0.1179640935E-01    0.4835247678E-01   -0.2472465943E+00    0.0000000000E+00    0.0000000000E+00
    0.6126685035E-01    0.7543182843E-02    0.1448403694E-01   -0.8061103926E-02    0.1418122819E+00    0.0000000000E+00    0.0000000000E+00
    0.2653787784E-01    0.2080888246E-02   -0.2177121816E-02    0.1272089713E-01   -0.1025034571E+00    0.0000000000E+00    0.0000000000E+00
    0.7321517783E-02   -0.7896534509E-03    0.1751469817E-02   -0.8595110104E-02    0.6984401160E-01    0.0000000000E+00    0.0000000000E+00
    0.3737368333E-02    0.1943606428E-02    0.5341445144E-03    0.7658116860E-02   -0.4936410602E-01    0.0000000000E+00    0.0000000000E+00
    0.8430239991E-03   -0.1656166660E-02   -0.1528521893E-02   -0.7472687997E-02    0.3735880542E-01    0.0000000000E+00    0.0000000000E+00
    0.3579771110E-03    0.1061246901E-03   -0.1749606580E-03    0.4038698068E-02   -0.2527950301E-01    0.0000000000E+00    0.0000000000E+00
    0.6555165405E-04   -0.1098672434E-03   -0.9800281854E-04   -0.3587803047E-02    0.1974257582E-01    0.0000000000E+00    0.0000000000E+00
    0.2868685940E-04   -0.2792372898E-03   -0.7903779972E-03    0.1196054639E-02   -0.1293612032E-01    0.0000000000E+00    0.0000000000E+00
   -0.4733563859E-06   -0.1699761815E-03    0.2931274404E-04   -0.1667408860E-02    0.1183202015E-01    0.0000000000E+00    0.0000000000E+00
    0.1658890695E-05   -0.1463492563E-03   -0.5895321563E-03    0.9121776860E-04   -0.9043372928E-02    0.0000000000E+00    0.0000000000E+00
   -0.5338481000E-06   -0.7853829586E-04    0.2872907516E-03    0.1112738851E-02    0.3438481374E-02    0.0000000000E+00    0.0000000000E+00
    0.1949134186E-06    0.5251963432E-05    0.5582826117E-04   -0.5620931941E-03   -0.2863625504E-03    0.0000000000E+00    0.0000000000E+00
   -0.6883729376E-07   -0.1398532614E-05   -0.1162724775E-04    0.9712833246E-04   -0.1905080637E-03    0.0000000000E+00    0.0000000000E+00
    0.2357512727E-07    0.4205433385E-06    0.3020365830E-05   -0.2372284038E-04    0.6675754532E-04    0.0000000000E+00    0.0000000000E+00
   -0.7841601763E-08   -0.1295828904E-06   -0.8470219888E-06    0.6460643173E-05   -0.2076750258E-04    0.0000000000E+00    0.0000000000E+00
    0.2536135395E-08    0.3983465525E-07    0.2446589118E-06   -0.1834263042E-05    0.6282984395E-05    0.0000000000E+00    0.0000000000E+00
   -0.7971582287E-09   -0.1208051700E-07   -0.7115589582E-07    0.5274059421E-06   -0.1868460126E-05    0.0000000000E+00    0.0000000000E+00
    0.2427016056E-09    0.3583805211E-08    0.2051774080E-07   -0.1508530271E-06    0.5445854013E-06    0.0000000000E+00    0.0000000000E+00
   -0.7103256721E-10   -0.1029120594E-08   -0.5778500272E-08    0.4223644615E-07   -0.1541298531E-06    0.0000000000E+00    0.0000000000E+00
    0.1970971256E-10    0.2815844725E-09    0.1560140501E-08   -0.1135425235E-07    0.4169442720E-07    0.0000000000E+00    0.0000000000E+00
   -0.5065210246E-11   -0.7162304405E-10   -0.3932022284E-09    0.2852498823E-08   -0.1051297576E-07    0.0000000000E+00    0.0000000000E+00
    0.1159893096E-11    0.1627755581E-10    0.8879645585E-10   -0.6426635538E-09    0.2373537609E-08    0.0000000000E+00    0.0000000000E+00
   -0.2215811908E-12   -0.3092429604E-11   -0.1679572655E-10    0.1213488241E-09   -0.4487109975E-09    0.0000000000E+00    0.0000000000E+00
    0.3121249517E-13    0.4338511955E-12    0.2349187521E-11   -0.1695133009E-10    0.6272244137E-10    0.0000000000E+00    0.0000000000E+00
   -0.2405846977E-14   -0.3334295670E-13   -0.1801619567E-12    0.1298814244E-11   -0.4807515604E-11    0.0000000000E+00    0.0000000000E+00
