   40             4.00000 ng, rij 
     2.929     8.000                                       rcov,rprb 
 r                           (non)relativistic calculation
 BP                          XC-functional
 11.000  9.000    0.1800000000   -0.8857428766E+01    0.3941549816E+01    0.0000000000E+00    0.0000000000E+00  znuc,zion,rloc,gpot()
   1                                                       lpx, (Projectors for l=0..lpx)
    0.1402149881    0.3868824949E+02   -0.0000000000E+00    0.0000000000E+00    0.0000000000E+00   -0.0000000000E+00    0.0000000000E+00  r_l(),hsep(), so=+0.5
    0.1480036511   -0.7521212091E+01   -0.0000000000E+00    0.0000000000E+00    0.0000000000E+00   -0.0000000000E+00    0.0000000000E+00  r_l(),hsep(), so=+0.5
   -0.7568779972E+01   -0.0000000000E+00    0.0000000000E+00    0.0000000000E+00   -0.0000000000E+00    0.0000000000E+00         hsep(), so=-0.5
 ---------------------------------------------
 Additional information (last calculation):
 gaussian exponents:
 xp():   174.59426695964143        123.45679012345680        87.297133479820715        61.728395061728428        43.648566739910358        30.864197530864214        21.824283369955186        15.432098765432112        10.912141684977593        7.7160493827160561        5.4560708424887991        3.8580246913580298        2.7280354212443996        1.9290123456790149        1.3640177106222007       0.96450617283950812       0.68200885531110056       0.48225308641975412       0.34100442765555034       0.24112654320987706       0.17050221382777517       0.12056327160493853        8.5251106913887639E-002   6.0281635802469306E-002   4.2625553456943813E-002   3.0140817901234667E-002   2.1312776728471910E-002   1.5070408950617330E-002   1.0656388364235955E-002   7.5352044753086702E-003   5.3281941821179818E-003   3.7676022376543351E-003   2.6640970910589913E-003   1.8838011188271676E-003   1.3320485455294954E-003   9.4190055941358410E-004   6.6602427276474794E-004   4.7095027970679205E-004   3.3301213638237408E-004   2.3547513985339608E-004
 orbital coefficients (one orbital per column)
 l,ispin:           0           1
 psi n=1,noccmax(l):
    0.4487550800E-02    0.2750818385E-02    0.6380949074E-03   -0.7643965802E-02    0.0000000000E+00
   -0.3264483053E-01   -0.1667405838E-01   -0.3051186039E-02    0.4362547407E-01    0.0000000000E+00
    0.1274704242E+00    0.5470472545E-01    0.6535207552E-02   -0.1316699073E+00    0.0000000000E+00
   -0.3380155753E+00   -0.1279833832E+00   -0.7780933158E-02    0.2833880540E+00    0.0000000000E+00
    0.5800360328E+00    0.2196796817E+00    0.1284872163E-01   -0.4847862431E+00    0.0000000000E+00
   -0.6719679048E+00   -0.2925230595E+00   -0.3560518784E-01    0.7061815458E+00    0.0000000000E+00
    0.1026442738E+01    0.4226673641E+00    0.3544545503E-01   -0.9684202084E+00    0.0000000000E+00
    0.5913793869E+00   -0.1890051912E+00   -0.2122866229E+00    0.1077281189E+01    0.0000000000E+00
    0.1148874516E+01    0.5839062630E+00    0.8759795350E-01   -0.1465586040E+01    0.0000000000E+00
    0.7753671864E+00   -0.2766413580E+00   -0.3017096571E+00    0.1545778112E+01    0.0000000000E+00
    0.6044191255E+00    0.6235663840E+00    0.2009518012E+00   -0.1918724419E+01    0.0000000000E+00
   -0.1951805035E+00   -0.6337877532E+00   -0.2634120944E+00    0.2149367164E+01    0.0000000000E+00
   -0.4250204641E+00    0.5917647000E+00    0.3524899899E+00   -0.2366379392E+01    0.0000000000E+00
   -0.6970315914E+00   -0.8791357110E+00   -0.2831991185E+00    0.2742990372E+01    0.0000000000E+00
   -0.8126053867E+00    0.5042891187E+00    0.5363394077E+00   -0.2840079950E+01    0.0000000000E+00
   -0.5578620133E+00   -0.6328857228E+00   -0.5477696635E+00    0.3176318915E+01    0.0000000000E+00
   -0.6251548875E+00   -0.2962266175E-01    0.9586433285E+00   -0.3156481393E+01    0.0000000000E+00
   -0.2428225524E+00   -0.3962145719E-01   -0.1022168495E+01    0.3463185684E+01    0.0000000000E+00
   -0.1970238603E+00   -0.1510843923E+00    0.1227256730E+01   -0.3631704006E+01    0.0000000000E+00
   -0.3475977597E-01    0.3578239325E-01   -0.1276987655E+01    0.3918720477E+01    0.0000000000E+00
   -0.3228572172E-01   -0.1209286942E+00    0.1446405147E+01   -0.4017075920E+01    0.0000000000E+00
    0.8365638483E-02    0.6798466087E-01   -0.1529117799E+01    0.4055494803E+01    0.0000000000E+00
   -0.7319198722E-02    0.2854453095E-01    0.1519833837E+01   -0.3935561826E+01    0.0000000000E+00
    0.4752514815E-02   -0.2273436528E-02   -0.1410324609E+01    0.3546387185E+01    0.0000000000E+00
   -0.3163613785E-02    0.1378117566E+00    0.9696153062E+00   -0.3001054628E+01    0.0000000000E+00
    0.2095647514E-02    0.3678824963E-01   -0.7434990582E+00    0.1516709429E+01    0.0000000000E+00
   -0.1378557621E-02    0.5613101825E-01    0.2109613370E+00    0.3227231251E+00    0.0000000000E+00
    0.8983009282E-03    0.5666254417E-02    0.2852519467E+00   -0.2359454048E+01    0.0000000000E+00
   -0.5784219752E-03    0.1040591655E-01   -0.7305321283E+00    0.3252442648E+01    0.0000000000E+00
    0.3669907000E-03   -0.1474082870E-02    0.8084091308E+00   -0.2730855000E+01    0.0000000000E+00
   -0.2285813218E-03    0.4144168173E-03   -0.5180178053E+00    0.2373457352E+01    0.0000000000E+00
    0.1390567300E-03    0.1964424924E-04    0.3755493372E+00   -0.1792192842E+01    0.0000000000E+00
   -0.8203709857E-04   -0.1031663433E-03   -0.2254574561E+00    0.9847770387E+00    0.0000000000E+00
    0.4646280454E-04    0.8655028404E-04    0.1245667959E+00   -0.5226954290E+00    0.0000000000E+00
   -0.2490118287E-04   -0.5381478407E-04   -0.6358567698E-01    0.2602534478E+00    0.0000000000E+00
    0.1236969786E-04    0.2818476513E-04    0.2969200599E-01   -0.1194068340E+00    0.0000000000E+00
   -0.5525715730E-05   -0.1267270423E-04   -0.1239964079E-01    0.4921328660E-01    0.0000000000E+00
    0.2121092137E-05    0.4782252113E-05    0.4449531058E-02   -0.1748357299E-01    0.0000000000E+00
   -0.6508203327E-06   -0.1426654763E-05   -0.1281232368E-02    0.4995871581E-02    0.0000000000E+00
    0.1402954060E-06    0.2979058929E-06    0.2608480056E-03   -0.1011188222E-02    0.0000000000E+00
   -0.1570288186E-07   -0.3232084380E-07   -0.2778767777E-04    0.1072448112E-03    0.0000000000E+00
 l,ispin:           1           1
 psi n=1,noccmax(l):
    0.1208878104E+00   -0.1038361327E-01    0.4634559857E-01    0.6696425686E-01
   -0.3887049036E+00    0.2802486275E-01   -0.1938344565E+00   -0.3058721670E+00
    0.6711354783E+00   -0.3621988620E-01    0.4380296944E+00    0.7365983372E+00
   -0.5739406494E+00   -0.7649624833E-02   -0.7011336759E+00   -0.1288913555E+01
   -0.3298892457E+00    0.1498767129E+00    0.8899750630E+00    0.1870897017E+01
    0.9830544066E+00   -0.2562316984E+00   -0.1041141980E+01   -0.2324318951E+01
   -0.5411873442E+00    0.2211453645E+00    0.1203329511E+01    0.2560904208E+01
    0.4331782423E+01   -0.7084593699E+00   -0.9874133823E+00   -0.2985521385E+01
    0.3234725776E+01   -0.2117497357E+00    0.1554800934E+01    0.2477076435E+01
    0.2900918933E+01   -0.5584719345E+00   -0.1079323465E+01   -0.2903512035E+01
    0.2457513315E+01   -0.1173037527E+00    0.1439121927E+01    0.2423864265E+01
    0.2353562906E+01   -0.5141887278E+00   -0.1004756166E+01   -0.2696088621E+01
    0.1757597261E+01   -0.4371844999E-02    0.1247269500E+01    0.2267410194E+01
    0.1362562542E+01   -0.4140798729E+00   -0.9271899771E+00   -0.2391937094E+01
    0.9821392334E+00    0.9836872156E-01    0.1044261286E+01    0.2076733471E+01
    0.5491371554E+00   -0.2631734296E+00   -0.8757409680E+00   -0.2050756830E+01
    0.4556737465E+00    0.4683779234E-01    0.9384074996E+00    0.1797862752E+01
    0.1590036524E+00   -0.6342736848E-01   -0.8653771399E+00   -0.1687092194E+01
    0.1242054979E+00    0.1277718361E-01    0.8348763467E+00    0.1540113898E+01
    0.2838497842E-01   -0.2111905944E-01   -0.7716343850E+00   -0.1430713737E+01
    0.2380276309E-01    0.1229384541E-01    0.7210959818E+00    0.1310026947E+01
   -0.8725599022E-03   -0.7497169933E-02   -0.6705620593E+00   -0.1185039724E+01
    0.3697698351E-02    0.3269693509E-01    0.5957150645E+00    0.1077061118E+01
   -0.1633211353E-02   -0.2257357914E-01   -0.5321619593E+00   -0.9408914393E+00
    0.9916229908E-03    0.4366278862E-01    0.4263424629E+00    0.8297449844E+00
   -0.5648551604E-03   -0.7563603598E-02   -0.3578750920E+00   -0.6331532242E+00
    0.3188686191E-03    0.2116745453E-01    0.2462635366E+00    0.4416280002E+00
   -0.1773938096E-03   -0.4702080717E-02   -0.1489854197E+00   -0.2264629281E+00
    0.9709220644E-04    0.6508555790E-02    0.5228809117E-01    0.9539123155E-01
   -0.5216662609E-04   -0.8462792921E-03   -0.7039632862E-02   -0.4216595357E-01
    0.2743123443E-04    0.4270433251E-03    0.4586009967E-02   -0.2031163815E-01
   -0.1405651278E-04   -0.8111007955E-04    0.3136089134E-02    0.3200960555E-01
    0.6976405191E-05    0.3497344265E-06   -0.2290934475E-02   -0.1287246691E-01
   -0.3324133212E-05    0.1122287987E-04    0.1255364753E-02    0.5563748929E-02
    0.1501280500E-05   -0.8016915644E-05   -0.5930230147E-03   -0.2324280882E-02
   -0.6307243408E-06    0.4031027856E-05    0.2488249253E-03    0.9069590426E-03
    0.2397017281E-06   -0.1652184213E-05   -0.9228317704E-04   -0.3211914978E-03
   -0.7894097315E-07    0.5588230141E-06    0.2935482594E-04    0.9908143117E-04
    0.2101070243E-07   -0.1490980273E-06   -0.7525648302E-05   -0.2487481904E-04
   -0.3981655349E-08    0.2800036809E-07    0.1375896575E-05    0.4482223545E-05
    0.3977859761E-09   -0.2759643937E-08   -0.1331334961E-06   -0.4293172366E-06
 l,ispin:           1           2
 psi n=1,noccmax(l):
    0.1213817927E+00   -0.1040067634E-01    0.4629809360E-01    0.6697718213E-01
   -0.3902512272E+00    0.2807589664E-01   -0.1936148196E+00   -0.3059424451E+00
    0.6739275221E+00   -0.3632785346E-01    0.4375134129E+00    0.7367687516E+00
   -0.5767256185E+00   -0.7494169772E-02   -0.7002592788E+00   -0.1289214134E+01
   -0.3307668642E+00    0.1498287524E+00    0.8886958130E+00    0.1871404703E+01
    0.9869322875E+00   -0.2563084956E+00   -0.1039520287E+01   -0.2325012797E+01
   -0.5411154747E+00    0.2209006092E+00    0.1201697390E+01    0.2561486378E+01
    0.4361300380E+01   -0.7105028772E+00   -0.9844379125E+00   -0.2987471728E+01
    0.3261036560E+01   -0.2137331123E+00    0.1553970726E+01    0.2476701164E+01
    0.2920982633E+01   -0.5600244704E+00   -0.1076601333E+01   -0.2905178170E+01
    0.2471156340E+01   -0.1180970568E+00    0.1437696056E+01    0.2424145546E+01
    0.2363398660E+01   -0.5147918843E+00   -0.1002731259E+01   -0.2697127226E+01
    0.1762394444E+01   -0.4183571238E-02    0.1245463237E+01    0.2268188412E+01
    0.1365991867E+01   -0.4143671875E+00   -0.9255200400E+00   -0.2392709954E+01
    0.9820284254E+00    0.9905356905E-01    0.1042371537E+01    0.2077730097E+01
    0.5499560760E+00   -0.2634039508E+00   -0.8742427623E+00   -0.2051455498E+01
    0.4541503088E+00    0.4736497832E-01    0.9367522095E+00    0.1798748795E+01
    0.1586888375E+00   -0.6325236829E-01   -0.8642263612E+00   -0.1687534410E+01
    0.1233864053E+00    0.1289739244E-01    0.8336215871E+00    0.1540705712E+01
    0.2813996369E-01   -0.2090938748E-01   -0.7706689505E+00   -0.1431065591E+01
    0.2351575641E-01    0.1228493555E-01    0.7200890797E+00    0.1310474818E+01
   -0.9024506578E-03   -0.7289358481E-02   -0.6697773787E+00   -0.1185306752E+01
    0.3647130421E-02    0.3261217554E-01    0.5949604917E+00    0.1077352772E+01
   -0.1618802563E-02   -0.2239302129E-01   -0.5315809832E+00   -0.9410447686E+00
    0.9812029962E-03    0.4357569754E-01    0.4258053396E+00    0.8299269248E+00
   -0.5589229271E-03   -0.7481008737E-02   -0.3574375494E+00   -0.6333292503E+00
    0.3154731817E-03    0.2110392677E-01    0.2459729840E+00    0.4417544902E+00
   -0.1754844864E-03   -0.4670254987E-02   -0.1488147501E+00   -0.2265543490E+00
    0.9603899476E-04    0.6485065014E-02    0.5225217615E-01    0.9534850343E-01
   -0.5159814505E-04   -0.8448211670E-03   -0.7022426977E-02   -0.4217947714E-01
    0.2713195203E-04    0.4260009685E-03    0.4580441364E-02   -0.2021091076E-01
   -0.1390350109E-04   -0.8128506770E-04    0.3128859864E-02    0.3195052582E-01
    0.6900889745E-05    0.6205464227E-06   -0.2286680103E-02   -0.1285613708E-01
   -0.3288463347E-05    0.1104537476E-04    0.1253217537E-02    0.5558206721E-02
    0.1485352890E-05   -0.7925795161E-05   -0.5920513862E-03   -0.2322315788E-02
   -0.6241221051E-06    0.3990913550E-05    0.2484277194E-03    0.9062749415E-03
    0.2372295157E-06   -0.1636840160E-05   -0.9213835333E-04   -0.3209679686E-03
   -0.7813926679E-07    0.5538384842E-06    0.2930929243E-04    0.9901630686E-04
    0.2080055651E-07   -0.1478011672E-06   -0.7514069979E-05   -0.2485912068E-04
   -0.3942401751E-08    0.2776075963E-07    0.1373791985E-05    0.4479475480E-05
    0.3939151767E-09   -0.2736283223E-08   -0.1329306959E-06   -0.4290593766E-06
 l,ispin:           2           1
 psi n=1,noccmax(l):
    0.1010067748E+00   -0.3664838435E+00   -0.2350400474E+00   -0.4832394341E+00    0.0000000000E+00
   -0.3498513209E+00    0.1269968765E+01    0.8142209775E+00    0.1674173875E+01    0.0000000000E+00
    0.6547286612E+00   -0.2378352068E+01   -0.1524123535E+01   -0.3134255766E+01    0.0000000000E+00
   -0.8934348543E+00    0.3250967411E+01    0.2080952047E+01    0.4280625287E+01    0.0000000000E+00
    0.1007924255E+01   -0.3679140646E+01   -0.2350036310E+01   -0.4836832672E+01    0.0000000000E+00
   -0.1008851278E+01    0.3689680430E+01    0.2353680215E+01    0.4846063320E+01    0.0000000000E+00
    0.9348094264E+00   -0.3417385356E+01   -0.2180590046E+01   -0.4489512244E+01    0.0000000000E+00
   -0.8204896158E+00    0.3005704172E+01    0.1915163883E+01    0.3944645055E+01    0.0000000000E+00
    0.7044438901E+00   -0.2541413956E+01   -0.1636000435E+01   -0.3361126607E+01    0.0000000000E+00
   -0.5831573028E+00    0.2108667535E+01    0.1355217591E+01    0.2785640871E+01    0.0000000000E+00
    0.4829704012E+00   -0.1712663427E+01   -0.1115185053E+01   -0.2284998200E+01    0.0000000000E+00
   -0.3877621339E+00    0.1386637239E+01    0.8975560378E+00    0.1842092086E+01    0.0000000000E+00
    0.3227243959E+00   -0.1097836976E+01   -0.7350374214E+00   -0.1496267427E+01    0.0000000000E+00
   -0.2563462353E+00    0.8786511047E+00    0.5850204987E+00    0.1192885713E+01    0.0000000000E+00
    0.2143969802E+00   -0.6868726139E+00   -0.4792414737E+00   -0.9666892375E+00    0.0000000000E+00
   -0.1670853277E+00    0.5503562359E+00    0.3768500957E+00    0.7642361147E+00    0.0000000000E+00
    0.1339310875E+00   -0.4356233806E+00   -0.3014280021E+00   -0.6105902447E+00    0.0000000000E+00
   -0.9854185961E-01    0.3559798164E+00    0.2294763635E+00    0.4738777651E+00    0.0000000000E+00
    0.7977045093E-01   -0.2812583360E+00   -0.1842270078E+00   -0.3797348147E+00    0.0000000000E+00
   -0.6101870106E-01    0.2271277358E+00    0.1430100788E+00    0.2986128136E+00    0.0000000000E+00
    0.4974022306E-01   -0.1798561483E+00   -0.1147594375E+00   -0.2397347074E+00    0.0000000000E+00
   -0.3874676425E-01    0.1452092978E+00    0.8894522678E-01    0.1886501103E+00    0.0000000000E+00
    0.3359050297E-01   -0.1128193417E+00   -0.7305439922E-01   -0.1537301914E+00    0.0000000000E+00
   -0.2668937666E-01    0.8953243494E-01    0.5709626840E-01    0.1220547545E+00    0.0000000000E+00
    0.2242166555E-01   -0.6720485796E-01   -0.4742478293E-01   -0.1015446991E+00    0.0000000000E+00
   -0.1472470450E-01    0.5331162876E-01    0.3245287711E-01    0.7559254948E-01    0.0000000000E+00
    0.1176517228E-01   -0.3575408334E-01   -0.2363571769E-01   -0.5748754855E-01    0.0000000000E+00
   -0.6644888302E-02    0.2280381876E-01    0.1313392105E-01    0.3712666967E-01    0.0000000000E+00
    0.3915452519E-02   -0.1009660388E-01   -0.9428271382E-02   -0.2986530403E-01    0.0000000000E+00
   -0.1131956752E-02    0.4687016190E-02    0.4715599806E-02    0.2759181052E-01    0.0000000000E+00
    0.6355089196E-03   -0.2283549599E-02    0.9905162330E-03   -0.1545983763E-01    0.0000000000E+00
   -0.2118999491E-03    0.5210125422E-03   -0.1432419175E-02    0.3955163238E-02    0.0000000000E+00
    0.7656324465E-04   -0.1878478158E-03    0.3319228821E-03   -0.2958135672E-03    0.0000000000E+00
   -0.2716863570E-04    0.6599232824E-04   -0.9658792706E-04    0.2211265817E-04    0.0000000000E+00
    0.9300034577E-05   -0.2233699898E-04    0.2973334147E-04    0.2829441244E-05    0.0000000000E+00
   -0.3013523817E-05    0.7163749085E-05   -0.9043808532E-05   -0.2492504964E-05    0.0000000000E+00
    0.9000565671E-06   -0.2121069662E-05    0.2593724003E-05    0.9931673508E-06    0.0000000000E+00
   -0.2377795596E-06    0.5564219855E-06   -0.6667659576E-06   -0.2995465096E-06    0.0000000000E+00
    0.5190583668E-07   -0.1207942868E-06    0.1428228014E-06    0.7016949928E-07    0.0000000000E+00
   -0.8258759287E-08    0.1913807259E-07   -0.2242324562E-07   -0.1162473422E-07    0.0000000000E+00
    0.7095932916E-09   -0.1639053460E-08    0.1908372211E-08    0.1023149058E-08    0.0000000000E+00
 l,ispin:           2           2
 psi n=1,noccmax(l):
    0.1010067748E+00   -0.3664838435E+00   -0.2350400474E+00   -0.4832394341E+00    0.0000000000E+00
   -0.3498513209E+00    0.1269968765E+01    0.8142209775E+00    0.1674173875E+01    0.0000000000E+00
    0.6547286612E+00   -0.2378352068E+01   -0.1524123535E+01   -0.3134255766E+01    0.0000000000E+00
   -0.8934348543E+00    0.3250967411E+01    0.2080952047E+01    0.4280625287E+01    0.0000000000E+00
    0.1007924255E+01   -0.3679140646E+01   -0.2350036310E+01   -0.4836832672E+01    0.0000000000E+00
   -0.1008851278E+01    0.3689680430E+01    0.2353680215E+01    0.4846063320E+01    0.0000000000E+00
    0.9348094264E+00   -0.3417385356E+01   -0.2180590046E+01   -0.4489512244E+01    0.0000000000E+00
   -0.8204896158E+00    0.3005704172E+01    0.1915163883E+01    0.3944645055E+01    0.0000000000E+00
    0.7044438901E+00   -0.2541413956E+01   -0.1636000435E+01   -0.3361126607E+01    0.0000000000E+00
   -0.5831573028E+00    0.2108667535E+01    0.1355217591E+01    0.2785640871E+01    0.0000000000E+00
    0.4829704012E+00   -0.1712663427E+01   -0.1115185053E+01   -0.2284998200E+01    0.0000000000E+00
   -0.3877621339E+00    0.1386637239E+01    0.8975560378E+00    0.1842092086E+01    0.0000000000E+00
    0.3227243959E+00   -0.1097836976E+01   -0.7350374214E+00   -0.1496267427E+01    0.0000000000E+00
   -0.2563462353E+00    0.8786511047E+00    0.5850204987E+00    0.1192885713E+01    0.0000000000E+00
    0.2143969802E+00   -0.6868726139E+00   -0.4792414737E+00   -0.9666892375E+00    0.0000000000E+00
   -0.1670853277E+00    0.5503562359E+00    0.3768500957E+00    0.7642361147E+00    0.0000000000E+00
    0.1339310875E+00   -0.4356233806E+00   -0.3014280021E+00   -0.6105902447E+00    0.0000000000E+00
   -0.9854185961E-01    0.3559798164E+00    0.2294763635E+00    0.4738777651E+00    0.0000000000E+00
    0.7977045093E-01   -0.2812583360E+00   -0.1842270078E+00   -0.3797348147E+00    0.0000000000E+00
   -0.6101870106E-01    0.2271277358E+00    0.1430100788E+00    0.2986128136E+00    0.0000000000E+00
    0.4974022306E-01   -0.1798561483E+00   -0.1147594375E+00   -0.2397347074E+00    0.0000000000E+00
   -0.3874676425E-01    0.1452092978E+00    0.8894522678E-01    0.1886501103E+00    0.0000000000E+00
    0.3359050297E-01   -0.1128193417E+00   -0.7305439922E-01   -0.1537301914E+00    0.0000000000E+00
   -0.2668937666E-01    0.8953243494E-01    0.5709626840E-01    0.1220547545E+00    0.0000000000E+00
    0.2242166555E-01   -0.6720485796E-01   -0.4742478293E-01   -0.1015446991E+00    0.0000000000E+00
   -0.1472470450E-01    0.5331162876E-01    0.3245287711E-01    0.7559254948E-01    0.0000000000E+00
    0.1176517228E-01   -0.3575408334E-01   -0.2363571769E-01   -0.5748754855E-01    0.0000000000E+00
   -0.6644888302E-02    0.2280381876E-01    0.1313392105E-01    0.3712666967E-01    0.0000000000E+00
    0.3915452519E-02   -0.1009660388E-01   -0.9428271382E-02   -0.2986530403E-01    0.0000000000E+00
   -0.1131956752E-02    0.4687016190E-02    0.4715599806E-02    0.2759181052E-01    0.0000000000E+00
    0.6355089196E-03   -0.2283549599E-02    0.9905162330E-03   -0.1545983763E-01    0.0000000000E+00
   -0.2118999491E-03    0.5210125422E-03   -0.1432419175E-02    0.3955163238E-02    0.0000000000E+00
    0.7656324465E-04   -0.1878478158E-03    0.3319228821E-03   -0.2958135672E-03    0.0000000000E+00
   -0.2716863570E-04    0.6599232824E-04   -0.9658792706E-04    0.2211265817E-04    0.0000000000E+00
    0.9300034577E-05   -0.2233699898E-04    0.2973334147E-04    0.2829441244E-05    0.0000000000E+00
   -0.3013523817E-05    0.7163749085E-05   -0.9043808532E-05   -0.2492504964E-05    0.0000000000E+00
    0.9000565671E-06   -0.2121069662E-05    0.2593724003E-05    0.9931673508E-06    0.0000000000E+00
   -0.2377795596E-06    0.5564219855E-06   -0.6667659576E-06   -0.2995465096E-06    0.0000000000E+00
    0.5190583668E-07   -0.1207942868E-06    0.1428228014E-06    0.7016949928E-07    0.0000000000E+00
   -0.8258759287E-08    0.1913807259E-07   -0.2242324562E-07   -0.1162473422E-07    0.0000000000E+00
    0.7095932916E-09   -0.1639053460E-08    0.1908372211E-08    0.1023149058E-08    0.0000000000E+00
 l,ispin:           3           1
 psi n=1,noccmax(l):
    0.5421200713E+00   -0.1048310627E+01   -0.1890818303E-01   -0.3132036978E+01    0.0000000000E+00
   -0.1482913841E+01    0.2867466849E+01    0.5174124810E-01    0.8567257400E+01    0.0000000000E+00
    0.2222117524E+01   -0.4296691843E+01   -0.7755680941E-01   -0.1283762405E+02    0.0000000000E+00
   -0.2459148796E+01    0.4754837156E+01    0.8581349756E-01    0.1420661243E+02    0.0000000000E+00
    0.2275457152E+01   -0.4399522326E+01   -0.7929944892E-01   -0.1314490440E+02    0.0000000000E+00
   -0.1882084698E+01    0.3638740419E+01    0.6548046038E-01    0.1087175892E+02    0.0000000000E+00
    0.1448297691E+01   -0.2799728880E+01   -0.5033188930E-01   -0.8365082708E+01    0.0000000000E+00
   -0.1063226233E+01    0.2055019350E+01    0.3683727471E-01    0.6139944849E+01    0.0000000000E+00
    0.7569719519E+00   -0.1462160249E+01   -0.2652293208E-01   -0.4369853504E+01    0.0000000000E+00
   -0.5280798522E+00    0.1019519198E+01    0.1847740691E-01    0.3047132227E+01    0.0000000000E+00
    0.3637101811E+00   -0.7012678254E+00   -0.1297273025E-01   -0.2096978585E+01    0.0000000000E+00
   -0.2483609977E+00    0.4783508627E+00    0.8795492028E-02    0.1430394261E+01    0.0000000000E+00
    0.1689927157E+00   -0.3241043816E+00   -0.6539694990E-02   -0.9711491807E+00    0.0000000000E+00
   -0.1146089231E+00    0.2190876598E+00    0.4498286364E-02    0.6568378138E+00    0.0000000000E+00
    0.7788460452E-01   -0.1475334932E+00   -0.3580604047E-02   -0.4441607507E+00    0.0000000000E+00
   -0.5281438479E-01    0.9969163071E-01    0.2227282489E-02    0.2995759791E+00    0.0000000000E+00
    0.3590417462E-01   -0.6750905483E-01   -0.1253863545E-02   -0.2020904069E+00    0.0000000000E+00
   -0.2432185827E-01    0.4626190468E-01   -0.7953729081E-06    0.1357619525E+00    0.0000000000E+00
    0.1672707866E-01   -0.3164772450E-01    0.3452964697E-03   -0.9178668178E-01    0.0000000000E+00
   -0.1157282081E-01    0.2193280680E-01   -0.7423874811E-03    0.6201599229E-01    0.0000000000E+00
    0.8178753503E-02   -0.1527541100E-01    0.8316712326E-03   -0.4220663139E-01    0.0000000000E+00
   -0.5874451186E-02    0.1082582077E-01   -0.9669701675E-03    0.2874894509E-01    0.0000000000E+00
    0.4417312793E-02   -0.7595986369E-02    0.7373477430E-03   -0.2004962951E-01    0.0000000000E+00
   -0.3339474880E-02    0.5463358868E-02   -0.6833598258E-03    0.1402200992E-01    0.0000000000E+00
    0.2557930770E-02   -0.3895791548E-02    0.4894112460E-03   -0.1012296021E-01    0.0000000000E+00
   -0.1812379250E-02    0.2980266326E-02   -0.7365273983E-03    0.6827591217E-02    0.0000000000E+00
    0.1338182447E-02   -0.1945883127E-02    0.4510014656E-03   -0.4925123723E-02    0.0000000000E+00
   -0.8201505889E-03    0.1229474863E-02   -0.3541756702E-03    0.3295235796E-02    0.0000000000E+00
    0.4399372006E-03   -0.5575267013E-03   -0.6828056190E-04   -0.2824323157E-02    0.0000000000E+00
   -0.1381152585E-03    0.3429239157E-03   -0.1046351867E-03    0.1995035645E-02    0.0000000000E+00
    0.7465693755E-04   -0.1239004852E-03    0.2549027625E-03   -0.7713375405E-03    0.0000000000E+00
   -0.2103139068E-04    0.1118674280E-04   -0.1219054667E-03    0.1080704578E-03    0.0000000000E+00
    0.6753113293E-05   -0.4662647746E-05    0.2524235810E-04    0.1616373680E-04    0.0000000000E+00
   -0.2100774171E-05    0.1567855529E-05   -0.6457674614E-05   -0.6920959215E-05    0.0000000000E+00
    0.6245020676E-06   -0.4808733008E-06    0.1721150066E-05    0.2137649402E-05    0.0000000000E+00
   -0.1749969391E-06    0.1365958671E-06   -0.4505932708E-06   -0.5949241236E-06    0.0000000000E+00
    0.4521886402E-07   -0.3550203264E-07    0.1113213512E-06    0.1513405252E-06    0.0000000000E+00
   -0.1038071486E-07    0.8167765139E-08   -0.2478566148E-07   -0.3420551049E-07    0.0000000000E+00
    0.1984454743E-08   -0.1562131157E-08    0.4638748192E-08    0.6453085915E-08    0.0000000000E+00
   -0.2794483000E-09    0.2199124092E-09   -0.6435895469E-09   -0.8991959140E-09    0.0000000000E+00
    0.2152298486E-10   -0.1692778760E-10    0.4905321138E-10    0.6869609448E-10    0.0000000000E+00
 l,ispin:           3           2
 psi n=1,noccmax(l):
    0.5421200713E+00   -0.1048310627E+01   -0.1890818303E-01   -0.3132036978E+01    0.0000000000E+00
   -0.1482913841E+01    0.2867466849E+01    0.5174124810E-01    0.8567257400E+01    0.0000000000E+00
    0.2222117524E+01   -0.4296691843E+01   -0.7755680941E-01   -0.1283762405E+02    0.0000000000E+00
   -0.2459148796E+01    0.4754837156E+01    0.8581349756E-01    0.1420661243E+02    0.0000000000E+00
    0.2275457152E+01   -0.4399522326E+01   -0.7929944892E-01   -0.1314490440E+02    0.0000000000E+00
   -0.1882084698E+01    0.3638740419E+01    0.6548046038E-01    0.1087175892E+02    0.0000000000E+00
    0.1448297691E+01   -0.2799728880E+01   -0.5033188930E-01   -0.8365082708E+01    0.0000000000E+00
   -0.1063226233E+01    0.2055019350E+01    0.3683727471E-01    0.6139944849E+01    0.0000000000E+00
    0.7569719519E+00   -0.1462160249E+01   -0.2652293208E-01   -0.4369853504E+01    0.0000000000E+00
   -0.5280798522E+00    0.1019519198E+01    0.1847740691E-01    0.3047132227E+01    0.0000000000E+00
    0.3637101811E+00   -0.7012678254E+00   -0.1297273025E-01   -0.2096978585E+01    0.0000000000E+00
   -0.2483609977E+00    0.4783508627E+00    0.8795492028E-02    0.1430394261E+01    0.0000000000E+00
    0.1689927157E+00   -0.3241043816E+00   -0.6539694990E-02   -0.9711491807E+00    0.0000000000E+00
   -0.1146089231E+00    0.2190876598E+00    0.4498286364E-02    0.6568378138E+00    0.0000000000E+00
    0.7788460452E-01   -0.1475334932E+00   -0.3580604047E-02   -0.4441607507E+00    0.0000000000E+00
   -0.5281438479E-01    0.9969163071E-01    0.2227282489E-02    0.2995759791E+00    0.0000000000E+00
    0.3590417462E-01   -0.6750905483E-01   -0.1253863545E-02   -0.2020904069E+00    0.0000000000E+00
   -0.2432185827E-01    0.4626190468E-01   -0.7953729081E-06    0.1357619525E+00    0.0000000000E+00
    0.1672707866E-01   -0.3164772450E-01    0.3452964697E-03   -0.9178668178E-01    0.0000000000E+00
   -0.1157282081E-01    0.2193280680E-01   -0.7423874811E-03    0.6201599229E-01    0.0000000000E+00
    0.8178753503E-02   -0.1527541100E-01    0.8316712326E-03   -0.4220663139E-01    0.0000000000E+00
   -0.5874451186E-02    0.1082582077E-01   -0.9669701675E-03    0.2874894509E-01    0.0000000000E+00
    0.4417312793E-02   -0.7595986369E-02    0.7373477430E-03   -0.2004962951E-01    0.0000000000E+00
   -0.3339474880E-02    0.5463358868E-02   -0.6833598258E-03    0.1402200992E-01    0.0000000000E+00
    0.2557930770E-02   -0.3895791548E-02    0.4894112460E-03   -0.1012296021E-01    0.0000000000E+00
   -0.1812379250E-02    0.2980266326E-02   -0.7365273983E-03    0.6827591217E-02    0.0000000000E+00
    0.1338182447E-02   -0.1945883127E-02    0.4510014656E-03   -0.4925123723E-02    0.0000000000E+00
   -0.8201505889E-03    0.1229474863E-02   -0.3541756702E-03    0.3295235796E-02    0.0000000000E+00
    0.4399372006E-03   -0.5575267013E-03   -0.6828056190E-04   -0.2824323157E-02    0.0000000000E+00
   -0.1381152585E-03    0.3429239157E-03   -0.1046351867E-03    0.1995035645E-02    0.0000000000E+00
    0.7465693755E-04   -0.1239004852E-03    0.2549027625E-03   -0.7713375405E-03    0.0000000000E+00
   -0.2103139068E-04    0.1118674280E-04   -0.1219054667E-03    0.1080704578E-03    0.0000000000E+00
    0.6753113293E-05   -0.4662647746E-05    0.2524235810E-04    0.1616373680E-04    0.0000000000E+00
   -0.2100774171E-05    0.1567855529E-05   -0.6457674614E-05   -0.6920959215E-05    0.0000000000E+00
    0.6245020676E-06   -0.4808733008E-06    0.1721150066E-05    0.2137649402E-05    0.0000000000E+00
   -0.1749969391E-06    0.1365958671E-06   -0.4505932708E-06   -0.5949241236E-06    0.0000000000E+00
    0.4521886402E-07   -0.3550203264E-07    0.1113213512E-06    0.1513405252E-06    0.0000000000E+00
   -0.1038071486E-07    0.8167765139E-08   -0.2478566148E-07   -0.3420551049E-07    0.0000000000E+00
    0.1984454743E-08   -0.1562131157E-08    0.4638748192E-08    0.6453085915E-08    0.0000000000E+00
   -0.2794483000E-09    0.2199124092E-09   -0.6435895469E-09   -0.8991959140E-09    0.0000000000E+00
    0.2152298486E-10   -0.1692778760E-10    0.4905321138E-10    0.6869609448E-10    0.0000000000E+00
