   40             4.00000 ng, rij 
     1.928     8.000                                       rcov,rprb 
 r                           (non)relativistic calculation
 PBE                         XC-functional
  4.000  4.000    0.2000000000   -0.3337870059E+02    0.2012184421E+02   -0.3393364620E+01    0.1514326994E+00  znuc,zion,rloc,gpot()
  -1                                                       lpx, (Projectors for l=0..lpx)
 ---------------------------------------------
 Additional information (last calculation):
 gaussian exponents:
 xp():   141.42135623730948        100.00000000000000        70.710678118654755        50.000000000000028        35.355339059327392        25.000000000000007        17.677669529663703        12.500000000000009        8.8388347648318515        6.2500000000000071        4.4194173824159275        3.1250000000000036        2.2097086912079633        1.5625000000000018        1.1048543456039821       0.78125000000000122       0.55242717280199116       0.39062500000000083       0.27621358640099575       0.19531250000000042       0.13810679320049787        9.7656250000000236E-002   6.9053396600248951E-002   4.8828125000000125E-002   3.4526698300124482E-002   2.4414062500000066E-002   1.7263349150062245E-002   1.2207031250000036E-002   8.6316745750311223E-003   6.1035156250000191E-003   4.3158372875155638E-003   3.0517578125000104E-003   2.1579186437577823E-003   1.5258789062500054E-003   1.0789593218788914E-003   7.6293945312500293E-004   5.3947966093944580E-004   3.8146972656250152E-004   2.6973983046972290E-004   1.9073486328125081E-004
 orbital coefficients (one orbital per column)
 l,ispin:           0           1
 psi n=1,noccmax(l):
    0.3052834512E-01   -0.1378001705E-01   -0.4813486357E-02    0.3851310445E-02
   -0.1362248344E+00    0.8187028418E-01    0.2851963245E-01   -0.2273019049E-01
    0.3691063633E+00   -0.2363589929E+00   -0.8244424266E-01    0.6583860630E-01
   -0.6974285819E+00    0.4741754072E+00    0.1658283016E+00   -0.1329442456E+00
    0.8864039676E+00   -0.7744324374E+00   -0.2715620778E+00    0.2185169128E+00
   -0.2038313536E+01    0.7867305047E+00    0.2830907020E+00   -0.2361851986E+00
   -0.1104803149E+00   -0.1301256221E+01   -0.4628813142E+00    0.3786427892E+00
   -0.4392282886E+01   -0.1153917305E+00    0.1391749313E-02   -0.4944834553E-01
    0.2452935710E+01    0.1244694843E+01    0.3743582989E+00   -0.2177730697E+00
   -0.2773900411E+01   -0.3700039866E+01   -0.1198559964E+01    0.8160326790E+00
   -0.1604899972E+01    0.4998463360E+01    0.1639502669E+01   -0.1132041171E+01
    0.1005086230E+01   -0.6515246930E+01   -0.2155371143E+01    0.1503199140E+01
   -0.3458640216E+01    0.5673764722E+01    0.1880457331E+01   -0.1290606667E+01
    0.1637449482E+01   -0.5060962140E+01   -0.1684223216E+01    0.1135413523E+01
   -0.2308051691E+01    0.3610601766E+01    0.1203177016E+01   -0.7681807473E+00
    0.1160001591E+01   -0.3026465891E+01   -0.1020504701E+01    0.6202795472E+00
   -0.1179923038E+01    0.2048157950E+01    0.6915007678E+00   -0.3597471286E+00
    0.7368737021E+00   -0.1580173932E+01   -0.5283710625E+00    0.2169165548E+00
   -0.5687642939E+00    0.1151563124E+01    0.3517473805E+00   -0.5300651837E-01
    0.3981966531E+00   -0.7559789567E+00   -0.1853513503E+00   -0.1159520581E+00
   -0.2807100337E+00    0.8280257493E+00    0.2878850335E+00    0.8260204784E-01
    0.1949805860E+00   -0.4037354504E+00   -0.2193832811E+00   -0.1813090883E+00
   -0.1338710393E+00    0.4678670422E+00    0.3102945477E+00    0.1611391434E+00
    0.9087706985E-01   -0.2003033088E+00   -0.1388963721E+00   -0.3821048152E+00
   -0.6101865280E-01    0.2252979127E+00    0.2260838736E+00    0.3755293658E+00
    0.4053389912E-01   -0.1232391920E+00   -0.1885735751E+00   -0.4322803904E+00
   -0.2663857498E-01    0.9609530756E-01    0.1476975005E+00    0.4225578235E+00
    0.1731184633E-01   -0.6288101592E-01   -0.1434067977E+00   -0.3452344371E+00
   -0.1111343273E-01    0.4165878966E-01    0.6317083076E-01    0.2868701479E+00
    0.7033671384E-02   -0.2666204457E-01   -0.9905911447E-01    0.2410630867E+00
   -0.4375085427E-02    0.1650686367E-01    0.2615560078E-01   -0.3301039482E+00
    0.2661944378E-02   -0.9839861771E-02   -0.1663732117E-01    0.5926587827E-01
   -0.1573210834E-02    0.5615782184E-02    0.9392608232E-02   -0.1859224812E-01
    0.8940582948E-03   -0.3044512887E-02   -0.4973050061E-02    0.6833130808E-02
   -0.4815418709E-03    0.1549814339E-02    0.2464808786E-02   -0.2645131599E-02
    0.2407177360E-03   -0.7278648400E-03   -0.1127649982E-02    0.1018304052E-02
   -0.1083241494E-03    0.3069314365E-03    0.4642616609E-03   -0.3711406265E-03
    0.4191564775E-04   -0.1113586823E-03   -0.1649592177E-03    0.1209697157E-03
   -0.1296790542E-04    0.3241109438E-04    0.4717566983E-04   -0.3254547573E-04
    0.2818224758E-05   -0.6662427470E-05   -0.9559246514E-05    0.6315977903E-05
   -0.3178380976E-06    0.7155674488E-06    0.1015010900E-05   -0.6504928887E-06
 l,ispin:           1           1
 psi n=1,noccmax(l):
    0.2570639659E+00   -0.9644858589E-01   -0.8808355295E-01    0.9298475612E-01
   -0.1128179752E+01    0.4233249940E+00    0.3866084649E+00   -0.4082610220E+00
    0.2638009032E+01   -0.9900434132E+00   -0.9041966644E+00    0.9552172900E+00
   -0.4430716563E+01    0.1663319957E+01    0.1519137110E+01   -0.1605957367E+01
    0.6047134271E+01   -0.2271049828E+01   -0.2074188670E+01    0.2195627965E+01
   -0.7267248814E+01    0.2731890314E+01    0.2495602559E+01   -0.2645115947E+01
    0.7676111188E+01   -0.2888240251E+01   -0.2637890210E+01    0.2809385537E+01
   -0.8159329739E+01    0.3082251901E+01    0.2819121212E+01   -0.3002886973E+01
    0.6999644604E+01   -0.2657256148E+01   -0.2430414785E+01    0.2629923067E+01
   -0.4790361448E+01    0.1838823335E+01    0.1680174006E+01   -0.1897496198E+01
    0.2032159803E+01   -0.8105721492E+00   -0.7360026158E+00    0.9702760683E+00
   -0.1519685777E+00    0.1107215556E+00    0.9435750014E-01   -0.3355771013E+00
   -0.9707682625E+00    0.3144743952E+00    0.2969815923E+00   -0.5887693499E-01
    0.8097658160E+00   -0.2574251636E+00   -0.2437667095E+00    0.1963862787E-01
   -0.7901390477E+00    0.2583503977E+00    0.2453108446E+00   -0.3536650783E-01
    0.4277093359E+00   -0.1258061941E+00   -0.1222648635E+00   -0.7226787820E-01
   -0.4075278483E+00    0.1263578436E+00    0.1230956985E+00    0.5797278629E-01
    0.1332452432E+00   -0.2338252767E-01   -0.2579721577E-01   -0.1424618377E+00
   -0.1844864597E+00    0.4538807552E-01    0.4406701566E-01    0.1139482345E+00
    0.1364960211E-01    0.2598939394E-01    0.2805383801E-01   -0.1783723624E+00
   -0.1118463764E+00    0.1921484575E-01    0.1037788421E-01    0.1322753999E+00
    0.6858108756E-02    0.9672625113E-02    0.1970621492E-01   -0.1533934219E+00
   -0.4732566346E-01    0.1684450205E-01    0.2160635374E-02    0.1220839445E+00
   -0.2480742937E-02    0.4663194499E-02    0.2610269657E-01   -0.1461022686E+00
   -0.1767341684E-01    0.8658177857E-02   -0.2059446005E-01    0.1383155928E+00
    0.8567765651E-03   -0.8366548024E-02    0.2398760612E-01   -0.1405181727E+00
   -0.4461516727E-02    0.6919190792E-02   -0.2676692039E-01    0.1493547741E+00
    0.1197175621E-02   -0.8587759757E-02    0.2044566082E-01   -0.1594927476E+00
   -0.9682923458E-03    0.3158698986E-02   -0.2306527015E-01    0.2169818755E+00
    0.4804782090E-03   -0.7561394125E-02   -0.1310931665E-01   -0.1558655182E+00
   -0.2494289064E-03    0.3601833661E-03    0.1976208792E-01    0.2559550588E-01
    0.1241260328E-03   -0.3754353546E-03   -0.3745551510E-02    0.1590953130E-01
   -0.5911658216E-04    0.1997168961E-03    0.1171028361E-02   -0.7005768655E-02
    0.2678500014E-04   -0.9353649778E-04   -0.4150228317E-03    0.2847292742E-02
   -0.1143836548E-04    0.4028399236E-04    0.1511120380E-03   -0.1113653861E-02
    0.4534527853E-05   -0.1594898906E-04   -0.5372219612E-04    0.4126019621E-03
   -0.1627945289E-05    0.5696435716E-05    0.1786693944E-04   -0.1406814272E-03
    0.5083093341E-06   -0.1767518925E-05   -0.5283105019E-05    0.4224200082E-04
   -0.1289609312E-06    0.4456880313E-06    0.1289007360E-05   -0.1040583310E-04
    0.2344379318E-07   -0.8058295002E-07   -0.2278331730E-06    0.1850378962E-05
   -0.2261748458E-08    0.7739057453E-08    0.2153974226E-07   -0.1756076269E-06
 l,ispin:           1           2
 psi n=1,noccmax(l):
    0.2570639659E+00   -0.9644858589E-01   -0.8808355295E-01    0.9298475612E-01
   -0.1128179752E+01    0.4233249940E+00    0.3866084649E+00   -0.4082610220E+00
    0.2638009032E+01   -0.9900434132E+00   -0.9041966644E+00    0.9552172900E+00
   -0.4430716563E+01    0.1663319957E+01    0.1519137110E+01   -0.1605957367E+01
    0.6047134271E+01   -0.2271049828E+01   -0.2074188670E+01    0.2195627965E+01
   -0.7267248814E+01    0.2731890314E+01    0.2495602559E+01   -0.2645115947E+01
    0.7676111188E+01   -0.2888240251E+01   -0.2637890210E+01    0.2809385537E+01
   -0.8159329739E+01    0.3082251901E+01    0.2819121212E+01   -0.3002886973E+01
    0.6999644604E+01   -0.2657256148E+01   -0.2430414785E+01    0.2629923067E+01
   -0.4790361448E+01    0.1838823335E+01    0.1680174006E+01   -0.1897496198E+01
    0.2032159803E+01   -0.8105721492E+00   -0.7360026158E+00    0.9702760683E+00
   -0.1519685777E+00    0.1107215556E+00    0.9435750014E-01   -0.3355771013E+00
   -0.9707682625E+00    0.3144743952E+00    0.2969815923E+00   -0.5887693499E-01
    0.8097658160E+00   -0.2574251636E+00   -0.2437667095E+00    0.1963862787E-01
   -0.7901390477E+00    0.2583503977E+00    0.2453108446E+00   -0.3536650783E-01
    0.4277093359E+00   -0.1258061941E+00   -0.1222648635E+00   -0.7226787820E-01
   -0.4075278483E+00    0.1263578436E+00    0.1230956985E+00    0.5797278629E-01
    0.1332452432E+00   -0.2338252767E-01   -0.2579721577E-01   -0.1424618377E+00
   -0.1844864597E+00    0.4538807552E-01    0.4406701566E-01    0.1139482345E+00
    0.1364960211E-01    0.2598939394E-01    0.2805383801E-01   -0.1783723624E+00
   -0.1118463764E+00    0.1921484575E-01    0.1037788421E-01    0.1322753999E+00
    0.6858108756E-02    0.9672625113E-02    0.1970621492E-01   -0.1533934219E+00
   -0.4732566346E-01    0.1684450205E-01    0.2160635374E-02    0.1220839445E+00
   -0.2480742937E-02    0.4663194499E-02    0.2610269657E-01   -0.1461022686E+00
   -0.1767341684E-01    0.8658177857E-02   -0.2059446005E-01    0.1383155928E+00
    0.8567765651E-03   -0.8366548024E-02    0.2398760612E-01   -0.1405181727E+00
   -0.4461516727E-02    0.6919190792E-02   -0.2676692039E-01    0.1493547741E+00
    0.1197175621E-02   -0.8587759757E-02    0.2044566082E-01   -0.1594927476E+00
   -0.9682923458E-03    0.3158698986E-02   -0.2306527015E-01    0.2169818755E+00
    0.4804782090E-03   -0.7561394125E-02   -0.1310931665E-01   -0.1558655182E+00
   -0.2494289064E-03    0.3601833661E-03    0.1976208792E-01    0.2559550588E-01
    0.1241260328E-03   -0.3754353546E-03   -0.3745551510E-02    0.1590953130E-01
   -0.5911658216E-04    0.1997168961E-03    0.1171028361E-02   -0.7005768655E-02
    0.2678500014E-04   -0.9353649778E-04   -0.4150228317E-03    0.2847292742E-02
   -0.1143836548E-04    0.4028399236E-04    0.1511120380E-03   -0.1113653861E-02
    0.4534527853E-05   -0.1594898906E-04   -0.5372219612E-04    0.4126019621E-03
   -0.1627945289E-05    0.5696435716E-05    0.1786693944E-04   -0.1406814272E-03
    0.5083093341E-06   -0.1767518925E-05   -0.5283105019E-05    0.4224200082E-04
   -0.1289609312E-06    0.4456880313E-06    0.1289007360E-05   -0.1040583310E-04
    0.2344379318E-07   -0.8058295002E-07   -0.2278331730E-06    0.1850378962E-05
   -0.2261748458E-08    0.7739057453E-08    0.2153974226E-07   -0.1756076269E-06
 l,ispin:           2           1
 psi n=1,noccmax(l):
    0.2880538952E-01   -0.5600092288E-01   -0.5859912014E-01   -0.3372769341E+00    0.0000000000E+00
   -0.1004410293E+00    0.1948944983E+00    0.2041038426E+00    0.1169320869E+01    0.0000000000E+00
    0.1897950055E+00   -0.3672932651E+00   -0.3850893042E+00   -0.2191906505E+01    0.0000000000E+00
   -0.2625518572E+00    0.5063094497E+00    0.5316443058E+00    0.3000099884E+01    0.0000000000E+00
    0.3015104683E+00   -0.5789612285E+00   -0.6090552287E+00   -0.3400753050E+01    0.0000000000E+00
   -0.3082210394E+00    0.5887267135E+00    0.6207690044E+00    0.3420272084E+01    0.0000000000E+00
    0.2895542448E+00   -0.5510212774E+00   -0.5819949783E+00   -0.3176251135E+01    0.0000000000E+00
   -0.2625074061E+00    0.4956613941E+00    0.5254897390E+00    0.2808605719E+01    0.0000000000E+00
    0.2128491064E+00   -0.4068103470E+00   -0.4292835145E+00   -0.2365096809E+01    0.0000000000E+00
   -0.1447700791E+00    0.2928437156E+00    0.3020255477E+00    0.1899010154E+01    0.0000000000E+00
    0.7222146716E-01   -0.1745525506E+00   -0.1682543828E+00   -0.1459710131E+01    0.0000000000E+00
   -0.1687053013E-01    0.8278802087E-01    0.6526066705E-01    0.1097578697E+01    0.0000000000E+00
   -0.1533806403E-01   -0.2581776447E-01   -0.3050537511E-02   -0.8236487594E+00    0.0000000000E+00
    0.2103901289E-01    0.8203767569E-02   -0.1259755320E-01    0.6407447250E+00    0.0000000000E+00
   -0.2145918592E-01    0.2096707528E-03    0.1821684806E-01   -0.5010733833E+00    0.0000000000E+00
    0.1684406533E-01   -0.8136565507E-05   -0.1424760525E-01    0.3989685057E+00    0.0000000000E+00
   -0.1446096994E-01    0.1729768214E-02    0.1340258858E-01   -0.3147726046E+00    0.0000000000E+00
    0.9492141654E-02    0.1260191443E-02   -0.7322019152E-02    0.2542739666E+00    0.0000000000E+00
   -0.8868444045E-02    0.1055781271E-02    0.8161781043E-02   -0.1997738361E+00    0.0000000000E+00
    0.6298586339E-02    0.3482912586E-04   -0.5148049723E-02    0.1611091128E+00    0.0000000000E+00
   -0.7567957568E-02    0.4131036447E-02    0.9251766547E-02   -0.1226143160E+00    0.0000000000E+00
    0.3746429215E-02   -0.8596855152E-03   -0.4647942017E-02    0.1012389568E+00    0.0000000000E+00
   -0.3114365166E-02    0.1697244157E-02    0.5123350334E-02   -0.7968899402E-01    0.0000000000E+00
    0.1224322882E-02   -0.2382560211E-03   -0.2491718804E-02    0.6688555377E-01    0.0000000000E+00
   -0.1698383791E-02    0.2299961231E-02    0.4826784077E-02   -0.5126687200E-01    0.0000000000E+00
   -0.9601241439E-04   -0.6704847800E-03   -0.2590385596E-02    0.4411174037E-01    0.0000000000E+00
   -0.4091939869E-03    0.1927988709E-02    0.4227059999E-02   -0.3449146385E-01    0.0000000000E+00
   -0.3483773505E-03   -0.8794924157E-03   -0.3141119830E-02    0.3061329651E-01    0.0000000000E+00
   -0.8167157176E-04    0.1681768770E-02    0.6576179989E-02   -0.1775437261E-01    0.0000000000E+00
   -0.3833617981E-03   -0.1033926514E-03   -0.6902881807E-02   -0.9855911809E-03    0.0000000000E+00
   -0.1810962929E-04   -0.6747718360E-03    0.2277180113E-02    0.7268239927E-02    0.0000000000E+00
    0.7611705174E-07    0.1252529290E-03   -0.6086170175E-04   -0.4022406312E-02    0.0000000000E+00
    0.7284470595E-06   -0.3533114923E-04   -0.9324378379E-05    0.1228543944E-02    0.0000000000E+00
   -0.4002996729E-06    0.1102015164E-04    0.6515461388E-05   -0.3905305406E-03    0.0000000000E+00
    0.1664491988E-06   -0.3494814099E-05   -0.2665543881E-05    0.1242190578E-03    0.0000000000E+00
   -0.6001060083E-07    0.1078643316E-05    0.9284581538E-06   -0.3823653957E-04    0.0000000000E+00
    0.1910496588E-07   -0.3119087153E-06   -0.2868370127E-06    0.1100642399E-04    0.0000000000E+00
   -0.5252684495E-08    0.8060609698E-07    0.7705974670E-07   -0.2830660206E-05    0.0000000000E+00
    0.1176362204E-08   -0.1733024325E-07   -0.1696518236E-07    0.6059084376E-06    0.0000000000E+00
   -0.1903235908E-09    0.2728380680E-08    0.2710867607E-08   -0.9503393607E-07    0.0000000000E+00
    0.1653389985E-10   -0.2326928573E-09   -0.2333982461E-09    0.8080412896E-08    0.0000000000E+00
 l,ispin:           2           2
 psi n=1,noccmax(l):
    0.2880538952E-01   -0.5600092288E-01   -0.5859912014E-01   -0.3372769341E+00    0.0000000000E+00
   -0.1004410293E+00    0.1948944983E+00    0.2041038426E+00    0.1169320869E+01    0.0000000000E+00
    0.1897950055E+00   -0.3672932651E+00   -0.3850893042E+00   -0.2191906505E+01    0.0000000000E+00
   -0.2625518572E+00    0.5063094497E+00    0.5316443058E+00    0.3000099884E+01    0.0000000000E+00
    0.3015104683E+00   -0.5789612285E+00   -0.6090552287E+00   -0.3400753050E+01    0.0000000000E+00
   -0.3082210394E+00    0.5887267135E+00    0.6207690044E+00    0.3420272084E+01    0.0000000000E+00
    0.2895542448E+00   -0.5510212774E+00   -0.5819949783E+00   -0.3176251135E+01    0.0000000000E+00
   -0.2625074061E+00    0.4956613941E+00    0.5254897390E+00    0.2808605719E+01    0.0000000000E+00
    0.2128491064E+00   -0.4068103470E+00   -0.4292835145E+00   -0.2365096809E+01    0.0000000000E+00
   -0.1447700791E+00    0.2928437156E+00    0.3020255477E+00    0.1899010154E+01    0.0000000000E+00
    0.7222146716E-01   -0.1745525506E+00   -0.1682543828E+00   -0.1459710131E+01    0.0000000000E+00
   -0.1687053013E-01    0.8278802087E-01    0.6526066705E-01    0.1097578697E+01    0.0000000000E+00
   -0.1533806403E-01   -0.2581776447E-01   -0.3050537511E-02   -0.8236487594E+00    0.0000000000E+00
    0.2103901289E-01    0.8203767569E-02   -0.1259755320E-01    0.6407447250E+00    0.0000000000E+00
   -0.2145918592E-01    0.2096707528E-03    0.1821684806E-01   -0.5010733833E+00    0.0000000000E+00
    0.1684406533E-01   -0.8136565507E-05   -0.1424760525E-01    0.3989685057E+00    0.0000000000E+00
   -0.1446096994E-01    0.1729768214E-02    0.1340258858E-01   -0.3147726046E+00    0.0000000000E+00
    0.9492141654E-02    0.1260191443E-02   -0.7322019152E-02    0.2542739666E+00    0.0000000000E+00
   -0.8868444045E-02    0.1055781271E-02    0.8161781043E-02   -0.1997738361E+00    0.0000000000E+00
    0.6298586339E-02    0.3482912586E-04   -0.5148049723E-02    0.1611091128E+00    0.0000000000E+00
   -0.7567957568E-02    0.4131036447E-02    0.9251766547E-02   -0.1226143160E+00    0.0000000000E+00
    0.3746429215E-02   -0.8596855152E-03   -0.4647942017E-02    0.1012389568E+00    0.0000000000E+00
   -0.3114365166E-02    0.1697244157E-02    0.5123350334E-02   -0.7968899402E-01    0.0000000000E+00
    0.1224322882E-02   -0.2382560211E-03   -0.2491718804E-02    0.6688555377E-01    0.0000000000E+00
   -0.1698383791E-02    0.2299961231E-02    0.4826784077E-02   -0.5126687200E-01    0.0000000000E+00
   -0.9601241439E-04   -0.6704847800E-03   -0.2590385596E-02    0.4411174037E-01    0.0000000000E+00
   -0.4091939869E-03    0.1927988709E-02    0.4227059999E-02   -0.3449146385E-01    0.0000000000E+00
   -0.3483773505E-03   -0.8794924157E-03   -0.3141119830E-02    0.3061329651E-01    0.0000000000E+00
   -0.8167157176E-04    0.1681768770E-02    0.6576179989E-02   -0.1775437261E-01    0.0000000000E+00
   -0.3833617981E-03   -0.1033926514E-03   -0.6902881807E-02   -0.9855911809E-03    0.0000000000E+00
   -0.1810962929E-04   -0.6747718360E-03    0.2277180113E-02    0.7268239927E-02    0.0000000000E+00
    0.7611705174E-07    0.1252529290E-03   -0.6086170175E-04   -0.4022406312E-02    0.0000000000E+00
    0.7284470595E-06   -0.3533114923E-04   -0.9324378379E-05    0.1228543944E-02    0.0000000000E+00
   -0.4002996729E-06    0.1102015164E-04    0.6515461388E-05   -0.3905305406E-03    0.0000000000E+00
    0.1664491988E-06   -0.3494814099E-05   -0.2665543881E-05    0.1242190578E-03    0.0000000000E+00
   -0.6001060083E-07    0.1078643316E-05    0.9284581538E-06   -0.3823653957E-04    0.0000000000E+00
    0.1910496588E-07   -0.3119087153E-06   -0.2868370127E-06    0.1100642399E-04    0.0000000000E+00
   -0.5252684495E-08    0.8060609698E-07    0.7705974670E-07   -0.2830660206E-05    0.0000000000E+00
    0.1176362204E-08   -0.1733024325E-07   -0.1696518236E-07    0.6059084376E-06    0.0000000000E+00
   -0.1903235908E-09    0.2728380680E-08    0.2710867607E-08   -0.9503393607E-07    0.0000000000E+00
    0.1653389985E-10   -0.2326928573E-09   -0.2333982461E-09    0.8080412896E-08    0.0000000000E+00
 l,ispin:           3           1
 psi n=1,noccmax(l):
   -0.6280927457E-01   -0.1204248118E+00    0.4790483762E+00    0.2263372153E+01    0.0000000000E+00
    0.1715138996E+00    0.3288194625E+00   -0.1308984205E+01   -0.6188295294E+01    0.0000000000E+00
   -0.2564364675E+00   -0.4915720977E+00    0.1958975592E+01    0.9269378565E+01    0.0000000000E+00
    0.2829574593E+00    0.5423170600E+00   -0.2164613019E+01   -0.1025576047E+02    0.0000000000E+00
   -0.2607972025E+00   -0.4997175890E+00    0.1999164644E+01    0.9489794621E+01    0.0000000000E+00
    0.2145615880E+00    0.4109729137E+00   -0.1649576505E+01   -0.7851569890E+01    0.0000000000E+00
   -0.1639444474E+00   -0.3138609329E+00    0.1265459534E+01    0.6045334843E+01    0.0000000000E+00
    0.1191425518E+00    0.2279179460E+00   -0.9249855854E+00   -0.4442248324E+01    0.0000000000E+00
   -0.8403228341E-01   -0.1606385199E+00    0.6558164655E+00    0.3164541140E+01    0.0000000000E+00
    0.5853949747E-01    0.1118904577E+00   -0.4571015265E+00   -0.2206910804E+01    0.0000000000E+00
   -0.4083257868E-01   -0.7811852921E-01    0.3162610935E+00    0.1516044688E+01    0.0000000000E+00
    0.2860408164E-01    0.5482283097E-01   -0.2180989841E+00   -0.1030746723E+01    0.0000000000E+00
   -0.2003509183E-01   -0.3847982126E-01    0.1499311301E+00    0.6962896272E+00    0.0000000000E+00
    0.1379540789E-01    0.2652161177E-01   -0.1021202221E+00   -0.4694299011E+00    0.0000000000E+00
   -0.9432659573E-02   -0.1814336686E-01    0.6926093683E-01    0.3159810748E+00    0.0000000000E+00
    0.6380342398E-02    0.1226754419E-01   -0.4672000195E-01   -0.2127162501E+00    0.0000000000E+00
   -0.4325890221E-02   -0.8314087654E-02    0.3153902509E-01    0.1430919202E+00    0.0000000000E+00
    0.2882430385E-02    0.5527391349E-02   -0.2112473157E-01   -0.9652090804E-01    0.0000000000E+00
   -0.1977665565E-02   -0.3789865085E-02    0.1433430238E-01    0.6492877306E-01    0.0000000000E+00
    0.1348780449E-02    0.2581866364E-02   -0.9707851323E-02   -0.4379135780E-01    0.0000000000E+00
   -0.9886365561E-03   -0.1915471808E-02    0.6844944338E-02    0.2922562365E-01    0.0000000000E+00
    0.6158959323E-03    0.1213412708E-02   -0.4539088629E-02   -0.1994144089E-01    0.0000000000E+00
   -0.3990105689E-03   -0.8198926030E-03    0.3113902715E-02    0.1352277740E-01    0.0000000000E+00
    0.2329827116E-03    0.5185330828E-03   -0.2090238856E-02   -0.9310095280E-02    0.0000000000E+00
   -0.1622453336E-03   -0.4262456524E-03    0.1604715353E-02    0.6155646177E-02    0.0000000000E+00
    0.4568796555E-04    0.2208694931E-03   -0.1055809298E-02   -0.4337669326E-02    0.0000000000E+00
   -0.2918031001E-04   -0.2056190817E-03    0.8978984505E-03    0.2791662241E-02    0.0000000000E+00
   -0.1436315120E-04    0.1059200251E-03   -0.6673900892E-03   -0.1903917940E-02    0.0000000000E+00
    0.5566246536E-05   -0.1187600528E-03    0.7941323887E-03    0.4115149360E-03    0.0000000000E+00
   -0.3497764283E-04   -0.5424338800E-04   -0.4823939203E-03    0.5865909166E-03    0.0000000000E+00
   -0.5327800700E-05    0.5890227334E-04    0.8878799651E-04   -0.5352706779E-03    0.0000000000E+00
    0.9345064479E-06   -0.8707960362E-05    0.1328069133E-04    0.2046715986E-03    0.0000000000E+00
   -0.2320370809E-06    0.2057284866E-05   -0.4748555420E-05   -0.4989912289E-04    0.0000000000E+00
    0.6258375436E-07   -0.5419666195E-06    0.1426904273E-05    0.1300181140E-04    0.0000000000E+00
   -0.1706335778E-07    0.1457054426E-06   -0.4066882081E-06   -0.3438175672E-05    0.0000000000E+00
    0.4526958138E-08   -0.3828971829E-07    0.1100593236E-06    0.8895871955E-06    0.0000000000E+00
   -0.1129117884E-08    0.9484734055E-08   -0.2769345641E-07   -0.2175044470E-06    0.0000000000E+00
    0.2532836795E-09   -0.2116758955E-08    0.6233869152E-08    0.4803868247E-07    0.0000000000E+00
   -0.4768884083E-10    0.3970230236E-09   -0.1174816037E-08   -0.8937665463E-08    0.0000000000E+00
    0.6648374186E-11   -0.5519077364E-10    0.1637425683E-09    0.1234809474E-08    0.0000000000E+00
   -0.5086587886E-12    0.4213533875E-11   -0.1251877795E-10   -0.9383609198E-10    0.0000000000E+00
 l,ispin:           3           2
 psi n=1,noccmax(l):
   -0.6280927457E-01   -0.1204248118E+00    0.4790483762E+00    0.2263372153E+01    0.0000000000E+00
    0.1715138996E+00    0.3288194625E+00   -0.1308984205E+01   -0.6188295294E+01    0.0000000000E+00
   -0.2564364675E+00   -0.4915720977E+00    0.1958975592E+01    0.9269378565E+01    0.0000000000E+00
    0.2829574593E+00    0.5423170600E+00   -0.2164613019E+01   -0.1025576047E+02    0.0000000000E+00
   -0.2607972025E+00   -0.4997175890E+00    0.1999164644E+01    0.9489794621E+01    0.0000000000E+00
    0.2145615880E+00    0.4109729137E+00   -0.1649576505E+01   -0.7851569890E+01    0.0000000000E+00
   -0.1639444474E+00   -0.3138609329E+00    0.1265459534E+01    0.6045334843E+01    0.0000000000E+00
    0.1191425518E+00    0.2279179460E+00   -0.9249855854E+00   -0.4442248324E+01    0.0000000000E+00
   -0.8403228341E-01   -0.1606385199E+00    0.6558164655E+00    0.3164541140E+01    0.0000000000E+00
    0.5853949747E-01    0.1118904577E+00   -0.4571015265E+00   -0.2206910804E+01    0.0000000000E+00
   -0.4083257868E-01   -0.7811852921E-01    0.3162610935E+00    0.1516044688E+01    0.0000000000E+00
    0.2860408164E-01    0.5482283097E-01   -0.2180989841E+00   -0.1030746723E+01    0.0000000000E+00
   -0.2003509183E-01   -0.3847982126E-01    0.1499311301E+00    0.6962896272E+00    0.0000000000E+00
    0.1379540789E-01    0.2652161177E-01   -0.1021202221E+00   -0.4694299011E+00    0.0000000000E+00
   -0.9432659573E-02   -0.1814336686E-01    0.6926093683E-01    0.3159810748E+00    0.0000000000E+00
    0.6380342398E-02    0.1226754419E-01   -0.4672000195E-01   -0.2127162501E+00    0.0000000000E+00
   -0.4325890221E-02   -0.8314087654E-02    0.3153902509E-01    0.1430919202E+00    0.0000000000E+00
    0.2882430385E-02    0.5527391349E-02   -0.2112473157E-01   -0.9652090804E-01    0.0000000000E+00
   -0.1977665565E-02   -0.3789865085E-02    0.1433430238E-01    0.6492877306E-01    0.0000000000E+00
    0.1348780449E-02    0.2581866364E-02   -0.9707851323E-02   -0.4379135780E-01    0.0000000000E+00
   -0.9886365561E-03   -0.1915471808E-02    0.6844944338E-02    0.2922562365E-01    0.0000000000E+00
    0.6158959323E-03    0.1213412708E-02   -0.4539088629E-02   -0.1994144089E-01    0.0000000000E+00
   -0.3990105689E-03   -0.8198926030E-03    0.3113902715E-02    0.1352277740E-01    0.0000000000E+00
    0.2329827116E-03    0.5185330828E-03   -0.2090238856E-02   -0.9310095280E-02    0.0000000000E+00
   -0.1622453336E-03   -0.4262456524E-03    0.1604715353E-02    0.6155646177E-02    0.0000000000E+00
    0.4568796555E-04    0.2208694931E-03   -0.1055809298E-02   -0.4337669326E-02    0.0000000000E+00
   -0.2918031001E-04   -0.2056190817E-03    0.8978984505E-03    0.2791662241E-02    0.0000000000E+00
   -0.1436315120E-04    0.1059200251E-03   -0.6673900892E-03   -0.1903917940E-02    0.0000000000E+00
    0.5566246536E-05   -0.1187600528E-03    0.7941323887E-03    0.4115149360E-03    0.0000000000E+00
   -0.3497764283E-04   -0.5424338800E-04   -0.4823939203E-03    0.5865909166E-03    0.0000000000E+00
   -0.5327800700E-05    0.5890227334E-04    0.8878799651E-04   -0.5352706779E-03    0.0000000000E+00
    0.9345064479E-06   -0.8707960362E-05    0.1328069133E-04    0.2046715986E-03    0.0000000000E+00
   -0.2320370809E-06    0.2057284866E-05   -0.4748555420E-05   -0.4989912289E-04    0.0000000000E+00
    0.6258375436E-07   -0.5419666195E-06    0.1426904273E-05    0.1300181140E-04    0.0000000000E+00
   -0.1706335778E-07    0.1457054426E-06   -0.4066882081E-06   -0.3438175672E-05    0.0000000000E+00
    0.4526958138E-08   -0.3828971829E-07    0.1100593236E-06    0.8895871955E-06    0.0000000000E+00
   -0.1129117884E-08    0.9484734055E-08   -0.2769345641E-07   -0.2175044470E-06    0.0000000000E+00
    0.2532836795E-09   -0.2116758955E-08    0.6233869152E-08    0.4803868247E-07    0.0000000000E+00
   -0.4768884083E-10    0.3970230236E-09   -0.1174816037E-08   -0.8937665463E-08    0.0000000000E+00
    0.6648374186E-11   -0.5519077364E-10    0.1637425683E-09    0.1234809474E-08    0.0000000000E+00
   -0.5086587886E-12    0.4213533875E-11   -0.1251877795E-10   -0.9383609198E-10    0.0000000000E+00
