   40             4.00000 ng, rij 
     2.513     8.000                                       rcov,rprb 
 r                           (non)relativistic calculation
 PBE                         XC-functional
  3.000  3.000    0.2000000000   -0.2224851001E+02    0.1149656815E+02   -0.1659588862E+01    0.6282927265E-01  znuc,zion,rloc,gpot()
  -1                                                       lpx, (Projectors for l=0..lpx)
 ---------------------------------------------
 Additional information (last calculation):
 gaussian exponents:
 xp():   141.42135623730948        100.00000000000000        70.710678118654755        50.000000000000028        35.355339059327392        25.000000000000007        17.677669529663703        12.500000000000009        8.8388347648318515        6.2500000000000071        4.4194173824159275        3.1250000000000036        2.2097086912079633        1.5625000000000018        1.1048543456039821       0.78125000000000122       0.55242717280199116       0.39062500000000083       0.27621358640099575       0.19531250000000042       0.13810679320049787        9.7656250000000236E-002   6.9053396600248951E-002   4.8828125000000125E-002   3.4526698300124482E-002   2.4414062500000066E-002   1.7263349150062245E-002   1.2207031250000036E-002   8.6316745750311223E-003   6.1035156250000191E-003   4.3158372875155638E-003   3.0517578125000104E-003   2.1579186437577823E-003   1.5258789062500054E-003   1.0789593218788914E-003   7.6293945312500293E-004   5.3947966093944580E-004   3.8146972656250152E-004   2.6973983046972290E-004   1.9073486328125081E-004
 orbital coefficients (one orbital per column)
 l,ispin:           0           1
 psi n=1,noccmax(l):
   -0.1271331639E-01   -0.2702377079E-01   -0.1268392618E-01    0.1061987788E-01
    0.8418347941E-01    0.1497988248E+00    0.7029972762E-01   -0.5890629065E-01
   -0.2539062558E+00   -0.4416065883E+00   -0.2072572169E+00    0.1737188834E+00
    0.5530373143E+00    0.9232247593E+00    0.4333234576E+00   -0.3633777986E+00
   -0.9778739138E+00   -0.1557219662E+01   -0.7309482984E+00    0.6133811522E+00
    0.1200202283E+01    0.2329286170E+01    0.1093855494E+01   -0.9178239403E+00
   -0.2430173836E+01   -0.2932222161E+01   -0.1375950208E+01    0.1158667523E+01
    0.5413452542E+00    0.4071799326E+01    0.1915404935E+01   -0.1606960549E+01
   -0.2299944442E+01   -0.4477832085E+01   -0.2108853280E+01    0.1779200201E+01
    0.1900992974E+01    0.5011029724E+01    0.2365657401E+01   -0.2003438626E+01
   -0.3658885463E+01   -0.4622914833E+01   -0.2184437089E+01    0.1877408210E+01
    0.2221563149E+01    0.4125377889E+01    0.1954832850E+01   -0.1714733034E+01
   -0.3137943757E+01   -0.2262253964E+01   -0.1072129668E+01    0.1029141110E+01
    0.9463955899E+00    0.4321649244E+00    0.2027204380E+00   -0.3551600404E+00
   -0.1081776679E+01    0.1670368939E+01    0.8103742507E+00   -0.4364886730E+00
   -0.4620880819E+00   -0.2226679174E+01   -0.1089143472E+01    0.6383466056E+00
    0.3095764697E-01    0.2310758855E+01    0.1151992912E+01   -0.6674181865E+00
   -0.4656399512E+00   -0.1778990768E+01   -0.9086117428E+00    0.4434777430E+00
    0.2113355826E+00    0.1493297539E+01    0.7813669151E+00   -0.3072069576E+00
   -0.2480281666E+00   -0.1127934137E+01   -0.6075280701E+00    0.1232040091E+00
    0.1651648104E+00    0.9795257334E+00    0.5901042223E+00   -0.7486749711E-01
   -0.1259999044E+00   -0.7767094304E+00   -0.5800193447E+00    0.4700775209E-01
    0.8991356096E-01    0.4309746291E+00    0.4000102071E+00    0.1404308446E+00
   -0.6321038655E-01   -0.4248046264E+00   -0.3468131649E+00   -0.2476197595E+00
    0.4362858632E-01    0.2007662585E+00    0.1613399551E+00    0.5089497694E+00
   -0.2962134401E-01   -0.2390547436E+00   -0.2895951517E+00   -0.3955586530E+00
    0.1979780989E-01    0.1108916376E+00    0.1767053241E+00    0.4542511982E+00
   -0.1302662209E-01   -0.9850429739E-01   -0.1427385737E+00   -0.3485423226E+00
    0.8432069328E-02    0.5937896030E-01    0.1222504458E+00    0.2745727803E+00
   -0.5360381809E-02   -0.3883325558E-01    0.1764739831E-02   -0.7387210400E+00
    0.3336980836E-02    0.2402556481E-01    0.5122908194E-01    0.5768421783E+00
   -0.2025051109E-02   -0.1427297545E-01   -0.2571020875E-01   -0.1408321256E+00
    0.1189895346E-02    0.8096593416E-02    0.1350192147E-01    0.5750433716E-01
   -0.6703600375E-03   -0.4354837149E-02   -0.6887120636E-02   -0.2574628393E-01
    0.3570167697E-03    0.2197214553E-02    0.3337138308E-02    0.1152390194E-01
   -0.1761039698E-03   -0.1022595851E-02   -0.1504475200E-02   -0.4931207172E-02
    0.7807984579E-04    0.4275076410E-03    0.6133212314E-03    0.1939720646E-02
   -0.2974283118E-04   -0.1539003664E-03   -0.2164560708E-03   -0.6676665360E-03
    0.9057817488E-05    0.4449150035E-04    0.6161458472E-04    0.1867155830E-03
   -0.1938822605E-05   -0.9094178899E-05   -0.1244449746E-04   -0.3723848404E-04
    0.2156254670E-06    0.9722753491E-06    0.1318369865E-05    0.3909610225E-05
 l,ispin:           1           1
 psi n=1,noccmax(l):
    0.1555693821E+00    0.9114513899E-01    0.7973608397E-01   -0.6465872867E-01
   -0.6874855247E+00   -0.4028240715E+00   -0.3524316595E+00    0.2859629945E+00
    0.1619742393E+01    0.9491505703E+00    0.8304836033E+00   -0.6742838216E+00
   -0.2753880572E+01   -0.1613951883E+01   -0.1412343873E+01    0.1147759548E+01
    0.3839590646E+01    0.2250650659E+01    0.1969842916E+01   -0.1602790787E+01
   -0.4698483609E+01   -0.2754279733E+01   -0.2410849413E+01    0.1963313660E+01
    0.5309124058E+01    0.3113736900E+01    0.2726597812E+01   -0.2226026631E+01
   -0.5510357298E+01   -0.3227562850E+01   -0.2823601407E+01    0.2294417560E+01
    0.5716500095E+01    0.3353260219E+01    0.2936893026E+01   -0.2400362228E+01
   -0.5708298180E+01   -0.3353481215E+01   -0.2940074901E+01    0.2411215839E+01
    0.5495075653E+01    0.3235427895E+01    0.2840109566E+01   -0.2330344473E+01
   -0.4872217144E+01   -0.2873169698E+01   -0.2522267071E+01    0.2039601797E+01
    0.3967672418E+01    0.2348448672E+01    0.2062192375E+01   -0.1613808629E+01
   -0.2644170154E+01   -0.1570559362E+01   -0.1374356710E+01    0.9630485007E+00
    0.1448668085E+01    0.8686820435E+00    0.7545190746E+00   -0.3793120020E+00
   -0.5673535033E+00   -0.3444602004E+00   -0.2888707520E+00   -0.5744971770E-01
    0.2710804592E+00    0.1688414207E+00    0.1349305322E+00    0.1880124550E+00
   -0.8886857788E-01   -0.5621184180E-01   -0.3502341832E-01   -0.2689473530E+00
    0.7764365182E-01    0.5115364213E-01    0.3446286861E-01    0.2507072760E+00
   -0.1141891488E-01   -0.1049203569E-01   -0.1371619515E-02   -0.2670733687E+00
    0.1808781753E-01    0.1457799907E-01    0.1015335071E-01    0.2422226926E+00
    0.2709687687E-01    0.2594958621E-01    0.2786923839E-01   -0.2728479035E+00
    0.2301297391E-01    0.2578126441E-02    0.7931617365E-03    0.2369696484E+00
    0.9762675951E-02    0.1457052313E-01    0.9746674836E-02   -0.2420982402E+00
    0.1341384183E-01    0.7615178244E-02    0.2210117274E-01    0.1984229542E+00
    0.7714130812E-02    0.1276713707E-01   -0.6680348131E-02   -0.2095442474E+00
    0.5160396423E-02   -0.5651339397E-02    0.1259848675E-01    0.2036487596E+00
    0.1554989496E-02    0.5352985996E-02   -0.1016142312E-01   -0.2134058638E+00
    0.8212499722E-03   -0.5731023425E-02    0.5687696662E-03    0.2579523600E+00
   -0.8812796403E-04   -0.3375408531E-02   -0.3413146539E-01   -0.1529934526E+00
    0.7090526942E-04   -0.2565069465E-02    0.2958368575E-01    0.4361294713E-02
   -0.3609723274E-04    0.1002395194E-02   -0.6759641158E-02    0.2871635698E-01
    0.1720501832E-04   -0.4371247110E-03    0.2429460666E-02   -0.1187505147E-01
   -0.7758179664E-05    0.1877504926E-03   -0.9451349326E-03    0.4738805617E-02
    0.3292783292E-05   -0.7715194371E-04    0.3661629925E-03   -0.1838683489E-02
   -0.1297505231E-05    0.2969847946E-04   -0.1356961728E-03    0.6783147154E-03
    0.4633212609E-06   -0.1042053462E-04    0.4640861899E-04   -0.2306859155E-03
   -0.1440120924E-06    0.3196145430E-05   -0.1398410944E-04    0.6915234419E-04
    0.3640161408E-07   -0.7997572651E-06    0.3455864099E-05   -0.1701572316E-04
   -0.6597981754E-08    0.1438561620E-06   -0.6161615179E-06    0.3023389213E-05
    0.6350828186E-09   -0.1376743328E-07    0.5859928437E-07   -0.2867717411E-06
 l,ispin:           1           2
 psi n=1,noccmax(l):
    0.1555693821E+00    0.9114513899E-01    0.7973608397E-01   -0.6465872867E-01
   -0.6874855247E+00   -0.4028240715E+00   -0.3524316595E+00    0.2859629945E+00
    0.1619742393E+01    0.9491505703E+00    0.8304836033E+00   -0.6742838216E+00
   -0.2753880572E+01   -0.1613951883E+01   -0.1412343873E+01    0.1147759548E+01
    0.3839590646E+01    0.2250650659E+01    0.1969842916E+01   -0.1602790787E+01
   -0.4698483609E+01   -0.2754279733E+01   -0.2410849413E+01    0.1963313660E+01
    0.5309124058E+01    0.3113736900E+01    0.2726597812E+01   -0.2226026631E+01
   -0.5510357298E+01   -0.3227562850E+01   -0.2823601407E+01    0.2294417560E+01
    0.5716500095E+01    0.3353260219E+01    0.2936893026E+01   -0.2400362228E+01
   -0.5708298180E+01   -0.3353481215E+01   -0.2940074901E+01    0.2411215839E+01
    0.5495075653E+01    0.3235427895E+01    0.2840109566E+01   -0.2330344473E+01
   -0.4872217144E+01   -0.2873169698E+01   -0.2522267071E+01    0.2039601797E+01
    0.3967672418E+01    0.2348448672E+01    0.2062192375E+01   -0.1613808629E+01
   -0.2644170154E+01   -0.1570559362E+01   -0.1374356710E+01    0.9630485007E+00
    0.1448668085E+01    0.8686820435E+00    0.7545190746E+00   -0.3793120020E+00
   -0.5673535033E+00   -0.3444602004E+00   -0.2888707520E+00   -0.5744971770E-01
    0.2710804592E+00    0.1688414207E+00    0.1349305322E+00    0.1880124550E+00
   -0.8886857788E-01   -0.5621184180E-01   -0.3502341832E-01   -0.2689473530E+00
    0.7764365182E-01    0.5115364213E-01    0.3446286861E-01    0.2507072760E+00
   -0.1141891488E-01   -0.1049203569E-01   -0.1371619515E-02   -0.2670733687E+00
    0.1808781753E-01    0.1457799907E-01    0.1015335071E-01    0.2422226926E+00
    0.2709687687E-01    0.2594958621E-01    0.2786923839E-01   -0.2728479035E+00
    0.2301297391E-01    0.2578126441E-02    0.7931617365E-03    0.2369696484E+00
    0.9762675951E-02    0.1457052313E-01    0.9746674836E-02   -0.2420982402E+00
    0.1341384183E-01    0.7615178244E-02    0.2210117274E-01    0.1984229542E+00
    0.7714130812E-02    0.1276713707E-01   -0.6680348131E-02   -0.2095442474E+00
    0.5160396423E-02   -0.5651339397E-02    0.1259848675E-01    0.2036487596E+00
    0.1554989496E-02    0.5352985996E-02   -0.1016142312E-01   -0.2134058638E+00
    0.8212499722E-03   -0.5731023425E-02    0.5687696662E-03    0.2579523600E+00
   -0.8812796403E-04   -0.3375408531E-02   -0.3413146539E-01   -0.1529934526E+00
    0.7090526942E-04   -0.2565069465E-02    0.2958368575E-01    0.4361294713E-02
   -0.3609723274E-04    0.1002395194E-02   -0.6759641158E-02    0.2871635698E-01
    0.1720501832E-04   -0.4371247110E-03    0.2429460666E-02   -0.1187505147E-01
   -0.7758179664E-05    0.1877504926E-03   -0.9451349326E-03    0.4738805617E-02
    0.3292783292E-05   -0.7715194371E-04    0.3661629925E-03   -0.1838683489E-02
   -0.1297505231E-05    0.2969847946E-04   -0.1356961728E-03    0.6783147154E-03
    0.4633212609E-06   -0.1042053462E-04    0.4640861899E-04   -0.2306859155E-03
   -0.1440120924E-06    0.3196145430E-05   -0.1398410944E-04    0.6915234419E-04
    0.3640161408E-07   -0.7997572651E-06    0.3455864099E-05   -0.1701572316E-04
   -0.6597981754E-08    0.1438561620E-06   -0.6161615179E-06    0.3023389213E-05
    0.6350828186E-09   -0.1376743328E-07    0.5859928437E-07   -0.2867717411E-06
 l,ispin:           2           1
 psi n=1,noccmax(l):
    0.4741704735E-01   -0.8159152796E-01   -0.8219942883E-01    0.1622871969E+00    0.0000000000E+00
   -0.1652787244E+00    0.2838148896E+00    0.2861608408E+00   -0.5603436108E+00    0.0000000000E+00
    0.3122308497E+00   -0.5345739710E+00   -0.5396217332E+00    0.1044078492E+01    0.0000000000E+00
   -0.4322432735E+00    0.7368979507E+00    0.7451099943E+00   -0.1416622876E+01    0.0000000000E+00
    0.4982180898E+00   -0.8442410426E+00   -0.8557006036E+00    0.1585979730E+01    0.0000000000E+00
   -0.5129798543E+00    0.8620706980E+00    0.8766548715E+00   -0.1567418667E+01    0.0000000000E+00
    0.4935186361E+00   -0.8199779567E+00   -0.8376597784E+00    0.1422208014E+01    0.0000000000E+00
   -0.4529688736E+00    0.7431300698E+00    0.7629426150E+00   -0.1219722050E+01    0.0000000000E+00
    0.4118341005E+00   -0.6628318640E+00   -0.6858848543E+00    0.9915327779E+00    0.0000000000E+00
   -0.3715553935E+00    0.5848951706E+00    0.6109333924E+00   -0.7738789944E+00    0.0000000000E+00
    0.3301169267E+00   -0.5089525580E+00   -0.5364727612E+00    0.5885059235E+00    0.0000000000E+00
   -0.2808115023E+00    0.4277714393E+00    0.4534522898E+00   -0.4525146772E+00    0.0000000000E+00
    0.2220930032E+00   -0.3395444724E+00   -0.3598167944E+00    0.3676830642E+00    0.0000000000E+00
   -0.1503842178E+00    0.2395635610E+00    0.2500382195E+00   -0.3367109979E+00    0.0000000000E+00
    0.8316163495E-01   -0.1478456096E+00   -0.1483013710E+00    0.3267433112E+00    0.0000000000E+00
   -0.3496368816E-01    0.8083629780E-01    0.7439904574E-01   -0.3100872243E+00    0.0000000000E+00
    0.1434321642E-01   -0.4824820073E-01   -0.4034975680E-01    0.2681277037E+00    0.0000000000E+00
   -0.4792074181E-02    0.3026184935E-01    0.2269829734E-01   -0.2239869827E+00    0.0000000000E+00
    0.2053590106E-02   -0.2170650079E-01   -0.1566242917E-01    0.1808131116E+00    0.0000000000E+00
    0.8037489833E-03    0.1403779390E-01    0.9067153982E-02   -0.1477956957E+00    0.0000000000E+00
   -0.1609518157E-02   -0.9514357768E-02   -0.5670156914E-02    0.1196581833E+00    0.0000000000E+00
    0.2321840953E-02    0.5432561441E-02    0.2041702117E-02   -0.9902842821E-01    0.0000000000E+00
    0.7690760421E-03   -0.6803811486E-02   -0.5132864818E-02    0.7552006587E-01    0.0000000000E+00
    0.5232546333E-03    0.3702580078E-02    0.2992410887E-02   -0.6194202826E-01    0.0000000000E+00
    0.2518368977E-03   -0.3459714853E-02   -0.4381130439E-02    0.4712209539E-01    0.0000000000E+00
    0.8572080276E-03    0.4959164268E-03    0.1297368348E-02   -0.4145520494E-01    0.0000000000E+00
    0.6251127302E-03   -0.1548283468E-02   -0.3375019313E-02    0.3155367999E-01    0.0000000000E+00
    0.3385318055E-03   -0.4952301657E-04    0.1752206945E-02   -0.2879312873E-01    0.0000000000E+00
    0.3628126439E-03   -0.9742934262E-03   -0.4449629636E-02    0.1959966341E-01    0.0000000000E+00
    0.1658371850E-03    0.2272808369E-03    0.5922832331E-02   -0.2263662936E-02    0.0000000000E+00
    0.2663025643E-04    0.5675230379E-03   -0.2306625133E-02   -0.5349887339E-02    0.0000000000E+00
   -0.1014797136E-04   -0.1310097221E-03    0.1808603949E-03    0.3388722314E-02    0.0000000000E+00
    0.4013884309E-05    0.4180746309E-04   -0.3321650527E-04   -0.1060915912E-02    0.0000000000E+00
   -0.1518200611E-05   -0.1408668766E-04    0.7980335812E-05    0.3414587304E-03    0.0000000000E+00
    0.5426292996E-06    0.4696338923E-05   -0.2136116181E-05   -0.1094146110E-03    0.0000000000E+00
   -0.1809895445E-06   -0.1498095784E-05    0.5887396345E-06    0.3383891294E-04    0.0000000000E+00
    0.5511190223E-07    0.4428425382E-06   -0.1577040527E-06   -0.9771209651E-05    0.0000000000E+00
   -0.1474937615E-07   -0.1161494141E-06    0.3868824070E-07    0.2518355905E-05    0.0000000000E+00
    0.3247832901E-08    0.2522305173E-07   -0.8027607082E-08   -0.5398518123E-06    0.0000000000E+00
   -0.5198050677E-09   -0.3998026084E-08    0.1233470306E-08    0.8475959807E-07    0.0000000000E+00
    0.4483950510E-10    0.3425556334E-09   -0.1034586375E-09   -0.7211941455E-08    0.0000000000E+00
 l,ispin:           2           2
 psi n=1,noccmax(l):
    0.4741704735E-01   -0.8159152796E-01   -0.8219942883E-01    0.1622871969E+00    0.0000000000E+00
   -0.1652787244E+00    0.2838148896E+00    0.2861608408E+00   -0.5603436108E+00    0.0000000000E+00
    0.3122308497E+00   -0.5345739710E+00   -0.5396217332E+00    0.1044078492E+01    0.0000000000E+00
   -0.4322432735E+00    0.7368979507E+00    0.7451099943E+00   -0.1416622876E+01    0.0000000000E+00
    0.4982180898E+00   -0.8442410426E+00   -0.8557006036E+00    0.1585979730E+01    0.0000000000E+00
   -0.5129798543E+00    0.8620706980E+00    0.8766548715E+00   -0.1567418667E+01    0.0000000000E+00
    0.4935186361E+00   -0.8199779567E+00   -0.8376597784E+00    0.1422208014E+01    0.0000000000E+00
   -0.4529688736E+00    0.7431300698E+00    0.7629426150E+00   -0.1219722050E+01    0.0000000000E+00
    0.4118341005E+00   -0.6628318640E+00   -0.6858848543E+00    0.9915327779E+00    0.0000000000E+00
   -0.3715553935E+00    0.5848951706E+00    0.6109333924E+00   -0.7738789944E+00    0.0000000000E+00
    0.3301169267E+00   -0.5089525580E+00   -0.5364727612E+00    0.5885059235E+00    0.0000000000E+00
   -0.2808115023E+00    0.4277714393E+00    0.4534522898E+00   -0.4525146772E+00    0.0000000000E+00
    0.2220930032E+00   -0.3395444724E+00   -0.3598167944E+00    0.3676830642E+00    0.0000000000E+00
   -0.1503842178E+00    0.2395635610E+00    0.2500382195E+00   -0.3367109979E+00    0.0000000000E+00
    0.8316163495E-01   -0.1478456096E+00   -0.1483013710E+00    0.3267433112E+00    0.0000000000E+00
   -0.3496368816E-01    0.8083629780E-01    0.7439904574E-01   -0.3100872243E+00    0.0000000000E+00
    0.1434321642E-01   -0.4824820073E-01   -0.4034975680E-01    0.2681277037E+00    0.0000000000E+00
   -0.4792074181E-02    0.3026184935E-01    0.2269829734E-01   -0.2239869827E+00    0.0000000000E+00
    0.2053590106E-02   -0.2170650079E-01   -0.1566242917E-01    0.1808131116E+00    0.0000000000E+00
    0.8037489833E-03    0.1403779390E-01    0.9067153982E-02   -0.1477956957E+00    0.0000000000E+00
   -0.1609518157E-02   -0.9514357768E-02   -0.5670156914E-02    0.1196581833E+00    0.0000000000E+00
    0.2321840953E-02    0.5432561441E-02    0.2041702117E-02   -0.9902842821E-01    0.0000000000E+00
    0.7690760421E-03   -0.6803811486E-02   -0.5132864818E-02    0.7552006587E-01    0.0000000000E+00
    0.5232546333E-03    0.3702580078E-02    0.2992410887E-02   -0.6194202826E-01    0.0000000000E+00
    0.2518368977E-03   -0.3459714853E-02   -0.4381130439E-02    0.4712209539E-01    0.0000000000E+00
    0.8572080276E-03    0.4959164268E-03    0.1297368348E-02   -0.4145520494E-01    0.0000000000E+00
    0.6251127302E-03   -0.1548283468E-02   -0.3375019313E-02    0.3155367999E-01    0.0000000000E+00
    0.3385318055E-03   -0.4952301657E-04    0.1752206945E-02   -0.2879312873E-01    0.0000000000E+00
    0.3628126439E-03   -0.9742934262E-03   -0.4449629636E-02    0.1959966341E-01    0.0000000000E+00
    0.1658371850E-03    0.2272808369E-03    0.5922832331E-02   -0.2263662936E-02    0.0000000000E+00
    0.2663025643E-04    0.5675230379E-03   -0.2306625133E-02   -0.5349887339E-02    0.0000000000E+00
   -0.1014797136E-04   -0.1310097221E-03    0.1808603949E-03    0.3388722314E-02    0.0000000000E+00
    0.4013884309E-05    0.4180746309E-04   -0.3321650527E-04   -0.1060915912E-02    0.0000000000E+00
   -0.1518200611E-05   -0.1408668766E-04    0.7980335812E-05    0.3414587304E-03    0.0000000000E+00
    0.5426292996E-06    0.4696338923E-05   -0.2136116181E-05   -0.1094146110E-03    0.0000000000E+00
   -0.1809895445E-06   -0.1498095784E-05    0.5887396345E-06    0.3383891294E-04    0.0000000000E+00
    0.5511190223E-07    0.4428425382E-06   -0.1577040527E-06   -0.9771209651E-05    0.0000000000E+00
   -0.1474937615E-07   -0.1161494141E-06    0.3868824070E-07    0.2518355905E-05    0.0000000000E+00
    0.3247832901E-08    0.2522305173E-07   -0.8027607082E-08   -0.5398518123E-06    0.0000000000E+00
   -0.5198050677E-09   -0.3998026084E-08    0.1233470306E-08    0.8475959807E-07    0.0000000000E+00
    0.4483950510E-10    0.3425556334E-09   -0.1034586375E-09   -0.7211941455E-08    0.0000000000E+00
 l,ispin:           3           1
 psi n=1,noccmax(l):
    0.9542180473E-01   -0.1892527137E+00    0.3986580678E+00    0.2264379015E+01    0.0000000000E+00
   -0.2605357364E+00    0.5180186142E+00   -0.1090800084E+01   -0.6189851154E+01    0.0000000000E+00
    0.3894216226E+00   -0.7771834329E+00    0.1635632369E+01    0.9268312936E+01    0.0000000000E+00
   -0.4294438084E+00    0.8618972381E+00   -0.1812429384E+01   -0.1024811439E+02    0.0000000000E+00
    0.3953733941E+00   -0.8002807904E+00    0.1680789260E+01    0.9473134927E+01    0.0000000000E+00
   -0.3246348057E+00    0.6655402295E+00   -0.1395234730E+01   -0.7825722098E+01    0.0000000000E+00
    0.2470997033E+00   -0.5164263348E+00    0.1079677244E+01    0.6011954904E+01    0.0000000000E+00
   -0.1785523304E+00    0.3837188803E+00   -0.7991187247E+00   -0.4403501111E+01    0.0000000000E+00
    0.1239819744E+00   -0.2782257985E+00    0.5760431586E+00    0.3123794807E+01    0.0000000000E+00
   -0.8326803936E-01    0.1993601713E+00   -0.4093255432E+00   -0.2168074587E+01    0.0000000000E+00
    0.5427696928E-01   -0.1422414952E+00    0.2888916044E+00    0.1482137216E+01    0.0000000000E+00
   -0.3456725812E-01    0.1011344705E+00   -0.2029431674E+00   -0.1003114771E+01    0.0000000000E+00
    0.2186724423E-01   -0.7121633044E-01    0.1414240652E+00    0.6753357151E+00    0.0000000000E+00
   -0.1440035920E-01    0.4870348952E-01   -0.9644322379E-01   -0.4552474103E+00    0.0000000000E+00
    0.1017425614E-01   -0.3198214113E-01    0.6386090474E-01    0.3085546533E+00    0.0000000000E+00
   -0.7526896597E-02    0.2032159285E-01   -0.4132291475E-01   -0.2100882071E+00    0.0000000000E+00
    0.5373528715E-02   -0.1309525080E-01    0.2703141727E-01    0.1425244182E+00    0.0000000000E+00
   -0.3735456278E-02    0.8555427936E-02   -0.1787116133E-01   -0.9644656037E-01    0.0000000000E+00
    0.2521279596E-02   -0.5699080673E-02    0.1199462251E-01    0.6507941977E-01    0.0000000000E+00
   -0.1740083741E-02    0.3718393161E-02   -0.7957796678E-02   -0.4410281100E-01    0.0000000000E+00
    0.1194486079E-02   -0.2415405029E-02    0.5277765504E-02    0.2996148160E-01    0.0000000000E+00
   -0.8076441774E-03    0.1557877401E-02   -0.3482604393E-02   -0.2046548391E-01    0.0000000000E+00
    0.4196084575E-03   -0.1210519344E-02    0.2622211493E-02    0.1359059493E-01    0.0000000000E+00
   -0.2915175172E-03    0.7576797012E-03   -0.1755326556E-02   -0.9301124195E-02    0.0000000000E+00
    0.1731650233E-03   -0.5074411876E-03    0.1267051422E-02    0.6245813849E-02    0.0000000000E+00
   -0.1372408857E-03    0.2311647792E-03   -0.7407469503E-03   -0.4502690711E-02    0.0000000000E+00
    0.2130888269E-04   -0.2316147854E-03    0.6885016145E-03    0.2888147334E-02    0.0000000000E+00
   -0.4238140633E-04    0.7064871799E-04   -0.4202959526E-03   -0.2139747522E-02    0.0000000000E+00
   -0.8767399467E-05   -0.1216984931E-03    0.5977747197E-03    0.8111866411E-03    0.0000000000E+00
   -0.2835032867E-04   -0.1756488112E-04   -0.4417790907E-03    0.2962044946E-03    0.0000000000E+00
   -0.2992330592E-05    0.4682620431E-04    0.1058614026E-03   -0.4230481789E-03    0.0000000000E+00
    0.6071159500E-06   -0.7643111292E-05    0.3228239358E-05    0.1779100860E-03    0.0000000000E+00
   -0.1699645237E-06    0.1888894475E-05   -0.1988705524E-05   -0.4460346600E-04    0.0000000000E+00
    0.4987892644E-07   -0.5109308504E-06    0.6641781301E-06    0.1178917781E-04    0.0000000000E+00
   -0.1439998206E-07    0.1396782741E-06   -0.1978673334E-06   -0.3143885617E-05    0.0000000000E+00
    0.3969828840E-08   -0.3710966223E-07    0.5481062422E-07    0.8177896348E-06    0.0000000000E+00
   -0.1015923192E-08    0.9259618587E-08   -0.1398117684E-07   -0.2006511425E-06    0.0000000000E+00
    0.2318441712E-09   -0.2076665458E-08    0.3173941425E-08    0.4442068827E-07    0.0000000000E+00
   -0.4415795224E-10    0.3907966128E-09   -0.6014034442E-09   -0.8277753477E-08    0.0000000000E+00
    0.6203905786E-11   -0.5444787629E-10    0.8411985570E-10    0.1144891672E-08    0.0000000000E+00
   -0.4771277684E-12    0.4163222554E-11   -0.6446461530E-11   -0.8706881815E-10    0.0000000000E+00
 l,ispin:           3           2
 psi n=1,noccmax(l):
    0.9542180473E-01   -0.1892527137E+00    0.3986580678E+00    0.2264379015E+01    0.0000000000E+00
   -0.2605357364E+00    0.5180186142E+00   -0.1090800084E+01   -0.6189851154E+01    0.0000000000E+00
    0.3894216226E+00   -0.7771834329E+00    0.1635632369E+01    0.9268312936E+01    0.0000000000E+00
   -0.4294438084E+00    0.8618972381E+00   -0.1812429384E+01   -0.1024811439E+02    0.0000000000E+00
    0.3953733941E+00   -0.8002807904E+00    0.1680789260E+01    0.9473134927E+01    0.0000000000E+00
   -0.3246348057E+00    0.6655402295E+00   -0.1395234730E+01   -0.7825722098E+01    0.0000000000E+00
    0.2470997033E+00   -0.5164263348E+00    0.1079677244E+01    0.6011954904E+01    0.0000000000E+00
   -0.1785523304E+00    0.3837188803E+00   -0.7991187247E+00   -0.4403501111E+01    0.0000000000E+00
    0.1239819744E+00   -0.2782257985E+00    0.5760431586E+00    0.3123794807E+01    0.0000000000E+00
   -0.8326803936E-01    0.1993601713E+00   -0.4093255432E+00   -0.2168074587E+01    0.0000000000E+00
    0.5427696928E-01   -0.1422414952E+00    0.2888916044E+00    0.1482137216E+01    0.0000000000E+00
   -0.3456725812E-01    0.1011344705E+00   -0.2029431674E+00   -0.1003114771E+01    0.0000000000E+00
    0.2186724423E-01   -0.7121633044E-01    0.1414240652E+00    0.6753357151E+00    0.0000000000E+00
   -0.1440035920E-01    0.4870348952E-01   -0.9644322379E-01   -0.4552474103E+00    0.0000000000E+00
    0.1017425614E-01   -0.3198214113E-01    0.6386090474E-01    0.3085546533E+00    0.0000000000E+00
   -0.7526896597E-02    0.2032159285E-01   -0.4132291475E-01   -0.2100882071E+00    0.0000000000E+00
    0.5373528715E-02   -0.1309525080E-01    0.2703141727E-01    0.1425244182E+00    0.0000000000E+00
   -0.3735456278E-02    0.8555427936E-02   -0.1787116133E-01   -0.9644656037E-01    0.0000000000E+00
    0.2521279596E-02   -0.5699080673E-02    0.1199462251E-01    0.6507941977E-01    0.0000000000E+00
   -0.1740083741E-02    0.3718393161E-02   -0.7957796678E-02   -0.4410281100E-01    0.0000000000E+00
    0.1194486079E-02   -0.2415405029E-02    0.5277765504E-02    0.2996148160E-01    0.0000000000E+00
   -0.8076441774E-03    0.1557877401E-02   -0.3482604393E-02   -0.2046548391E-01    0.0000000000E+00
    0.4196084575E-03   -0.1210519344E-02    0.2622211493E-02    0.1359059493E-01    0.0000000000E+00
   -0.2915175172E-03    0.7576797012E-03   -0.1755326556E-02   -0.9301124195E-02    0.0000000000E+00
    0.1731650233E-03   -0.5074411876E-03    0.1267051422E-02    0.6245813849E-02    0.0000000000E+00
   -0.1372408857E-03    0.2311647792E-03   -0.7407469503E-03   -0.4502690711E-02    0.0000000000E+00
    0.2130888269E-04   -0.2316147854E-03    0.6885016145E-03    0.2888147334E-02    0.0000000000E+00
   -0.4238140633E-04    0.7064871799E-04   -0.4202959526E-03   -0.2139747522E-02    0.0000000000E+00
   -0.8767399467E-05   -0.1216984931E-03    0.5977747197E-03    0.8111866411E-03    0.0000000000E+00
   -0.2835032867E-04   -0.1756488112E-04   -0.4417790907E-03    0.2962044946E-03    0.0000000000E+00
   -0.2992330592E-05    0.4682620431E-04    0.1058614026E-03   -0.4230481789E-03    0.0000000000E+00
    0.6071159500E-06   -0.7643111292E-05    0.3228239358E-05    0.1779100860E-03    0.0000000000E+00
   -0.1699645237E-06    0.1888894475E-05   -0.1988705524E-05   -0.4460346600E-04    0.0000000000E+00
    0.4987892644E-07   -0.5109308504E-06    0.6641781301E-06    0.1178917781E-04    0.0000000000E+00
   -0.1439998206E-07    0.1396782741E-06   -0.1978673334E-06   -0.3143885617E-05    0.0000000000E+00
    0.3969828840E-08   -0.3710966223E-07    0.5481062422E-07    0.8177896348E-06    0.0000000000E+00
   -0.1015923192E-08    0.9259618587E-08   -0.1398117684E-07   -0.2006511425E-06    0.0000000000E+00
    0.2318441712E-09   -0.2076665458E-08    0.3173941425E-08    0.4442068827E-07    0.0000000000E+00
   -0.4415795224E-10    0.3907966128E-09   -0.6014034442E-09   -0.8277753477E-08    0.0000000000E+00
    0.6203905786E-11   -0.5444787629E-10    0.8411985570E-10    0.1144891672E-08    0.0000000000E+00
   -0.4771277684E-12    0.4163222554E-11   -0.6446461530E-11   -0.8706881815E-10    0.0000000000E+00
