   40             4.00000 ng, rij 
     1.606     8.000                                       rcov,rprb 
 r                           (non)relativistic calculation
 PBE                         XC-functional
  5.000  5.000    0.1800000000   -0.3098863324E+02    0.1295791620E+01    0.0000000000E+00    0.0000000000E+00  znuc,zion,rloc,gpot()
   1                                                       lpx, (Projectors for l=0..lpx)
    0.2151416108    0.2924742107E+01   -0.0000000000E+00    0.0000000000E+00    0.0000000000E+00   -0.0000000000E+00    0.0000000000E+00  r_l(),hsep(), so=+0.5
    0.1693492721    0.4454212801E+01   -0.0000000000E+00    0.0000000000E+00    0.0000000000E+00   -0.0000000000E+00    0.0000000000E+00  r_l(),hsep(), so=+0.5
    0.4440656687E+01   -0.0000000000E+00    0.0000000000E+00    0.0000000000E+00   -0.0000000000E+00    0.0000000000E+00         hsep(), so=-0.5
 ---------------------------------------------
 Additional information (last calculation):
 gaussian exponents:
 xp():   174.59426695964143        123.45679012345680        87.297133479820715        61.728395061728428        43.648566739910358        30.864197530864214        21.824283369955186        15.432098765432112        10.912141684977593        7.7160493827160561        5.4560708424887991        3.8580246913580298        2.7280354212443996        1.9290123456790149        1.3640177106222007       0.96450617283950812       0.68200885531110056       0.48225308641975412       0.34100442765555034       0.24112654320987706       0.17050221382777517       0.12056327160493853        8.5251106913887639E-002   6.0281635802469306E-002   4.2625553456943813E-002   3.0140817901234667E-002   2.1312776728471910E-002   1.5070408950617330E-002   1.0656388364235955E-002   7.5352044753086702E-003   5.3281941821179818E-003   3.7676022376543351E-003   2.6640970910589913E-003   1.8838011188271676E-003   1.3320485455294954E-003   9.4190055941358410E-004   6.6602427276474794E-004   4.7095027970679205E-004   3.3301213638237408E-004   2.3547513985339608E-004
 orbital coefficients (one orbital per column)
 l,ispin:           0           1
 psi n=1,noccmax(l):
    0.3413236828E-01    0.2986836683E-01    0.8081406052E-02    0.5464524092E-02
   -0.2034106290E+00   -0.1639533281E+00   -0.4440989497E-01   -0.3002211027E-01
    0.6035478781E+00    0.4760036788E+00    0.1290606694E+00    0.8723332212E-01
   -0.1284155331E+01   -0.9671706184E+00   -0.2626552470E+00   -0.1774704553E+00
    0.2169764117E+01    0.1558154248E+01    0.4241574167E+00    0.2864234738E+00
   -0.3087235091E+01   -0.2100585863E+01   -0.5740120248E+00   -0.3871760052E+00
    0.4621173448E+01    0.2154624183E+01    0.5953289057E+00    0.3998730760E+00
   -0.2604931549E+01   -0.2474734361E+01   -0.6861902479E+00   -0.4600433231E+00
    0.6564628358E+01    0.2500266860E+00    0.1024153395E+00    0.5850352275E-01
   -0.7058296245E+00    0.3861894998E+00    0.6942234700E-01    0.6187394976E-01
    0.2431983645E+01   -0.2757741766E+01   -0.7011178793E+00   -0.4969590041E+00
    0.1570768143E+01    0.2439216516E+01    0.6202102290E+00    0.4443547820E+00
    0.4443950642E+00   -0.2919956768E+01   -0.7520114534E+00   -0.5373676372E+00
    0.1341787910E+01    0.1812347127E+01    0.4563679168E+00    0.3370574479E+00
   -0.1158220621E+00   -0.1916950547E+01   -0.4904271283E+00   -0.3628684184E+00
    0.6320896764E+00    0.1132807164E+01    0.2749285741E+00    0.2159220340E+00
   -0.2650193393E+00   -0.9873740505E+00   -0.2343807951E+00   -0.1880981134E+00
    0.2611764534E+00    0.8240169598E+00    0.1888563950E+00    0.1547227758E+00
   -0.1774240416E+00   -0.4228073359E+00   -0.8085180388E-01   -0.7550277647E-01
    0.1278189691E+00    0.6502155828E+00    0.1866576300E+00    0.1435830966E+00
   -0.8965531882E-01   -0.1372105589E+00   -0.1290904726E-01   -0.5050856665E-02
    0.6205478108E-01    0.3734336307E+00    0.8576293556E-01    0.2600216776E-01
   -0.4241128756E-01   -0.8057994343E-01    0.3384919652E-01    0.1159353705E+00
    0.2865449021E-01    0.1768695302E+00    0.8139969296E-01   -0.9600983424E-01
   -0.1915571527E-01   -0.7102327958E-01   -0.1353296789E-01    0.2495822726E+00
    0.1267837606E-01    0.6909064728E-01    0.4379818385E-01   -0.3401459695E+00
   -0.8309773345E-02   -0.4370970133E-01   -0.8345555376E-01    0.4010911619E+00
    0.5392082443E-02    0.3027185360E-01    0.3682220054E-01   -0.4792434638E+00
   -0.3460633243E-02   -0.2008439576E-01   -0.8175884320E-01    0.4137784127E+00
    0.2192742085E-02    0.1299651585E-01    0.7939874068E-02   -0.5675088518E+00
   -0.1367512504E-02   -0.8157885704E-02   -0.4330181923E-01    0.2860827635E+00
    0.8355167435E-03    0.4943555011E-02    0.1846205870E-01    0.3888984566E-01
   -0.4966471277E-03   -0.2873907434E-02   -0.1007714215E-01   -0.2921246831E-02
    0.2843342682E-03    0.1588862820E-02    0.5331735536E-02   -0.2210746693E-02
   -0.1545161499E-03   -0.8249591236E-03   -0.2659264988E-02    0.2021461836E-02
    0.7804336723E-04    0.3948913086E-03    0.1225472565E-02   -0.1164409973E-02
   -0.3552567808E-04   -0.1694804523E-03   -0.5078109310E-03    0.5391185056E-03
    0.1391625085E-04    0.6246250312E-04    0.1813835854E-03   -0.2049167305E-03
   -0.4359937850E-05   -0.1842737650E-04   -0.5208431394E-04    0.6106710158E-04
    0.9593085062E-06    0.3831030215E-05    0.1058628092E-04   -0.1270135530E-04
   -0.1094579831E-06   -0.4152734510E-06   -0.1126612639E-05    0.1371687156E-05
 l,ispin:           1           1
 psi n=1,noccmax(l):
    0.2875436328E+00   -0.7785904404E-01   -0.6571147317E-01   -0.5965397387E-01
   -0.1281041132E+01    0.3468724391E+00    0.2929199093E+00    0.2661616441E+00
    0.3047741403E+01   -0.8252605943E+00   -0.6973665993E+00   -0.6343447959E+00
   -0.5242524099E+01    0.1419670117E+01    0.1200677228E+01    0.1093650862E+01
    0.7389538801E+01   -0.2001515726E+01   -0.1694315282E+01   -0.1545501180E+01
   -0.9105029547E+01    0.2467469989E+01    0.2090266668E+01    0.1908748160E+01
    0.1015332957E+02   -0.2755109060E+01   -0.2334474671E+01   -0.2132165184E+01
   -0.9920836400E+01    0.2698199884E+01    0.2278371602E+01    0.2068707787E+01
    0.8986760737E+01   -0.2459269278E+01   -0.2066556185E+01   -0.1860046025E+01
   -0.5976706957E+01    0.1657509885E+01    0.1356822124E+01    0.1165675267E+01
    0.3410031047E+01   -0.9766359559E+00   -0.7571825402E+00   -0.5830012613E+00
   -0.9484768672E+00    0.3138730680E+00    0.1730115240E+00    0.1553449095E-01
    0.6052827547E+00   -0.2217249783E+00   -0.9718372044E-01    0.5087471132E-01
    0.9876527448E-01    0.2549615722E-01   -0.7221571828E-01   -0.2101969313E+00
    0.1965043371E+00   -0.1041291433E+00   -0.4152603744E-02    0.1266751782E+00
    0.2074297736E+00   -0.1247861121E-01   -0.9454280470E-01   -0.2169016762E+00
    0.1671597725E+00   -0.8991747614E-01   -0.3403336429E-02    0.1123243567E+00
    0.1713272313E+00   -0.8091963003E-02   -0.7861218042E-01   -0.1868255472E+00
    0.1169418036E+00   -0.7089005171E-01    0.1392722837E-02    0.1035879000E+00
    0.1182466358E+00   -0.3099962049E-02   -0.6261918660E-01   -0.1596180275E+00
    0.6560860607E-01   -0.4577906260E-01    0.1232125811E-01    0.1050394911E+00
    0.4833545578E-01    0.1262646746E-01   -0.3462190880E-01   -0.1230906656E+00
    0.2567128879E-01   -0.3280734845E-01    0.6845201770E-02    0.9111723949E-01
    0.1783539016E-01    0.1212871322E-01   -0.1605797508E-01   -0.9874863718E-01
    0.6968810689E-02   -0.1514749493E-01    0.1424071456E-02    0.8300180781E-01
    0.3773620100E-02    0.9794731067E-02    0.8269439427E-02   -0.7065175969E-01
    0.6242027420E-03   -0.8676783831E-03   -0.1076472014E-01    0.6765758414E-01
    0.4149917236E-03    0.2939353525E-02    0.2271309463E-01   -0.4866744171E-01
   -0.8788861250E-04    0.3544616922E-02   -0.1745691596E-01    0.4752458887E-01
    0.6096278171E-04    0.2118327410E-02    0.3468523575E-01    0.4474321796E-01
   -0.3150998411E-04    0.3590838179E-02   -0.1679294136E-01   -0.1115421647E+00
    0.1590083731E-04   -0.7451449604E-03   -0.3752718930E-02    0.6321010484E-01
   -0.7699696540E-05    0.3202055695E-03    0.1033659551E-02   -0.1587233794E-01
    0.3549608603E-05   -0.1402659933E-03   -0.3345489733E-03    0.5290865017E-02
   -0.1541390796E-05    0.5887675596E-04    0.1137288158E-03   -0.1886444562E-02
    0.6204269559E-06   -0.2306292317E-04   -0.3839977158E-04    0.6651185631E-03
   -0.2257099626E-06    0.8200117655E-05    0.1229423179E-04   -0.2203209281E-03
    0.7126375854E-07   -0.2539557721E-05   -0.3536356038E-05    0.6498450453E-04
   -0.1824475890E-07    0.6398779586E-06    0.8459531229E-06   -0.1582524329E-04
    0.3340760960E-08   -0.1156627643E-06   -0.1474451700E-06    0.2792709553E-05
   -0.3241241301E-09    0.1110733826E-07    0.1380305043E-07   -0.2636760086E-06
 l,ispin:           1           2
 psi n=1,noccmax(l):
    0.2876970822E+00   -0.7787399509E-01   -0.6571848419E-01   -0.5966195436E-01
   -0.1281729733E+01    0.3469405200E+00    0.2929524864E+00    0.2661984966E+00
    0.3049388244E+01   -0.8254252366E+00   -0.6974465651E+00   -0.6344348277E+00
   -0.5245381707E+01    0.1419960900E+01    0.1200821710E+01    0.1093812419E+01
    0.7393610524E+01   -0.2001939021E+01   -0.1694531162E+01   -0.1545740773E+01
   -0.9110106228E+01    0.2468010097E+01    0.2090549430E+01    0.1909059831E+01
    0.1015936012E+02   -0.2755816055E+01   -0.2334883423E+01   -0.2132605285E+01
   -0.9926025336E+01    0.2698698389E+01    0.2278597770E+01    0.2068968768E+01
    0.8993463780E+01   -0.2460275747E+01   -0.2067254130E+01   -0.1860772433E+01
   -0.5979605022E+01    0.1657749297E+01    0.1356895886E+01    0.1165781510E+01
    0.3413053571E+01   -0.9771473377E+00   -0.7575509893E+00   -0.5833945994E+00
   -0.9488879851E+00    0.3138864199E+00    0.1729849661E+00    0.1553292932E-01
    0.6061527616E+00   -0.2219000537E+00   -0.9730972732E-01    0.5072682434E-01
    0.9888001057E-01    0.2545794223E-01   -0.7226557789E-01   -0.2102257419E+00
    0.1968418864E+00   -0.1041944937E+00   -0.4190784086E-02    0.1266173554E+00
    0.2075640173E+00   -0.1251317647E-01   -0.9458524212E-01   -0.2169261497E+00
    0.1673144587E+00   -0.8993562864E-01   -0.3401577637E-02    0.1123089692E+00
    0.1713960483E+00   -0.8108869325E-02   -0.7863771878E-01   -0.1868358823E+00
    0.1170051060E+00   -0.7088920659E-01    0.1408831121E-02    0.1035895272E+00
    0.1182627378E+00   -0.3104855013E-02   -0.6263263381E-01   -0.1596185656E+00
    0.6561553872E-01   -0.4576443958E-01    0.1234723131E-01    0.1050542954E+00
    0.4833197038E-01    0.1262332289E-01   -0.3463491013E-01   -0.1230947566E+00
    0.2566611846E-01   -0.3279625431E-01    0.6867190158E-02    0.9113299921E-01
    0.1782648224E-01    0.1212864989E-01   -0.1606724150E-01   -0.9875336257E-01
    0.6962701676E-02   -0.1513846855E-01    0.1443353220E-02    0.8302168994E-01
    0.3769310698E-02    0.9796472858E-02    0.8261200343E-02   -0.7066373617E-01
    0.6226132991E-03   -0.8642443077E-03   -0.1075126176E-01    0.6768086234E-01
    0.4143334000E-03    0.2941293574E-02    0.2270492047E-01   -0.4868966499E-01
   -0.8793373124E-04    0.3545035958E-02   -0.1744535872E-01    0.4756377213E-01
    0.6093482101E-04    0.2118914825E-02    0.3467291771E-01    0.4467242286E-01
   -0.3149859687E-04    0.3588687481E-02   -0.1679446926E-01   -0.1114911486E+00
    0.1589553421E-04   -0.7448320614E-03   -0.3748829218E-02    0.6319480834E-01
   -0.7697304338E-05    0.3200753154E-03    0.1032436810E-02   -0.1587002548E-01
    0.3548578855E-05   -0.1402098397E-03   -0.3341002150E-03    0.5290317643E-02
   -0.1540972905E-05    0.5885343954E-04    0.1135600140E-03   -0.1886292254E-02
    0.6202694795E-06   -0.2305386293E-04   -0.3833821674E-04    0.6650739144E-03
   -0.2256561304E-06    0.8196915995E-05    0.1227337550E-04   -0.2203080522E-03
    0.7124769876E-07   -0.2538570851E-05   -0.3530107069E-05    0.6498108135E-04
   -0.1824084699E-07    0.6396302018E-06    0.8444143731E-06   -0.1582447167E-04
    0.3340074299E-08   -0.1156181037E-06   -0.1471714663E-06    0.2792580930E-05
   -0.3240597883E-09    0.1110305831E-07    0.1377706157E-07   -0.2636643608E-06
 l,ispin:           2           1
 psi n=1,noccmax(l):
   -0.5466360956E-02   -0.2568130865E-01    0.9528999471E-01    0.2727172297E+00    0.0000000000E+00
    0.1791076740E-01    0.9051163860E-01   -0.3320769690E+00   -0.9471116654E+00    0.0000000000E+00
   -0.3076925943E-01   -0.1735960965E+00    0.6269502999E+00    0.1779335795E+01    0.0000000000E+00
    0.3663883870E-01    0.2452448102E+00   -0.8667354874E+00   -0.2442860160E+01    0.0000000000E+00
   -0.3299238013E-01   -0.2899410606E+00    0.9960128914E+00    0.2780953212E+01    0.0000000000E+00
    0.2209316246E-01    0.3070795903E+00   -0.1019184013E+01   -0.2812009580E+01    0.0000000000E+00
   -0.8409054815E-02   -0.3025570374E+00    0.9670557130E+00    0.2631981713E+01    0.0000000000E+00
    0.1085577116E-02    0.2754322726E+00   -0.8621234848E+00   -0.2327964938E+01    0.0000000000E+00
    0.2312170813E-02   -0.2387011892E+00    0.7381284400E+00    0.1983809922E+01    0.0000000000E+00
    0.1697727104E-01    0.1694423571E+00   -0.5757869265E+00   -0.1601910311E+01    0.0000000000E+00
   -0.3201655773E-01   -0.1109649033E+00    0.4352428783E+00    0.1266456883E+01    0.0000000000E+00
    0.4595934051E-01    0.5931744163E-01   -0.3129752418E+00   -0.9772228600E+00    0.0000000000E+00
   -0.4274442888E-01   -0.3871556602E-01    0.2398204504E+00    0.7708056808E+00    0.0000000000E+00
    0.3930340181E-01    0.2307435672E-01   -0.1815243610E+00   -0.6038680818E+00    0.0000000000E+00
   -0.3114173735E-01   -0.1856824688E-01    0.1448220548E+00    0.4814640519E+00    0.0000000000E+00
    0.2706616497E-01    0.1119914946E-01   -0.1105707907E+00   -0.3775465736E+00    0.0000000000E+00
   -0.1986301233E-01   -0.1131162107E-01    0.9094529435E-01    0.3039441429E+00    0.0000000000E+00
    0.1804747908E-01    0.5449458332E-02   -0.6770582157E-01   -0.2362955545E+00    0.0000000000E+00
   -0.1270968301E-01   -0.6685948955E-02    0.5682583842E-01    0.1917672982E+00    0.0000000000E+00
    0.1171528303E-01    0.2680494481E-02   -0.4175773333E-01   -0.1487451577E+00    0.0000000000E+00
   -0.7299511190E-02   -0.5042507845E-02    0.3704950167E-01    0.1235953881E+00    0.0000000000E+00
    0.7238709591E-02    0.1646866455E-02   -0.2663087399E-01   -0.9584892778E-01    0.0000000000E+00
   -0.4877421639E-02   -0.2322495254E-02    0.2272356588E-01    0.7931102959E-01    0.0000000000E+00
    0.4383917393E-02    0.4634417623E-03   -0.1642809763E-01   -0.6242394707E-01    0.0000000000E+00
   -0.2424933166E-02   -0.1308092344E-02    0.1471949647E-01    0.5370793214E-01    0.0000000000E+00
    0.2367696368E-02   -0.7144477583E-03   -0.9697857799E-02   -0.4259934136E-01    0.0000000000E+00
   -0.7532524416E-03   -0.7557262394E-04    0.8988243527E-02    0.3870983798E-01    0.0000000000E+00
    0.7950002655E-03   -0.1285941020E-02   -0.5656984815E-02   -0.3315810721E-01    0.0000000000E+00
   -0.5140895176E-05    0.6190694602E-03    0.5722761555E-02    0.3613547865E-01    0.0000000000E+00
    0.3106518835E-03   -0.1990372948E-02   -0.5674250144E-03   -0.3215039218E-01    0.0000000000E+00
    0.2578906448E-03    0.9746877865E-03   -0.3899045327E-02    0.1509963140E-01    0.0000000000E+00
   -0.1889499188E-04    0.1807713802E-03    0.2367695514E-02   -0.2437637734E-02    0.0000000000E+00
    0.5174242092E-05   -0.4904501417E-04   -0.5392685233E-03   -0.4854556190E-03    0.0000000000E+00
   -0.1687604984E-05    0.1511892382E-04    0.1564458769E-03    0.2445030779E-03    0.0000000000E+00
    0.5630048362E-06   -0.4778031875E-05   -0.4800776810E-04   -0.8972730919E-04    0.0000000000E+00
   -0.1812583887E-06    0.1473422742E-05    0.1455096484E-04    0.2952850575E-04    0.0000000000E+00
    0.5411868587E-07   -0.4260053045E-06   -0.4159558049E-05   -0.8814152063E-05    0.0000000000E+00
   -0.1431523573E-07    0.1100876901E-06    0.1066385786E-05    0.2315362684E-05    0.0000000000E+00
    0.3129210201E-08   -0.2366646537E-07   -0.2279336770E-06   -0.5019982361E-06    0.0000000000E+00
   -0.4984266312E-09    0.3725305952E-08    0.3572753747E-07    0.7936149162E-07    0.0000000000E+00
    0.4285695061E-10   -0.3176523714E-09   -0.3036984901E-08   -0.6781309615E-08    0.0000000000E+00
 l,ispin:           2           2
 psi n=1,noccmax(l):
   -0.5466360956E-02   -0.2568130865E-01    0.9528999471E-01    0.2727172297E+00    0.0000000000E+00
    0.1791076740E-01    0.9051163860E-01   -0.3320769690E+00   -0.9471116654E+00    0.0000000000E+00
   -0.3076925943E-01   -0.1735960965E+00    0.6269502999E+00    0.1779335795E+01    0.0000000000E+00
    0.3663883870E-01    0.2452448102E+00   -0.8667354874E+00   -0.2442860160E+01    0.0000000000E+00
   -0.3299238013E-01   -0.2899410606E+00    0.9960128914E+00    0.2780953212E+01    0.0000000000E+00
    0.2209316246E-01    0.3070795903E+00   -0.1019184013E+01   -0.2812009580E+01    0.0000000000E+00
   -0.8409054815E-02   -0.3025570374E+00    0.9670557130E+00    0.2631981713E+01    0.0000000000E+00
    0.1085577116E-02    0.2754322726E+00   -0.8621234848E+00   -0.2327964938E+01    0.0000000000E+00
    0.2312170813E-02   -0.2387011892E+00    0.7381284400E+00    0.1983809922E+01    0.0000000000E+00
    0.1697727104E-01    0.1694423571E+00   -0.5757869265E+00   -0.1601910311E+01    0.0000000000E+00
   -0.3201655773E-01   -0.1109649033E+00    0.4352428783E+00    0.1266456883E+01    0.0000000000E+00
    0.4595934051E-01    0.5931744163E-01   -0.3129752418E+00   -0.9772228600E+00    0.0000000000E+00
   -0.4274442888E-01   -0.3871556602E-01    0.2398204504E+00    0.7708056808E+00    0.0000000000E+00
    0.3930340181E-01    0.2307435672E-01   -0.1815243610E+00   -0.6038680818E+00    0.0000000000E+00
   -0.3114173735E-01   -0.1856824688E-01    0.1448220548E+00    0.4814640519E+00    0.0000000000E+00
    0.2706616497E-01    0.1119914946E-01   -0.1105707907E+00   -0.3775465736E+00    0.0000000000E+00
   -0.1986301233E-01   -0.1131162107E-01    0.9094529435E-01    0.3039441429E+00    0.0000000000E+00
    0.1804747908E-01    0.5449458332E-02   -0.6770582157E-01   -0.2362955545E+00    0.0000000000E+00
   -0.1270968301E-01   -0.6685948955E-02    0.5682583842E-01    0.1917672982E+00    0.0000000000E+00
    0.1171528303E-01    0.2680494481E-02   -0.4175773333E-01   -0.1487451577E+00    0.0000000000E+00
   -0.7299511190E-02   -0.5042507845E-02    0.3704950167E-01    0.1235953881E+00    0.0000000000E+00
    0.7238709591E-02    0.1646866455E-02   -0.2663087399E-01   -0.9584892778E-01    0.0000000000E+00
   -0.4877421639E-02   -0.2322495254E-02    0.2272356588E-01    0.7931102959E-01    0.0000000000E+00
    0.4383917393E-02    0.4634417623E-03   -0.1642809763E-01   -0.6242394707E-01    0.0000000000E+00
   -0.2424933166E-02   -0.1308092344E-02    0.1471949647E-01    0.5370793214E-01    0.0000000000E+00
    0.2367696368E-02   -0.7144477583E-03   -0.9697857799E-02   -0.4259934136E-01    0.0000000000E+00
   -0.7532524416E-03   -0.7557262394E-04    0.8988243527E-02    0.3870983798E-01    0.0000000000E+00
    0.7950002655E-03   -0.1285941020E-02   -0.5656984815E-02   -0.3315810721E-01    0.0000000000E+00
   -0.5140895176E-05    0.6190694602E-03    0.5722761555E-02    0.3613547865E-01    0.0000000000E+00
    0.3106518835E-03   -0.1990372948E-02   -0.5674250144E-03   -0.3215039218E-01    0.0000000000E+00
    0.2578906448E-03    0.9746877865E-03   -0.3899045327E-02    0.1509963140E-01    0.0000000000E+00
   -0.1889499188E-04    0.1807713802E-03    0.2367695514E-02   -0.2437637734E-02    0.0000000000E+00
    0.5174242092E-05   -0.4904501417E-04   -0.5392685233E-03   -0.4854556190E-03    0.0000000000E+00
   -0.1687604984E-05    0.1511892382E-04    0.1564458769E-03    0.2445030779E-03    0.0000000000E+00
    0.5630048362E-06   -0.4778031875E-05   -0.4800776810E-04   -0.8972730919E-04    0.0000000000E+00
   -0.1812583887E-06    0.1473422742E-05    0.1455096484E-04    0.2952850575E-04    0.0000000000E+00
    0.5411868587E-07   -0.4260053045E-06   -0.4159558049E-05   -0.8814152063E-05    0.0000000000E+00
   -0.1431523573E-07    0.1100876901E-06    0.1066385786E-05    0.2315362684E-05    0.0000000000E+00
    0.3129210201E-08   -0.2366646537E-07   -0.2279336770E-06   -0.5019982361E-06    0.0000000000E+00
   -0.4984266312E-09    0.3725305952E-08    0.3572753747E-07    0.7936149162E-07    0.0000000000E+00
    0.4285695061E-10   -0.3176523714E-09   -0.3036984901E-08   -0.6781309615E-08    0.0000000000E+00
 l,ispin:           3           1
 psi n=1,noccmax(l):
   -0.1036263160E+00   -0.1772877301E+00   -0.5666049403E+00   -0.3694155499E+01    0.0000000000E+00
    0.2832822677E+00    0.4846081053E+00    0.1549949378E+01    0.1010347285E+02    0.0000000000E+00
   -0.4241132637E+00   -0.7254317194E+00   -0.2322811937E+01   -0.1513713896E+02    0.0000000000E+00
    0.4687564394E+00    0.8016335567E+00    0.2571199478E+01    0.1674860197E+02    0.0000000000E+00
   -0.4329653048E+00   -0.7402041150E+00   -0.2380282795E+01   -0.1549493947E+02    0.0000000000E+00
    0.3572200490E+00    0.6104363121E+00    0.1970455581E+01    0.1281483039E+02    0.0000000000E+00
   -0.2739525836E+00   -0.4678448191E+00   -0.1518317468E+01   -0.9861046094E+01    0.0000000000E+00
    0.2003131027E+00    0.3418144404E+00    0.1116502660E+01    0.7239709880E+01    0.0000000000E+00
   -0.1419642820E+00   -0.2420236595E+00   -0.7962119008E+00   -0.5153799867E+01    0.0000000000E+00
    0.9895115612E-01    0.1686436624E+00    0.5552172255E+00    0.3593501012E+01    0.0000000000E+00
   -0.6825874289E-01   -0.1163514984E+00   -0.3813813750E+00   -0.2471443656E+01    0.0000000000E+00
    0.4686846990E-01    0.7995052826E-01    0.2590747549E+00    0.1684081992E+01    0.0000000000E+00
   -0.3190754881E-01   -0.5442321948E-01   -0.1752873645E+00   -0.1141478066E+01    0.0000000000E+00
    0.2165491064E-01    0.3691832157E-01    0.1181433952E+00    0.7708836576E+00    0.0000000000E+00
   -0.1461811299E-01   -0.2487657693E-01   -0.7961889396E-01   -0.5197213988E+00    0.0000000000E+00
    0.9899243128E-02    0.1681257147E-01    0.5347508031E-01    0.3498427341E+00    0.0000000000E+00
   -0.6657921617E-02   -0.1125186217E-01   -0.3606373327E-01   -0.2356593623E+00    0.0000000000E+00
    0.4549400238E-02    0.7658385301E-02    0.2412295643E-01    0.1585310316E+00    0.0000000000E+00
   -0.3064751242E-02   -0.5106091371E-02   -0.1631915148E-01   -0.1070094120E+00    0.0000000000E+00
    0.2120303918E-02    0.3503196166E-02    0.1090104924E-01    0.7215131125E-01    0.0000000000E+00
   -0.1410596204E-02   -0.2274049958E-02   -0.7507903355E-02   -0.4908732488E-01    0.0000000000E+00
    0.1010886897E-02    0.1612042689E-02    0.4970250440E-02    0.3323199012E-01    0.0000000000E+00
   -0.6925712630E-03   -0.1078124562E-02   -0.3400755385E-02   -0.2276447638E-01    0.0000000000E+00
    0.4943831560E-03    0.7722196130E-03    0.2249298910E-02    0.1558403476E-01    0.0000000000E+00
   -0.3162421878E-03   -0.4924330783E-03   -0.1591881764E-02   -0.1093884366E-01    0.0000000000E+00
    0.2280596248E-03    0.4022644398E-03    0.9706755292E-03    0.7560449471E-02    0.0000000000E+00
   -0.1103923870E-03   -0.2380713486E-03   -0.7135924516E-03   -0.5559061082E-02    0.0000000000E+00
    0.7082499623E-04    0.2202818432E-03    0.3748094080E-03    0.4031335780E-02    0.0000000000E+00
   -0.1780030405E-04   -0.1395820843E-03   -0.2650350925E-03   -0.3390525159E-02    0.0000000000E+00
    0.2016738470E-04    0.1995384382E-03   -0.2237112393E-03    0.2079672701E-02    0.0000000000E+00
    0.2532846451E-04   -0.4834117244E-04    0.3433857364E-03   -0.6343712717E-03    0.0000000000E+00
   -0.7493856966E-06   -0.1960164221E-04   -0.1366992067E-03    0.9620114069E-05    0.0000000000E+00
    0.1021569514E-06    0.4417586331E-05    0.2392439290E-04    0.5102026113E-04    0.0000000000E+00
   -0.1715743641E-07   -0.1151088930E-05   -0.5612594709E-05   -0.1650945488E-04    0.0000000000E+00
    0.3075932888E-08    0.3088455559E-06    0.1422573501E-05    0.4727080334E-05    0.0000000000E+00
   -0.5569470867E-09   -0.8117972813E-07   -0.3610726949E-06   -0.1271770548E-05    0.0000000000E+00
    0.9806154200E-10    0.2011963023E-07    0.8746066887E-07    0.3176616766E-06    0.0000000000E+00
   -0.1608816397E-10   -0.4491670273E-08   -0.1922406531E-07   -0.7102252851E-07    0.0000000000E+00
    0.2303084381E-11    0.8425292865E-09    0.3567387150E-08    0.1330820591E-07    0.0000000000E+00
   -0.2544867185E-12   -0.1171093279E-09   -0.4921432577E-09   -0.1846291646E-08    0.0000000000E+00
    0.1609736970E-13    0.8938943897E-11    0.3736724486E-10    0.1406435168E-09    0.0000000000E+00
 l,ispin:           3           2
 psi n=1,noccmax(l):
   -0.1036263160E+00   -0.1772877301E+00   -0.5666049403E+00   -0.3694155499E+01    0.0000000000E+00
    0.2832822677E+00    0.4846081053E+00    0.1549949378E+01    0.1010347285E+02    0.0000000000E+00
   -0.4241132637E+00   -0.7254317194E+00   -0.2322811937E+01   -0.1513713896E+02    0.0000000000E+00
    0.4687564394E+00    0.8016335567E+00    0.2571199478E+01    0.1674860197E+02    0.0000000000E+00
   -0.4329653048E+00   -0.7402041150E+00   -0.2380282795E+01   -0.1549493947E+02    0.0000000000E+00
    0.3572200490E+00    0.6104363121E+00    0.1970455581E+01    0.1281483039E+02    0.0000000000E+00
   -0.2739525836E+00   -0.4678448191E+00   -0.1518317468E+01   -0.9861046094E+01    0.0000000000E+00
    0.2003131027E+00    0.3418144404E+00    0.1116502660E+01    0.7239709880E+01    0.0000000000E+00
   -0.1419642820E+00   -0.2420236595E+00   -0.7962119008E+00   -0.5153799867E+01    0.0000000000E+00
    0.9895115612E-01    0.1686436624E+00    0.5552172255E+00    0.3593501012E+01    0.0000000000E+00
   -0.6825874289E-01   -0.1163514984E+00   -0.3813813750E+00   -0.2471443656E+01    0.0000000000E+00
    0.4686846990E-01    0.7995052826E-01    0.2590747549E+00    0.1684081992E+01    0.0000000000E+00
   -0.3190754881E-01   -0.5442321948E-01   -0.1752873645E+00   -0.1141478066E+01    0.0000000000E+00
    0.2165491064E-01    0.3691832157E-01    0.1181433952E+00    0.7708836576E+00    0.0000000000E+00
   -0.1461811299E-01   -0.2487657693E-01   -0.7961889396E-01   -0.5197213988E+00    0.0000000000E+00
    0.9899243128E-02    0.1681257147E-01    0.5347508031E-01    0.3498427341E+00    0.0000000000E+00
   -0.6657921617E-02   -0.1125186217E-01   -0.3606373327E-01   -0.2356593623E+00    0.0000000000E+00
    0.4549400238E-02    0.7658385301E-02    0.2412295643E-01    0.1585310316E+00    0.0000000000E+00
   -0.3064751242E-02   -0.5106091371E-02   -0.1631915148E-01   -0.1070094120E+00    0.0000000000E+00
    0.2120303918E-02    0.3503196166E-02    0.1090104924E-01    0.7215131125E-01    0.0000000000E+00
   -0.1410596204E-02   -0.2274049958E-02   -0.7507903355E-02   -0.4908732488E-01    0.0000000000E+00
    0.1010886897E-02    0.1612042689E-02    0.4970250440E-02    0.3323199012E-01    0.0000000000E+00
   -0.6925712630E-03   -0.1078124562E-02   -0.3400755385E-02   -0.2276447638E-01    0.0000000000E+00
    0.4943831560E-03    0.7722196130E-03    0.2249298910E-02    0.1558403476E-01    0.0000000000E+00
   -0.3162421878E-03   -0.4924330783E-03   -0.1591881764E-02   -0.1093884366E-01    0.0000000000E+00
    0.2280596248E-03    0.4022644398E-03    0.9706755292E-03    0.7560449471E-02    0.0000000000E+00
   -0.1103923870E-03   -0.2380713486E-03   -0.7135924516E-03   -0.5559061082E-02    0.0000000000E+00
    0.7082499623E-04    0.2202818432E-03    0.3748094080E-03    0.4031335780E-02    0.0000000000E+00
   -0.1780030405E-04   -0.1395820843E-03   -0.2650350925E-03   -0.3390525159E-02    0.0000000000E+00
    0.2016738470E-04    0.1995384382E-03   -0.2237112393E-03    0.2079672701E-02    0.0000000000E+00
    0.2532846451E-04   -0.4834117244E-04    0.3433857364E-03   -0.6343712717E-03    0.0000000000E+00
   -0.7493856966E-06   -0.1960164221E-04   -0.1366992067E-03    0.9620114069E-05    0.0000000000E+00
    0.1021569514E-06    0.4417586331E-05    0.2392439290E-04    0.5102026113E-04    0.0000000000E+00
   -0.1715743641E-07   -0.1151088930E-05   -0.5612594709E-05   -0.1650945488E-04    0.0000000000E+00
    0.3075932888E-08    0.3088455559E-06    0.1422573501E-05    0.4727080334E-05    0.0000000000E+00
   -0.5569470867E-09   -0.8117972813E-07   -0.3610726949E-06   -0.1271770548E-05    0.0000000000E+00
    0.9806154200E-10    0.2011963023E-07    0.8746066887E-07    0.3176616766E-06    0.0000000000E+00
   -0.1608816397E-10   -0.4491670273E-08   -0.1922406531E-07   -0.7102252851E-07    0.0000000000E+00
    0.2303084381E-11    0.8425292865E-09    0.3567387150E-08    0.1330820591E-07    0.0000000000E+00
   -0.2544867185E-12   -0.1171093279E-09   -0.4921432577E-09   -0.1846291646E-08    0.0000000000E+00
    0.1609736970E-13    0.8938943897E-11    0.3736724486E-10    0.1406435168E-09    0.0000000000E+00
