   40             4.00000 ng, rij 
     2.460     4.920                                       rcov,rprb 
 r                           (non)relativistic calculation
 PBE                         XC-functional
 97.000 19.000    0.4550000000    0.4464186925E+02   -0.2696853840E+01    0.0000000000E+00    0.0000000000E+00  znuc,zion,rloc,gpot()
   3                                                       lpx, (Projectors for l=0..lpx)
    0.4537533970   -0.2343285514E+01    0.1812488294E+01   -0.1458647247E+01    0.5418167927E+00   -0.1398964943E+01    0.1110394000E+01  r_l(),hsep(), so=+0.5
    0.3248386250    0.7522271730E+01   -0.1225530648E+02    0.2567737366E+02    0.6713347341E+01   -0.1588667939E+02    0.1129074744E+02  r_l(),hsep(), so=+0.5
   -0.7295795277E+01    0.1724858788E+02   -0.3768306263E+02   -0.1037588026E+02    0.2455381417E+02   -0.1745052617E+02         hsep(), so=-0.5
    0.6319058847    0.4699475040E+00    0.4312925623E+00   -0.4890397981E+00    0.0000000000E+00   -0.0000000000E+00    0.0000000000E+00  r_l(),hsep(), so=+0.5
    0.3147702480E+00    0.4078857775E+00   -0.4624989988E+00    0.0000000000E+00   -0.0000000000E+00    0.0000000000E+00         hsep(), so=-0.5
    0.3034293830   -0.1779074926E+02   -0.0000000000E+00    0.0000000000E+00    0.0000000000E+00   -0.0000000000E+00    0.0000000000E+00  r_l(),hsep(), so=+0.5
   -0.1794924140E+02   -0.0000000000E+00    0.0000000000E+00    0.0000000000E+00   -0.0000000000E+00    0.0000000000E+00         hsep(), so=-0.5
 ---------------------------------------------
 Additional information (last calculation):
 gaussian exponents:
 xp():   27.324498246551777        19.321338002656685        13.662249123275888        9.6606690013283458        6.8311245616379441        4.8303345006641729        3.4155622808189738        2.4151672503320878        1.7077811404094867        1.2075836251660439       0.85389057020474368       0.60379181258302206       0.42694528510237184       0.30189590629151108       0.21347264255118609       0.15094795314575560       0.10673632127559304        7.5473976572877827E-002   5.3368160637796550E-002   3.7736988286438913E-002   2.6684080318898271E-002   1.8868494143219464E-002   1.3342040159449141E-002   9.4342470716097335E-003   6.6710200797245713E-003   4.7171235358048676E-003   3.3355100398622861E-003   2.3585617679024347E-003   1.6677550199311435E-003   1.1792808839512173E-003   8.3387750996557206E-004   5.8964044197560889E-004   4.1693875498278619E-004   2.9482022098780439E-004   2.0846937749139304E-004   1.4741011049390228E-004   1.0423468874569659E-004   7.3705055246951138E-005   5.2117344372848295E-005   3.6852527623475589E-005
 orbital coefficients (one orbital per column)
 l,ispin:           0           1
 psi n=1,noccmax(l):
   -0.7819710650E-01    0.2516700657E-01   -0.1317747752E-01   -0.1296969609E-01    0.0000000000E+00    0.0000000000E+00    0.0000000000E+00    0.2469885205E-01    0.5668395565E-02
    0.4587817007E+00   -0.1508621254E+00    0.7957722914E-01    0.7794300828E-01    0.0000000000E+00    0.0000000000E+00    0.0000000000E+00   -0.1964834910E-01    0.2194038909E-02
   -0.1250757800E+01    0.4167519746E+00   -0.2188061857E+00   -0.2160414985E+00    0.0000000000E+00    0.0000000000E+00    0.0000000000E+00   -0.1226524672E+00   -0.5761180929E-01
    0.2015562682E+01   -0.6716626306E+00    0.3429877717E+00    0.3500908063E+00    0.0000000000E+00    0.0000000000E+00    0.0000000000E+00    0.2134872998E+00    0.1041045878E+00
   -0.1959543366E+01    0.6314122836E+00   -0.2897381419E+00   -0.3333694790E+00    0.0000000000E+00    0.0000000000E+00    0.0000000000E+00    0.3037649240E+00    0.2445386640E-01
    0.4453871442E+00   -0.4235377685E-01   -0.8655804079E-01    0.3172138791E-01    0.0000000000E+00    0.0000000000E+00    0.0000000000E+00   -0.1651779437E+01   -0.4075751057E+00
    0.1416276058E+01   -0.7129120127E+00    0.5670375590E+00    0.3635293406E+00    0.0000000000E+00    0.0000000000E+00    0.0000000000E+00    0.1218721475E+01    0.3556643005E+00
    0.2041695644E+01   -0.5856110180E+00    0.1383186466E+00    0.3063811507E+00    0.0000000000E+00    0.0000000000E+00    0.0000000000E+00    0.2321206358E+01    0.6198964150E+00
   -0.6392994477E+01    0.2391183467E+01   -0.1152725335E+01   -0.1261153460E+01    0.0000000000E+00    0.0000000000E+00    0.0000000000E+00   -0.3734946453E+01   -0.1134599903E+01
    0.1169999011E+01   -0.4350617248E+00   -0.1613834350E-01    0.2485646041E+00    0.0000000000E+00    0.0000000000E+00    0.0000000000E+00    0.2596270026E+00    0.1412706593E+00
   -0.6588395398E+00    0.2169388166E+00    0.1923948452E+00   -0.1162897163E+00    0.0000000000E+00    0.0000000000E+00    0.0000000000E+00   -0.3352237805E+00   -0.1320810228E+00
    0.1771932413E+01   -0.7010407408E+00    0.2989408440E-01    0.3282294287E+00    0.0000000000E+00    0.0000000000E+00    0.0000000000E+00    0.7597744902E+00    0.2793094331E+00
    0.1691294092E+00   -0.2051206758E+00    0.5737766476E+00    0.2325416263E+00    0.0000000000E+00    0.0000000000E+00    0.0000000000E+00    0.2250059928E+00    0.3522893297E-01
    0.8365231119E+00   -0.6944007340E+00   -0.2349396773E-01    0.2661785124E+00    0.0000000000E+00    0.0000000000E+00    0.0000000000E+00    0.4025882447E+00    0.2397380615E+00
   -0.1591519782E+00    0.5649344842E+00   -0.8100804122E-01   -0.4105897919E+00    0.0000000000E+00    0.0000000000E+00    0.0000000000E+00    0.5017685486E-01   -0.1380112944E+00
    0.2609759473E+00   -0.8035862092E+00    0.7142483336E+00    0.1238007200E+01    0.0000000000E+00    0.0000000000E+00    0.0000000000E+00    0.1140046734E+00    0.2140779207E+00
   -0.1510890028E+00    0.5003183002E+00   -0.9669044496E+00   -0.1851081862E+01    0.0000000000E+00    0.0000000000E+00    0.0000000000E+00   -0.9583255452E-02   -0.9501289637E-01
    0.1083270512E+00   -0.8974519959E-01    0.7995724009E+00    0.2168790411E+01    0.0000000000E+00    0.0000000000E+00    0.0000000000E+00    0.2184810840E-01    0.1837218527E-01
   -0.7391061018E-01    0.1785514232E+00   -0.6237838170E+00   -0.2413169520E+01    0.0000000000E+00    0.0000000000E+00    0.0000000000E+00   -0.9343841746E-02   -0.1267274693E-01
    0.4988998211E-01    0.6235641515E-01   -0.3685707961E-02    0.1742711160E+01    0.0000000000E+00    0.0000000000E+00    0.0000000000E+00    0.5746586520E-02   -0.1900934225E-01
   -0.3319608366E-01    0.8355038793E-01   -0.2539662627E+00   -0.2446359570E+01    0.0000000000E+00    0.0000000000E+00    0.0000000000E+00   -0.3209916779E-02   -0.1775075701E-01
    0.2176022437E-01   -0.2646330590E-02    0.6096762268E-01    0.2040238630E+01    0.0000000000E+00    0.0000000000E+00    0.0000000000E+00    0.1768753508E-02   -0.9218966954E-02
   -0.1404433490E-01    0.1079106001E-01    0.2522687364E+00    0.5244171661E+00    0.0000000000E+00    0.0000000000E+00    0.0000000000E+00   -0.9537123457E-03   -0.1616916620E-02
    0.8920210132E-02   -0.6579304444E-02   -0.9521698427E-02   -0.1164744878E+01    0.0000000000E+00    0.0000000000E+00    0.0000000000E+00    0.5029450232E-03    0.3968011661E-03
   -0.5572627900E-02    0.3965549289E-02   -0.2605016746E-02    0.4608411154E+00    0.0000000000E+00    0.0000000000E+00    0.0000000000E+00   -0.2593871423E-03   -0.1660291045E-03
    0.3422324528E-02   -0.2334015100E-02    0.3350747525E-02   -0.2155235095E+00    0.0000000000E+00    0.0000000000E+00    0.0000000000E+00    0.1308874541E-03    0.7495491242E-04
   -0.2064917365E-02    0.1343861055E-02   -0.2446470325E-02    0.1075988532E+00    0.0000000000E+00    0.0000000000E+00    0.0000000000E+00   -0.6467331580E-04   -0.3429693684E-04
    0.1223222406E-02   -0.7584982840E-03    0.1541663663E-02   -0.5521026988E-01    0.0000000000E+00    0.0000000000E+00    0.0000000000E+00    0.3132184967E-04    0.1565642256E-04
   -0.7107900987E-03    0.4203477843E-03   -0.9059333538E-03    0.2862803802E-01    0.0000000000E+00    0.0000000000E+00    0.0000000000E+00   -0.1488056240E-04   -0.7093852306E-05
    0.4046218812E-03   -0.2288871524E-03    0.5099323049E-03   -0.1486430542E-01    0.0000000000E+00    0.0000000000E+00    0.0000000000E+00    0.6937163458E-05    0.3182691002E-05
   -0.2251942065E-03    0.1223787925E-03   -0.2779708161E-03    0.7678038563E-02    0.0000000000E+00    0.0000000000E+00    0.0000000000E+00   -0.3171640262E-05   -0.1410849563E-05
    0.1221441577E-03   -0.6408889013E-04    0.1472458588E-03   -0.3920943525E-02    0.0000000000E+00    0.0000000000E+00    0.0000000000E+00    0.1419264057E-05    0.6159570075E-06
   -0.6423645539E-04    0.3271294155E-04   -0.7566999811E-04    0.1964796189E-02    0.0000000000E+00    0.0000000000E+00    0.0000000000E+00   -0.6191027106E-06   -0.2635073691E-06
    0.3249508450E-04   -0.1614229017E-04    0.3748888868E-04   -0.9565124125E-03    0.0000000000E+00    0.0000000000E+00    0.0000000000E+00    0.2614189110E-06    0.1095871868E-06
   -0.1561868055E-04    0.7603098642E-05   -0.1769835741E-04    0.4460789651E-03    0.0000000000E+00    0.0000000000E+00    0.0000000000E+00   -0.1056517644E-06   -0.4377119661E-07
    0.7000569087E-05   -0.3352901709E-05    0.7815028216E-05   -0.1952944800E-03    0.0000000000E+00    0.0000000000E+00    0.0000000000E+00    0.4015369421E-07    0.1648612710E-07
   -0.2843874154E-05    0.1344677706E-05   -0.3136424389E-05    0.7790806368E-04    0.0000000000E+00    0.0000000000E+00    0.0000000000E+00   -0.1396519850E-07   -0.5694558372E-08
    0.1001915118E-05   -0.4690122975E-06    0.1094347499E-05   -0.2706859650E-04    0.0000000000E+00    0.0000000000E+00    0.0000000000E+00    0.4258906744E-08    0.1727670443E-08
   -0.2850315933E-06    0.1323995684E-06   -0.3089763148E-06    0.7619772913E-05    0.0000000000E+00    0.0000000000E+00    0.0000000000E+00   -0.1061950471E-08   -0.4291206622E-09
    0.5757522239E-07   -0.2658668493E-07    0.6204734014E-07   -0.1526962252E-05    0.0000000000E+00    0.0000000000E+00    0.0000000000E+00    0.1906285890E-09    0.7680783289E-10
   -0.6102330872E-08    0.2805339659E-08   -0.6546979172E-08    0.1608804109E-06    0.0000000000E+00    0.0000000000E+00    0.0000000000E+00   -0.1822338877E-10   -0.7326812748E-11
 l,ispin:           1           1
 psi n=1,noccmax(l):
    0.2469885205E-01    0.5668395565E-02   -0.7197396327E-02    0.2852441841E-02    0.0000000000E+00    0.0000000000E+00    0.0000000000E+00   -0.3153210374E-01   -0.1613314710E-01
   -0.1964834910E-01    0.2194038909E-02    0.9693511832E-02   -0.3357486155E-01    0.0000000000E+00    0.0000000000E+00    0.0000000000E+00    0.8019344141E-01    0.3767423551E-01
   -0.1226524672E+00   -0.5761180929E-01    0.1982931299E-01    0.1196924529E+00    0.0000000000E+00    0.0000000000E+00    0.0000000000E+00   -0.7784957751E-01   -0.2477959835E-01
    0.2134872998E+00    0.1041045878E+00   -0.3920567400E-01   -0.2090938318E+00    0.0000000000E+00    0.0000000000E+00    0.0000000000E+00    0.1727163110E-01   -0.2311159698E-01
    0.3037649240E+00    0.2445386640E-01   -0.8151322516E-01    0.1633453453E+00    0.0000000000E+00    0.0000000000E+00    0.0000000000E+00    0.1081831572E-01    0.4709882490E-01
   -0.1651779437E+01   -0.4075751057E+00    0.4054130654E+00    0.8902038012E-01    0.0000000000E+00    0.0000000000E+00    0.0000000000E+00    0.1052333186E+00    0.2203895543E-01
    0.1218721475E+01    0.3556643005E+00   -0.3850110628E+00   -0.4307387310E-01    0.0000000000E+00    0.0000000000E+00    0.0000000000E+00   -0.3151072455E+00   -0.1570711583E+00
    0.2321206358E+01    0.6198964150E+00   -0.3871565004E+00   -0.6961193912E+00    0.0000000000E+00    0.0000000000E+00    0.0000000000E+00   -0.1875442690E-01   -0.3267299001E-01
   -0.3734946453E+01   -0.1134599903E+01    0.8132973025E+00    0.1112155484E+01    0.0000000000E+00    0.0000000000E+00    0.0000000000E+00    0.5033863639E+00    0.3329664844E+00
    0.2596270026E+00    0.1412706593E+00   -0.1423895195E-01   -0.3556567154E+00    0.0000000000E+00    0.0000000000E+00    0.0000000000E+00    0.2298038628E-02   -0.2841667368E-01
   -0.3352237805E+00   -0.1320810228E+00    0.2520449960E-02    0.3280647617E+00    0.0000000000E+00    0.0000000000E+00    0.0000000000E+00    0.5378948334E-01    0.4963705119E-01
    0.7597744902E+00    0.2793094331E+00   -0.1242215726E+00   -0.4257992671E+00    0.0000000000E+00    0.0000000000E+00    0.0000000000E+00   -0.1008935237E+00   -0.8167104903E-01
    0.2250059928E+00    0.3522893297E-01   -0.1346075209E+00    0.1542809973E+00    0.0000000000E+00    0.0000000000E+00    0.0000000000E+00   -0.6757204303E-01   -0.2205974495E-01
    0.4025882447E+00    0.2397380615E+00   -0.1061718867E+00   -0.3677023364E+00    0.0000000000E+00    0.0000000000E+00    0.0000000000E+00   -0.8426588589E-01   -0.7479328849E-01
    0.5017685486E-01   -0.1380112944E+00    0.5541639493E-01    0.3144276479E+00    0.0000000000E+00    0.0000000000E+00    0.0000000000E+00   -0.3279745619E-01    0.6472670722E-02
    0.1140046734E+00    0.2140779207E+00   -0.1853094524E+00   -0.4677157489E+00    0.0000000000E+00    0.0000000000E+00    0.0000000000E+00   -0.1833754381E-01   -0.3486258235E-01
   -0.9583255452E-02   -0.9501289637E-01    0.1413372764E+00    0.4611680120E+00    0.0000000000E+00    0.0000000000E+00    0.0000000000E+00   -0.2227156570E-01   -0.4030834013E-02
    0.2184810840E-01    0.1837218527E-01   -0.9157218829E-01   -0.4421323115E+00    0.0000000000E+00    0.0000000000E+00    0.0000000000E+00   -0.4801111990E-02   -0.2169196527E-02
   -0.9343841746E-02   -0.1267274693E-01    0.5889142389E-01    0.4150808814E+00    0.0000000000E+00    0.0000000000E+00    0.0000000000E+00   -0.5291624789E-02   -0.6960745718E-02
    0.5746586520E-02   -0.1900934225E-01    0.2735894737E-01   -0.2783628875E+00    0.0000000000E+00    0.0000000000E+00    0.0000000000E+00   -0.1965642595E-02    0.1012971083E-02
   -0.3209916779E-02   -0.1775075701E-01    0.2850048962E-01    0.3736649767E+00    0.0000000000E+00    0.0000000000E+00    0.0000000000E+00   -0.1041206282E-02    0.3375002224E-03
    0.1768753508E-02   -0.9218966954E-02    0.2747081923E-01   -0.2302885370E+00    0.0000000000E+00    0.0000000000E+00    0.0000000000E+00   -0.1544908747E-03    0.2559410722E-02
   -0.9537123457E-03   -0.1616916620E-02   -0.4893624265E-01   -0.8843562551E-01    0.0000000000E+00    0.0000000000E+00    0.0000000000E+00   -0.3270123007E-04    0.1315003864E-02
    0.5029450232E-03    0.3968011661E-03    0.3223624201E-02    0.1203144158E+00    0.0000000000E+00    0.0000000000E+00    0.0000000000E+00    0.1227904265E-04   -0.1693501097E-03
   -0.2593871423E-03   -0.1660291045E-03   -0.9284345666E-03   -0.3937668123E-01    0.0000000000E+00    0.0000000000E+00    0.0000000000E+00   -0.5082631918E-05    0.4905410608E-04
    0.1308874541E-03    0.7495491242E-04    0.3407709731E-03    0.1526205936E-01    0.0000000000E+00    0.0000000000E+00    0.0000000000E+00    0.2067453774E-05   -0.1661357995E-04
   -0.6467331580E-04   -0.3429693684E-04   -0.1360521117E-03   -0.6323065374E-02    0.0000000000E+00    0.0000000000E+00    0.0000000000E+00   -0.8235289671E-06    0.5934809194E-05
    0.3132184967E-04    0.1565642256E-04    0.5648153791E-04    0.2697320946E-02    0.0000000000E+00    0.0000000000E+00    0.0000000000E+00    0.3220320917E-06   -0.2164421668E-05
   -0.1488056240E-04   -0.7093852306E-05   -0.2392707976E-04   -0.1165283203E-02    0.0000000000E+00    0.0000000000E+00    0.0000000000E+00   -0.1239445749E-06    0.7951963679E-06
    0.6937163458E-05    0.3182691002E-05    0.1023393235E-04    0.5052925082E-03    0.0000000000E+00    0.0000000000E+00    0.0000000000E+00    0.4703031774E-07   -0.2923082314E-06
   -0.3171640262E-05   -0.1410849563E-05   -0.4385158369E-05   -0.2185452903E-03    0.0000000000E+00    0.0000000000E+00    0.0000000000E+00   -0.1759778240E-07    0.1070003701E-06
    0.1419264057E-05    0.6159570075E-06    0.1868977523E-05    0.9372553291E-04    0.0000000000E+00    0.0000000000E+00    0.0000000000E+00    0.6483609437E-08   -0.3882341854E-07
   -0.6191027106E-06   -0.2635073691E-06   -0.7860536932E-06   -0.3957902547E-04    0.0000000000E+00    0.0000000000E+00    0.0000000000E+00   -0.2343388312E-08    0.1388226875E-07
    0.2614189110E-06    0.1095871868E-06    0.3229947884E-06    0.1630552598E-04    0.0000000000E+00    0.0000000000E+00    0.0000000000E+00    0.8253759726E-09   -0.4852794577E-08
   -0.1056517644E-06   -0.4377119661E-07   -0.1279198303E-06   -0.6468234044E-05    0.0000000000E+00    0.0000000000E+00    0.0000000000E+00   -0.2802564823E-09    0.1639036620E-08
    0.4015369421E-07    0.1648612710E-07    0.4789263196E-07    0.2424118698E-05    0.0000000000E+00    0.0000000000E+00    0.0000000000E+00    0.9020513774E-10   -0.5255785865E-09
   -0.1396519850E-07   -0.5694558372E-08   -0.1647320143E-07   -0.8343097607E-06    0.0000000000E+00    0.0000000000E+00    0.0000000000E+00   -0.2680999896E-10    0.1557957123E-09
    0.4258906744E-08    0.1727670443E-08    0.4982965818E-08    0.2524600280E-06    0.0000000000E+00    0.0000000000E+00    0.0000000000E+00    0.7059523203E-11   -0.4094717104E-10
   -0.1061950471E-08   -0.4291206622E-09   -0.1235085084E-08   -0.6258784584E-07    0.0000000000E+00    0.0000000000E+00    0.0000000000E+00   -0.1537908036E-11    0.8908545332E-11
    0.1906285890E-09    0.7680783289E-10    0.2207405435E-09    0.1118724874E-07    0.0000000000E+00    0.0000000000E+00    0.0000000000E+00    0.2444094420E-12   -0.1414458860E-11
   -0.1822338877E-10   -0.7326812748E-11   -0.2103488239E-10   -0.1066119092E-08    0.0000000000E+00    0.0000000000E+00    0.0000000000E+00   -0.2098671658E-13    0.1213755957E-12
 l,ispin:           1           2
 psi n=1,noccmax(l):
    0.8490801688E-01   -0.1944206622E-01    0.1091781020E-01    0.1674857825E-01    0.0000000000E+00    0.0000000000E+00    0.0000000000E+00   -0.4528379491E-01   -0.2173529433E-01
   -0.5132996470E+00    0.1243457573E+00   -0.7635654380E-01   -0.1000959950E+00    0.0000000000E+00    0.0000000000E+00    0.0000000000E+00    0.1166141169E+00    0.5289218993E-01
    0.1521296845E+01   -0.3788147135E+00    0.2425981652E+00    0.2939740241E+00    0.0000000000E+00    0.0000000000E+00    0.0000000000E+00   -0.1148173036E+00   -0.4105874390E-01
   -0.2910152794E+01    0.7270782004E+00   -0.4725697891E+00   -0.5551366962E+00    0.0000000000E+00    0.0000000000E+00    0.0000000000E+00    0.2520429751E-01   -0.1813342618E-01
    0.4226838804E+01   -0.1033159378E+01    0.6707922855E+00    0.7832479989E+00    0.0000000000E+00    0.0000000000E+00    0.0000000000E+00    0.2727598551E-01    0.5323361122E-01
   -0.4493131017E+01    0.1028455654E+01   -0.6441538379E+00   -0.7917581853E+00    0.0000000000E+00    0.0000000000E+00    0.0000000000E+00    0.1061782984E+00    0.1796585216E-01
   -0.6347942983E+00    0.3128912632E+00   -0.3432671036E+00   -0.9546312260E-01    0.0000000000E+00    0.0000000000E+00    0.0000000000E+00   -0.3960412259E+00   -0.1830694253E+00
    0.3578426115E+01   -0.9881269941E+00    0.8346945173E+00    0.5324858473E+00    0.0000000000E+00    0.0000000000E+00    0.0000000000E+00    0.5802151238E-01    0.1269832127E-01
    0.1108006591E+01   -0.4202336929E+00    0.2009843972E+00    0.4360124919E+00    0.0000000000E+00    0.0000000000E+00    0.0000000000E+00    0.5911266137E+00    0.3464739460E+00
    0.3866913595E-01    0.7530615721E-01    0.5421274823E-01   -0.1933347832E+00    0.0000000000E+00    0.0000000000E+00    0.0000000000E+00   -0.1693716456E-01   -0.3788758153E-01
   -0.7762365076E+00    0.2086010984E+00   -0.2692975708E+00   -0.2165467113E-01    0.0000000000E+00    0.0000000000E+00    0.0000000000E+00    0.2475556258E-01    0.2914855016E-01
   -0.6478569494E+00    0.2291662525E+00   -0.5283775047E-01   -0.2628384991E+00    0.0000000000E+00    0.0000000000E+00    0.0000000000E+00   -0.1338820855E+00   -0.9200246173E-01
   -0.4770711756E+00    0.1595144454E+00   -0.2443269564E+00   -0.4160788231E-01    0.0000000000E+00    0.0000000000E+00    0.0000000000E+00   -0.8508779203E-01   -0.2850137335E-01
   -0.2184852877E+00    0.1339405449E+00    0.2044905882E-01   -0.1468835978E+00    0.0000000000E+00    0.0000000000E+00    0.0000000000E+00   -0.9485083932E-01   -0.7451869757E-01
   -0.8931078657E-01   -0.9436142223E-01   -0.2439563780E-01    0.1300500606E+00    0.0000000000E+00    0.0000000000E+00    0.0000000000E+00   -0.3473262531E-01    0.7386276348E-02
   -0.2832785679E-01    0.1584677522E+00   -0.9201536090E-01   -0.2598641417E+00    0.0000000000E+00    0.0000000000E+00    0.0000000000E+00   -0.2245746274E-01   -0.3648902186E-01
   -0.5124078172E-02   -0.1072869130E+00    0.1285005237E+00    0.3359284623E+00    0.0000000000E+00    0.0000000000E+00    0.0000000000E+00   -0.2103631604E-01   -0.1104174257E-02
   -0.8398711710E-03    0.8821605405E-02   -0.7825540367E-01   -0.3232359335E+00    0.0000000000E+00    0.0000000000E+00    0.0000000000E+00   -0.5193151317E-02   -0.2558244445E-02
    0.6471110778E-04   -0.2636057490E-01    0.7962769930E-01    0.3548113183E+00    0.0000000000E+00    0.0000000000E+00    0.0000000000E+00   -0.4859835072E-02   -0.5833075536E-02
   -0.5666605494E-04   -0.1907354547E-01    0.1673083879E-01   -0.2218592018E+00    0.0000000000E+00    0.0000000000E+00    0.0000000000E+00   -0.1671752341E-02    0.1401433441E-02
    0.3186753020E-04   -0.1553222297E-01    0.2794093302E-01    0.3013811004E+00    0.0000000000E+00    0.0000000000E+00    0.0000000000E+00   -0.8110076624E-03    0.7577387705E-03
   -0.1777287939E-04   -0.4965475539E-02    0.8643947891E-03   -0.2602988863E+00    0.0000000000E+00    0.0000000000E+00    0.0000000000E+00   -0.8839671692E-04    0.2554833132E-02
    0.9703033637E-05   -0.8271642860E-03   -0.3588471707E-01   -0.9809062258E-02    0.0000000000E+00    0.0000000000E+00    0.0000000000E+00   -0.2454631245E-04    0.1137044411E-02
   -0.5180811112E-05    0.2814093126E-03    0.3394639271E-02    0.7973205323E-01    0.0000000000E+00    0.0000000000E+00    0.0000000000E+00    0.9853594308E-05   -0.1503804858E-03
    0.2705811131E-05   -0.1309274916E-03   -0.1024831053E-02   -0.2683479933E-01    0.0000000000E+00    0.0000000000E+00    0.0000000000E+00   -0.4119026507E-05    0.4381471930E-04
   -0.1383066467E-05    0.6210983872E-04    0.3799593794E-03    0.1051226869E-01    0.0000000000E+00    0.0000000000E+00    0.0000000000E+00    0.1681503401E-05   -0.1488863701E-04
    0.6923448506E-06   -0.2921875134E-04   -0.1522633398E-03   -0.4379960516E-02    0.0000000000E+00    0.0000000000E+00    0.0000000000E+00   -0.6711755999E-06    0.5330453834E-05
   -0.3396314208E-06    0.1356893969E-04    0.6336483764E-04    0.1875082838E-02    0.0000000000E+00    0.0000000000E+00    0.0000000000E+00    0.2628456545E-06   -0.1947041780E-05
    0.1633357024E-06   -0.6217374313E-05   -0.2689601033E-04   -0.8120360129E-03    0.0000000000E+00    0.0000000000E+00    0.0000000000E+00   -0.1012821998E-06    0.7161264859E-06
   -0.7700661287E-07    0.2810696924E-05    0.1152259924E-04    0.3527265482E-03    0.0000000000E+00    0.0000000000E+00    0.0000000000E+00    0.3846677341E-07   -0.2634526429E-06
    0.3556208018E-07   -0.1252488166E-05   -0.4943845189E-05   -0.1527501807E-03    0.0000000000E+00    0.0000000000E+00    0.0000000000E+00   -0.1440409375E-07    0.9649306086E-07
   -0.1605242407E-07    0.5488216964E-06    0.2109263120E-05    0.6556871731E-04    0.0000000000E+00    0.0000000000E+00    0.0000000000E+00    0.5310031604E-08   -0.3502548722E-07
    0.7053837643E-08   -0.2353916957E-06   -0.8878115246E-06   -0.2770742043E-04    0.0000000000E+00    0.0000000000E+00    0.0000000000E+00   -0.1920087610E-08    0.1252795554E-07
   -0.2996596045E-08    0.9807271282E-07    0.3650239236E-06    0.1142037054E-04    0.0000000000E+00    0.0000000000E+00    0.0000000000E+00    0.6765191279E-09   -0.4380308829E-08
    0.1217013369E-08   -0.3922264850E-07   -0.1446288931E-06   -0.4531982723E-05    0.0000000000E+00    0.0000000000E+00    0.0000000000E+00   -0.2297733045E-09    0.1479681964E-08
   -0.4643417457E-09    0.1478648213E-07    0.5416604288E-07    0.1698914039E-05    0.0000000000E+00    0.0000000000E+00    0.0000000000E+00    0.7397121339E-10   -0.4745319154E-09
    0.1619901621E-09   -0.5110800844E-08   -0.1863545508E-07   -0.5848289512E-06    0.0000000000E+00    0.0000000000E+00    0.0000000000E+00   -0.2198842348E-10    0.1406752612E-09
   -0.4951881269E-10    0.1551282287E-08    0.5638006167E-08    0.1769927270E-06    0.0000000000E+00    0.0000000000E+00    0.0000000000E+00    0.5790576928E-11   -0.3697522563E-10
    0.1236991279E-10   -0.3854360422E-09   -0.1397621435E-08   -0.4388310656E-07    0.0000000000E+00    0.0000000000E+00    0.0000000000E+00   -0.1261575798E-11    0.8044728852E-11
   -0.2223568180E-11    0.6900492321E-10    0.2498128084E-09    0.7844459121E-08    0.0000000000E+00    0.0000000000E+00    0.0000000000E+00    0.2005062604E-12   -0.1277343163E-11
    0.2127859561E-12   -0.6583577264E-11   -0.2380682893E-10   -0.7475992458E-09    0.0000000000E+00    0.0000000000E+00    0.0000000000E+00   -0.1721766603E-13    0.1096118937E-12
 l,ispin:           2           1
 psi n=1,noccmax(l):
   -0.3153210374E-01   -0.1613314710E-01   -0.2267861966E-01   -0.4538902653E-01    0.0000000000E+00    0.0000000000E+00    0.0000000000E+00   -0.4273112554E+01
    0.8019344141E-01    0.3767423551E-01    0.6141143739E-01    0.1754188959E+00    0.0000000000E+00    0.0000000000E+00    0.0000000000E+00    0.1266013200E+02
   -0.7784957751E-01   -0.2477959835E-01   -0.7159879467E-01   -0.3744507130E+00    0.0000000000E+00    0.0000000000E+00    0.0000000000E+00   -0.1745493839E+02
    0.1727163110E-01   -0.2311159698E-01    0.4354569372E-01    0.5699312893E+00    0.0000000000E+00    0.0000000000E+00    0.0000000000E+00    0.1411570351E+02
    0.1081831572E-01    0.4709882490E-01   -0.2867685210E-01   -0.6692426553E+00    0.0000000000E+00    0.0000000000E+00    0.0000000000E+00   -0.8407689924E+01
    0.1052333186E+00    0.2203895543E-01    0.9272462572E-01    0.6099912562E+00    0.0000000000E+00    0.0000000000E+00    0.0000000000E+00    0.8047563712E+01
   -0.3151072455E+00   -0.1570711583E+00   -0.2162892648E+00   -0.4335302660E+00    0.0000000000E+00    0.0000000000E+00    0.0000000000E+00   -0.1194089294E+02
   -0.1875442690E-01   -0.3267299001E-01    0.3867361388E-01    0.5285114561E+00    0.0000000000E+00    0.0000000000E+00    0.0000000000E+00   -0.5066082814E+01
    0.5033863639E+00    0.3329664844E+00    0.2555374648E+00   -0.7439080051E+00    0.0000000000E+00    0.0000000000E+00    0.0000000000E+00   -0.2381559354E+01
    0.2298038628E-02   -0.2841667368E-01    0.1354114295E-01    0.3957976740E+00    0.0000000000E+00    0.0000000000E+00    0.0000000000E+00   -0.1137562973E+01
    0.5378948334E-01    0.4963705119E-01    0.7500370723E-02   -0.3370545728E+00    0.0000000000E+00    0.0000000000E+00    0.0000000000E+00   -0.4896713245E+00
   -0.1008935237E+00   -0.8167104903E-01   -0.4800315768E-01    0.3180291660E+00    0.0000000000E+00    0.0000000000E+00    0.0000000000E+00   -0.1908588452E+00
   -0.6757204303E-01   -0.2205974495E-01   -0.4224254365E-01   -0.1749095825E+00    0.0000000000E+00    0.0000000000E+00    0.0000000000E+00   -0.7383099849E-01
   -0.8426588589E-01   -0.7479328849E-01   -0.5700381524E-01    0.2357843255E+00    0.0000000000E+00    0.0000000000E+00    0.0000000000E+00   -0.2522840127E-01
   -0.3279745619E-01    0.6472670722E-02    0.2775295750E-02   -0.1527580143E+00    0.0000000000E+00    0.0000000000E+00    0.0000000000E+00   -0.8418209151E-02
   -0.1833754381E-01   -0.3486258235E-01   -0.3664008602E-01    0.1666996831E+00    0.0000000000E+00    0.0000000000E+00    0.0000000000E+00   -0.3131440367E-02
   -0.2227156570E-01   -0.4030834013E-02   -0.6590456361E-03   -0.1087876551E+00    0.0000000000E+00    0.0000000000E+00    0.0000000000E+00   -0.9762567368E-03
   -0.4801111990E-02   -0.2169196527E-02   -0.1765611476E-02    0.9320261898E-01    0.0000000000E+00    0.0000000000E+00    0.0000000000E+00   -0.2607448582E-03
   -0.5291624789E-02   -0.6960745718E-02   -0.1159935691E-01   -0.6068036075E-01    0.0000000000E+00    0.0000000000E+00    0.0000000000E+00   -0.9006837145E-04
   -0.1965642595E-02    0.1012971083E-02    0.9309060785E-02    0.4523561443E-01    0.0000000000E+00    0.0000000000E+00    0.0000000000E+00   -0.1423536298E-04
   -0.1041206282E-02    0.3375002224E-03   -0.4696069980E-02   -0.4451363960E-01    0.0000000000E+00    0.0000000000E+00    0.0000000000E+00   -0.4206535257E-05
   -0.1544908747E-03    0.2559410722E-02    0.1567259124E-01   -0.2690263053E-02    0.0000000000E+00    0.0000000000E+00    0.0000000000E+00    0.3874889545E-06
   -0.3270123007E-04    0.1315003864E-02   -0.7229582859E-02    0.2998816939E-01    0.0000000000E+00    0.0000000000E+00    0.0000000000E+00   -0.2059482467E-06
    0.1227904265E-04   -0.1693501097E-03   -0.6137375454E-03   -0.1675469614E-01    0.0000000000E+00    0.0000000000E+00    0.0000000000E+00    0.7539282958E-07
   -0.5082631918E-05    0.4905410608E-04    0.1981551639E-03    0.4286138857E-02    0.0000000000E+00    0.0000000000E+00    0.0000000000E+00   -0.2664519157E-07
    0.2067453774E-05   -0.1661357995E-04   -0.6664885050E-04   -0.1347368574E-02    0.0000000000E+00    0.0000000000E+00    0.0000000000E+00    0.9150762897E-08
   -0.8235289671E-06    0.5934809194E-05    0.2334451668E-04    0.4581685911E-03    0.0000000000E+00    0.0000000000E+00    0.0000000000E+00   -0.3068275499E-08
    0.3220320917E-06   -0.2164421668E-05   -0.8360733708E-05   -0.1613975078E-03    0.0000000000E+00    0.0000000000E+00    0.0000000000E+00    0.1008561062E-08
   -0.1239445749E-06    0.7951963679E-06    0.3027622652E-05    0.5782084512E-04    0.0000000000E+00    0.0000000000E+00    0.0000000000E+00   -0.3260694339E-09
    0.4703031774E-07   -0.2923082314E-06   -0.1100748653E-05   -0.2086336967E-04    0.0000000000E+00    0.0000000000E+00    0.0000000000E+00    0.1039118752E-09
   -0.1759778240E-07    0.1070003701E-06    0.3996310321E-06    0.7532756650E-05    0.0000000000E+00    0.0000000000E+00    0.0000000000E+00   -0.3266724116E-10
    0.6483609437E-08   -0.3882341854E-07   -0.1441196471E-06   -0.2705425292E-05    0.0000000000E+00    0.0000000000E+00    0.0000000000E+00    0.1012204670E-10
   -0.2343388312E-08    0.1388226875E-07    0.5130324228E-07    0.9601253967E-06    0.0000000000E+00    0.0000000000E+00    0.0000000000E+00   -0.3082034844E-11
    0.8253759726E-09   -0.4852794577E-08   -0.1787524447E-07   -0.3337674739E-06    0.0000000000E+00    0.0000000000E+00    0.0000000000E+00    0.9168795103E-12
   -0.2802564823E-09    0.1639036620E-08    0.6022951459E-08    0.1122700903E-06    0.0000000000E+00    0.0000000000E+00    0.0000000000E+00   -0.2639197558E-12
    0.9020513774E-10   -0.5255785865E-09   -0.1927977733E-08   -0.3589301840E-07    0.0000000000E+00    0.0000000000E+00    0.0000000000E+00    0.7236892573E-13
   -0.2680999896E-10    0.1557957123E-09    0.5707826800E-09    0.1061633823E-07    0.0000000000E+00    0.0000000000E+00    0.0000000000E+00   -0.1844311246E-13
    0.7059523203E-11   -0.4094717104E-10   -0.1498792351E-09   -0.2785787273E-08    0.0000000000E+00    0.0000000000E+00    0.0000000000E+00    0.4198530826E-14
   -0.1537908036E-11    0.8908545332E-11    0.3258643541E-10    0.6053758227E-09    0.0000000000E+00    0.0000000000E+00    0.0000000000E+00   -0.7987644663E-15
    0.2444094420E-12   -0.1414458860E-11   -0.5171457565E-11   -0.9603766643E-10    0.0000000000E+00    0.0000000000E+00    0.0000000000E+00    0.1121912074E-15
   -0.2098671658E-13    0.1213755957E-12    0.4436134254E-12    0.8236013549E-11    0.0000000000E+00    0.0000000000E+00    0.0000000000E+00   -0.8630187257E-17
 l,ispin:           2           2
 psi n=1,noccmax(l):
   -0.4528379491E-01   -0.2173529433E-01    0.2701497930E-01   -0.3873334606E-01    0.0000000000E+00    0.0000000000E+00    0.0000000000E+00   -0.4405235420E+01
    0.1166141169E+00    0.5289218993E-01   -0.7260235573E-01    0.1560327534E+00    0.0000000000E+00    0.0000000000E+00    0.0000000000E+00    0.1305833801E+02
   -0.1148173036E+00   -0.4105874390E-01    0.8138780249E-01   -0.3488922513E+00    0.0000000000E+00    0.0000000000E+00    0.0000000000E+00   -0.1801129354E+02
    0.2520429751E-01   -0.1813342618E-01   -0.4114486420E-01    0.5501973103E+00    0.0000000000E+00    0.0000000000E+00    0.0000000000E+00    0.1457227317E+02
    0.2727598551E-01    0.5323361122E-01    0.1522274028E-01   -0.6572599075E+00    0.0000000000E+00    0.0000000000E+00    0.0000000000E+00   -0.8689422489E+01
    0.1061782984E+00    0.1796585216E-01   -0.8120594428E-01    0.5960974118E+00    0.0000000000E+00    0.0000000000E+00    0.0000000000E+00    0.8335693209E+01
   -0.3960412259E+00   -0.1830694253E+00    0.2330773662E+00   -0.3938326568E+00    0.0000000000E+00    0.0000000000E+00    0.0000000000E+00   -0.1236669400E+02
    0.5802151238E-01    0.1269832127E-01   -0.7419815139E-01    0.4723390114E+00    0.0000000000E+00    0.0000000000E+00    0.0000000000E+00   -0.5288900778E+01
    0.5911266137E+00    0.3464739460E+00   -0.2731693860E+00   -0.7422169326E+00    0.0000000000E+00    0.0000000000E+00    0.0000000000E+00   -0.2468898834E+01
   -0.1693716456E-01   -0.3788758153E-01   -0.5841802130E-03    0.3934976709E+00    0.0000000000E+00    0.0000000000E+00    0.0000000000E+00   -0.1159587802E+01
    0.2475556258E-01    0.2914855016E-01    0.7961196648E-02   -0.3092218728E+00    0.0000000000E+00    0.0000000000E+00    0.0000000000E+00   -0.4922543374E+00
   -0.1338820855E+00   -0.9200246173E-01    0.5995060474E-01    0.3192224038E+00    0.0000000000E+00    0.0000000000E+00    0.0000000000E+00   -0.1881964159E+00
   -0.8508779203E-01   -0.2850137335E-01    0.4676882211E-01   -0.1615854078E+00    0.0000000000E+00    0.0000000000E+00    0.0000000000E+00   -0.7153057314E-01
   -0.9485083932E-01   -0.7451869757E-01    0.5754924156E-01    0.2283748598E+00    0.0000000000E+00    0.0000000000E+00    0.0000000000E+00   -0.2353230633E-01
   -0.3473262531E-01    0.7386276348E-02   -0.3985364145E-02   -0.1471914116E+00    0.0000000000E+00    0.0000000000E+00    0.0000000000E+00   -0.7795978172E-02
   -0.2245746274E-01   -0.3648902186E-01    0.3878465258E-01    0.1631919842E+00    0.0000000000E+00    0.0000000000E+00    0.0000000000E+00   -0.2697777795E-02
   -0.2103631604E-01   -0.1104174257E-02   -0.3552731484E-02   -0.1092510284E+00    0.0000000000E+00    0.0000000000E+00    0.0000000000E+00   -0.7904276426E-03
   -0.5193151317E-02   -0.2558244445E-02    0.3930324913E-02    0.9291359614E-01    0.0000000000E+00    0.0000000000E+00    0.0000000000E+00   -0.1962312437E-03
   -0.4859835072E-02   -0.5833075536E-02    0.8506700343E-02   -0.6291488174E-01    0.0000000000E+00    0.0000000000E+00    0.0000000000E+00   -0.6027544260E-04
   -0.1671752341E-02    0.1401433441E-02   -0.8467723493E-02    0.4534547738E-01    0.0000000000E+00    0.0000000000E+00    0.0000000000E+00   -0.6757404747E-05
   -0.8110076624E-03    0.7577387705E-03    0.2951273891E-02   -0.4692957453E-01    0.0000000000E+00    0.0000000000E+00    0.0000000000E+00   -0.2332562232E-05
   -0.8839671692E-04    0.2554833132E-02   -0.1409377049E-01    0.2931965141E-02    0.0000000000E+00    0.0000000000E+00    0.0000000000E+00    0.4203173718E-06
   -0.2454631245E-04    0.1137044411E-02    0.7170757339E-02    0.2624114663E-01    0.0000000000E+00    0.0000000000E+00    0.0000000000E+00   -0.1734720230E-06
    0.9853594308E-05   -0.1503804858E-03    0.4133948974E-03   -0.1561969547E-01    0.0000000000E+00    0.0000000000E+00    0.0000000000E+00    0.6337910358E-07
   -0.4119026507E-05    0.4381471930E-04   -0.1385603418E-03    0.4050470174E-02    0.0000000000E+00    0.0000000000E+00    0.0000000000E+00   -0.2243365633E-07
    0.1681503401E-05   -0.1488863701E-04    0.4670996151E-04   -0.1281016201E-02    0.0000000000E+00    0.0000000000E+00    0.0000000000E+00    0.7725938590E-08
   -0.6711755999E-06    0.5330453834E-05   -0.1632810916E-04    0.4370659084E-03    0.0000000000E+00    0.0000000000E+00    0.0000000000E+00   -0.2598668694E-08
    0.2628456545E-06   -0.1947041780E-05    0.5834999457E-05   -0.1542813982E-03    0.0000000000E+00    0.0000000000E+00    0.0000000000E+00    0.8568173851E-09
   -0.1012821998E-06    0.7161264859E-06   -0.2109377346E-05    0.5534596229E-04    0.0000000000E+00    0.0000000000E+00    0.0000000000E+00   -0.2777788492E-09
    0.3846677341E-07   -0.2634526429E-06    0.7659742338E-06   -0.1998853209E-04    0.0000000000E+00    0.0000000000E+00    0.0000000000E+00    0.8873393350E-10
   -0.1440409375E-07    0.9649306086E-07   -0.2778607665E-06    0.7221414669E-05    0.0000000000E+00    0.0000000000E+00    0.0000000000E+00   -0.2795095588E-10
    0.5310031604E-08   -0.3502548722E-07    0.1001504390E-06   -0.2594736103E-05    0.0000000000E+00    0.0000000000E+00    0.0000000000E+00    0.8674553623E-11
   -0.1920087610E-08    0.1252795554E-07   -0.3563836549E-07    0.9211244011E-06    0.0000000000E+00    0.0000000000E+00    0.0000000000E+00   -0.2644636378E-11
    0.6765191279E-09   -0.4380308829E-08    0.1241431799E-07   -0.3202784446E-06    0.0000000000E+00    0.0000000000E+00    0.0000000000E+00    0.7875325747E-12
   -0.2297733045E-09    0.1479681964E-08   -0.4182290741E-08    0.1077490963E-06    0.0000000000E+00    0.0000000000E+00    0.0000000000E+00   -0.2268594392E-12
    0.7397121339E-10   -0.4745319154E-09    0.1338642061E-08   -0.3445133678E-07    0.0000000000E+00    0.0000000000E+00    0.0000000000E+00    0.6224248504E-13
   -0.2198842348E-10    0.1406752612E-09   -0.3962836747E-09    0.1019069364E-07    0.0000000000E+00    0.0000000000E+00    0.0000000000E+00   -0.1586928079E-13
    0.5790576928E-11   -0.3697522563E-10    0.1040542235E-09   -0.2674239058E-08    0.0000000000E+00    0.0000000000E+00    0.0000000000E+00    0.3613775147E-14
   -0.1261575798E-11    0.8044728852E-11   -0.2262269299E-10    0.5811574684E-09    0.0000000000E+00    0.0000000000E+00    0.0000000000E+00   -0.6876810810E-15
    0.2005062604E-12   -0.1277343163E-11    0.3590158768E-11   -0.9219810812E-10    0.0000000000E+00    0.0000000000E+00    0.0000000000E+00    0.9660606277E-16
   -0.1721766603E-13    0.1096118937E-12   -0.3079648615E-12    0.7906890348E-11    0.0000000000E+00    0.0000000000E+00    0.0000000000E+00   -0.7432287563E-17
 l,ispin:           3           1
 psi n=1,noccmax(l):
   -0.4273112554E+01   -0.3488061664E+00   -0.4260871214E+00    0.2901348641E+00    0.0000000000E+00    0.0000000000E+00    0.0000000000E+00
    0.1266013200E+02    0.1032684513E+01    0.1261493145E+01   -0.8997673037E+00    0.0000000000E+00    0.0000000000E+00    0.0000000000E+00
   -0.1745493839E+02   -0.1424794248E+01   -0.1740567144E+01    0.1178167863E+01    0.0000000000E+00    0.0000000000E+00    0.0000000000E+00
    0.1411570351E+02    0.1155908750E+01    0.1412263182E+01   -0.7252291842E+00    0.0000000000E+00    0.0000000000E+00    0.0000000000E+00
   -0.8407689924E+01   -0.6923965882E+00   -0.8459688506E+00    0.1517315710E+00    0.0000000000E+00    0.0000000000E+00    0.0000000000E+00
    0.8047563712E+01    0.6565111372E+00    0.8002749810E+00   -0.2333831983E+00    0.0000000000E+00    0.0000000000E+00    0.0000000000E+00
   -0.1194089294E+02   -0.9596043162E+00   -0.1166440715E+01    0.7893243553E+00    0.0000000000E+00    0.0000000000E+00    0.0000000000E+00
   -0.5066082814E+01   -0.4005817450E+00   -0.4868838931E+00    0.9184063598E+00    0.0000000000E+00    0.0000000000E+00    0.0000000000E+00
   -0.2381559354E+01   -0.2081077530E+00   -0.2602806332E+00    0.2973046915E-01    0.0000000000E+00    0.0000000000E+00    0.0000000000E+00
   -0.1137562973E+01   -0.9209668510E-01   -0.1126398158E+00    0.3139639568E+00    0.0000000000E+00    0.0000000000E+00    0.0000000000E+00
   -0.4896713245E+00   -0.4248705431E-01   -0.5354072546E-01   -0.6786540299E-01    0.0000000000E+00    0.0000000000E+00    0.0000000000E+00
   -0.1908588452E+00   -0.1364736435E-01   -0.1511381113E-01    0.1039945998E+00    0.0000000000E+00    0.0000000000E+00    0.0000000000E+00
   -0.7383099849E-01   -0.5928892387E-02   -0.8320408743E-02   -0.4998671535E-01    0.0000000000E+00    0.0000000000E+00    0.0000000000E+00
   -0.2522840127E-01   -0.1557555982E-02   -0.1986184459E-03    0.3931046210E-01    0.0000000000E+00    0.0000000000E+00    0.0000000000E+00
   -0.8418209151E-02    0.1682314789E-02    0.1572986860E-02   -0.2886572872E-01    0.0000000000E+00    0.0000000000E+00    0.0000000000E+00
   -0.3131440367E-02   -0.2336965681E-02   -0.2767112139E-02    0.2171954221E-01    0.0000000000E+00    0.0000000000E+00    0.0000000000E+00
   -0.9762567368E-03    0.1891397621E-02    0.3273779580E-02   -0.1782102081E-01    0.0000000000E+00    0.0000000000E+00    0.0000000000E+00
   -0.2607448582E-03    0.3955806381E-05   -0.6902571397E-03    0.1104711793E-01    0.0000000000E+00    0.0000000000E+00    0.0000000000E+00
   -0.9006837145E-04    0.4884094531E-05    0.6992286265E-03   -0.8844417711E-02    0.0000000000E+00    0.0000000000E+00    0.0000000000E+00
   -0.1423536298E-04    0.4175215806E-03    0.6737865802E-03    0.4522381899E-02    0.0000000000E+00    0.0000000000E+00    0.0000000000E+00
   -0.4206535257E-05    0.2045095725E-03    0.3471269076E-03   -0.5047788185E-02    0.0000000000E+00    0.0000000000E+00    0.0000000000E+00
    0.3874889545E-06    0.2627303898E-03    0.7353640480E-03    0.2351427425E-02    0.0000000000E+00    0.0000000000E+00    0.0000000000E+00
   -0.2059482467E-06    0.7917937406E-04   -0.5453214636E-03    0.5592937203E-03    0.0000000000E+00    0.0000000000E+00    0.0000000000E+00
    0.7539282958E-07   -0.9329097563E-05    0.9961038569E-05   -0.6139455946E-03    0.0000000000E+00    0.0000000000E+00    0.0000000000E+00
   -0.2664519157E-07    0.2337653667E-05   -0.1451581816E-05    0.1440679348E-03    0.0000000000E+00    0.0000000000E+00    0.0000000000E+00
    0.9150762897E-08   -0.6768882863E-06    0.3604230401E-06   -0.3935062897E-04    0.0000000000E+00    0.0000000000E+00    0.0000000000E+00
   -0.3068275499E-08    0.2051577275E-06   -0.1055011093E-06    0.1140612483E-04    0.0000000000E+00    0.0000000000E+00    0.0000000000E+00
    0.1008561062E-08   -0.6316062927E-07    0.3236458734E-07   -0.3396071886E-05    0.0000000000E+00    0.0000000000E+00    0.0000000000E+00
   -0.3260694339E-09    0.1952848074E-07   -0.1003834732E-07    0.1024240783E-05    0.0000000000E+00    0.0000000000E+00    0.0000000000E+00
    0.1039118752E-09   -0.6031936131E-08    0.3111517257E-08   -0.3106022999E-06    0.0000000000E+00    0.0000000000E+00    0.0000000000E+00
   -0.3266724116E-10    0.1854705816E-08   -0.9591517079E-09    0.9422037321E-07    0.0000000000E+00    0.0000000000E+00    0.0000000000E+00
    0.1012204670E-10   -0.5656500531E-09    0.2929749176E-09   -0.2845177850E-07    0.0000000000E+00    0.0000000000E+00    0.0000000000E+00
   -0.3082034844E-11    0.1702865328E-09   -0.8827211187E-10    0.8503470882E-08    0.0000000000E+00    0.0000000000E+00    0.0000000000E+00
    0.9168795103E-12   -0.5024694811E-10    0.2605648598E-10   -0.2495952161E-08    0.0000000000E+00    0.0000000000E+00    0.0000000000E+00
   -0.2639197558E-12    0.1437880389E-10   -0.7457209355E-11    0.7115211929E-09    0.0000000000E+00    0.0000000000E+00    0.0000000000E+00
    0.7236892573E-13   -0.3926219489E-11    0.2036169600E-11   -0.1937477954E-09    0.0000000000E+00    0.0000000000E+00    0.0000000000E+00
   -0.1844311246E-13    0.9975733007E-12   -0.5172986932E-12    0.4912901001E-10    0.0000000000E+00    0.0000000000E+00    0.0000000000E+00
    0.4198530826E-14   -0.2266039906E-12    0.1174929248E-12   -0.1114382208E-10    0.0000000000E+00    0.0000000000E+00    0.0000000000E+00
   -0.7987644663E-15    0.4304428315E-13   -0.2231556233E-13    0.2114614060E-11    0.0000000000E+00    0.0000000000E+00    0.0000000000E+00
    0.1121912074E-15   -0.6039121485E-14    0.3130543816E-14   -0.2964594944E-12    0.0000000000E+00    0.0000000000E+00    0.0000000000E+00
   -0.8630187257E-17    0.4641847470E-15   -0.2406012277E-15    0.2277456166E-13    0.0000000000E+00    0.0000000000E+00    0.0000000000E+00
 l,ispin:           3           2
 psi n=1,noccmax(l):
   -0.4405235420E+01   -0.2972124295E+00   -0.3810650346E+00    0.2537534737E+00    0.0000000000E+00    0.0000000000E+00    0.0000000000E+00
    0.1305833801E+02    0.8802747000E+00    0.1128722484E+01   -0.7921603835E+00    0.0000000000E+00    0.0000000000E+00    0.0000000000E+00
   -0.1801129354E+02   -0.1215152932E+01   -0.1558077755E+01    0.1031280248E+01    0.0000000000E+00    0.0000000000E+00    0.0000000000E+00
    0.1457227317E+02    0.9868206511E+00    0.1265023366E+01   -0.6098278326E+00    0.0000000000E+00    0.0000000000E+00    0.0000000000E+00
   -0.8689422489E+01   -0.5923209810E+00   -0.7587916766E+00    0.8726575891E-01    0.0000000000E+00    0.0000000000E+00    0.0000000000E+00
    0.8335693209E+01    0.5617618931E+00    0.7182058086E+00   -0.1719120260E+00    0.0000000000E+00    0.0000000000E+00    0.0000000000E+00
   -0.1236669400E+02   -0.8185241390E+00   -0.1044386801E+01    0.6916351958E+00    0.0000000000E+00    0.0000000000E+00    0.0000000000E+00
   -0.5288900778E+01   -0.3437888216E+00   -0.4397189160E+00    0.8747440835E+00    0.0000000000E+00    0.0000000000E+00    0.0000000000E+00
   -0.2468898834E+01   -0.1807561820E+00   -0.2369943443E+00    0.1377877406E-01    0.0000000000E+00    0.0000000000E+00    0.0000000000E+00
   -0.1159587802E+01   -0.7755507340E-01   -0.9987548307E-01    0.3003384410E+00    0.0000000000E+00    0.0000000000E+00    0.0000000000E+00
   -0.4922543374E+00   -0.3577945536E-01   -0.4727372694E-01   -0.7190316134E-01    0.0000000000E+00    0.0000000000E+00    0.0000000000E+00
   -0.1881964159E+00   -0.1070003645E-01   -0.1234124641E-01    0.1002142161E+00    0.0000000000E+00    0.0000000000E+00    0.0000000000E+00
   -0.7153057314E-01   -0.4714571745E-02   -0.7075746367E-02   -0.5041260241E-01    0.0000000000E+00    0.0000000000E+00    0.0000000000E+00
   -0.2353230633E-01   -0.1020461104E-02    0.3665832370E-03    0.3816300134E-01    0.0000000000E+00    0.0000000000E+00    0.0000000000E+00
   -0.7795978172E-02    0.1853077752E-02    0.1754549303E-02   -0.2865025196E-01    0.0000000000E+00    0.0000000000E+00    0.0000000000E+00
   -0.2697777795E-02   -0.2246108481E-02   -0.2650434164E-02    0.2129051766E-01    0.0000000000E+00    0.0000000000E+00    0.0000000000E+00
   -0.7904276426E-03    0.1937545474E-02    0.3333476440E-02   -0.1768433428E-01    0.0000000000E+00    0.0000000000E+00    0.0000000000E+00
   -0.1962312437E-03    0.1421673596E-04   -0.6845248873E-03    0.1090290918E-01    0.0000000000E+00    0.0000000000E+00    0.0000000000E+00
   -0.6027544260E-04    0.1692634074E-04    0.7291418736E-03   -0.8794314911E-02    0.0000000000E+00    0.0000000000E+00    0.0000000000E+00
   -0.6757404747E-05    0.4198046984E-03    0.6674194914E-03    0.4475508893E-02    0.0000000000E+00    0.0000000000E+00    0.0000000000E+00
   -0.2332562232E-05    0.2063562345E-03    0.3550743517E-03   -0.5011535942E-02    0.0000000000E+00    0.0000000000E+00    0.0000000000E+00
    0.4203173718E-06    0.2617316785E-03    0.7203730220E-03    0.2373411734E-02    0.0000000000E+00    0.0000000000E+00    0.0000000000E+00
   -0.1734720230E-06    0.7834417578E-04   -0.5422059911E-03    0.5322869538E-03    0.0000000000E+00    0.0000000000E+00    0.0000000000E+00
    0.6337910358E-07   -0.9243702020E-05    0.1056206625E-04   -0.6046065205E-03    0.0000000000E+00    0.0000000000E+00    0.0000000000E+00
   -0.2243365633E-07    0.2317289140E-05   -0.1612882941E-05    0.1420636453E-03    0.0000000000E+00    0.0000000000E+00    0.0000000000E+00
    0.7725938590E-08   -0.6711729707E-06    0.4066552493E-06   -0.3882392715E-04    0.0000000000E+00    0.0000000000E+00    0.0000000000E+00
   -0.2598668694E-08    0.2034614201E-06   -0.1192488101E-06    0.1125670614E-04    0.0000000000E+00    0.0000000000E+00    0.0000000000E+00
    0.8568173851E-09   -0.6264586176E-07    0.3652513663E-07   -0.3352184342E-05    0.0000000000E+00    0.0000000000E+00    0.0000000000E+00
   -0.2777788492E-09    0.1937090554E-07   -0.1130747048E-07    0.1011125087E-05    0.0000000000E+00    0.0000000000E+00    0.0000000000E+00
    0.8873393350E-10   -0.5983604043E-08    0.3499548709E-08   -0.3066501951E-06    0.0000000000E+00    0.0000000000E+00    0.0000000000E+00
   -0.2795095588E-10    0.1839917506E-08   -0.1077569674E-08    0.9302689775E-07    0.0000000000E+00    0.0000000000E+00    0.0000000000E+00
    0.8674553623E-11   -0.5611554748E-09    0.3288922805E-09   -0.2809253811E-07    0.0000000000E+00    0.0000000000E+00    0.0000000000E+00
   -0.2644636378E-11    0.1689367515E-09   -0.9904188285E-10    0.8396349512E-08    0.0000000000E+00    0.0000000000E+00    0.0000000000E+00
    0.7875325747E-12   -0.4984934723E-10    0.2922522398E-10   -0.2464561298E-08    0.0000000000E+00    0.0000000000E+00    0.0000000000E+00
   -0.2268594392E-12    0.1426516289E-10   -0.8362107916E-11    0.7025831098E-09    0.0000000000E+00    0.0000000000E+00    0.0000000000E+00
    0.6224248504E-13   -0.3895215570E-11    0.2282890320E-11   -0.1913159947E-09    0.0000000000E+00    0.0000000000E+00    0.0000000000E+00
   -0.1586928079E-13    0.9897005624E-12   -0.5799186277E-12    0.4851274449E-10    0.0000000000E+00    0.0000000000E+00    0.0000000000E+00
    0.3613775147E-14   -0.2248164146E-12    0.1317065105E-12   -0.1100409608E-10    0.0000000000E+00    0.0000000000E+00    0.0000000000E+00
   -0.6876810810E-15    0.4270482777E-13   -0.2501401231E-13    0.2088108270E-11    0.0000000000E+00    0.0000000000E+00    0.0000000000E+00
    0.9660606277E-16   -0.5991505861E-14    0.3508989203E-14   -0.2927443150E-12    0.0000000000E+00    0.0000000000E+00    0.0000000000E+00
   -0.7432287563E-17    0.4605254131E-15   -0.2696815629E-15    0.2248919937E-13    0.0000000000E+00    0.0000000000E+00    0.0000000000E+00
