   40             4.00000 ng, rij 
     2.240     4.480                                       rcov,rprb 
 r                           (non)relativistic calculation
 PBE                         XC-functional
103.000 25.000    0.4250000000    0.3654066192E+02   -0.7678778866E-02    0.0000000000E+00    0.0000000000E+00  znuc,zion,rloc,gpot()
   3                                                       lpx, (Projectors for l=0..lpx)
    0.4395577698   -0.2326582207E+01    0.2050204829E+01   -0.3149740131E+00    0.1433648242E+01   -0.3701663843E+01    0.2938104590E+01  r_l(),hsep(), so=+0.5
    0.3988243135    0.8321128074E+00    0.3131635114E+01   -0.6506509792E+01   -0.1682501952E+01    0.3981526312E+01   -0.2829691901E+01  r_l(),hsep(), so=+0.5
   -0.4002286586E+01    0.3326312164E+01   -0.2682761883E+01    0.7526117276E+00   -0.1781004410E+01    0.1265769296E+01         hsep(), so=-0.5
    0.5584666576    0.4314900726E+00    0.4388989776E+00   -0.4976646623E+00    0.0000000000E+00   -0.0000000000E+00    0.0000000000E+00  r_l(),hsep(), so=+0.5
    0.2127934723E+00    0.3928654892E+00   -0.4454675928E+00    0.0000000000E+00   -0.0000000000E+00    0.0000000000E+00         hsep(), so=-0.5
    0.2843107527   -0.1855948149E+02   -0.0000000000E+00    0.0000000000E+00    0.0000000000E+00   -0.0000000000E+00    0.0000000000E+00  r_l(),hsep(), so=+0.5
   -0.1877433884E+02   -0.0000000000E+00    0.0000000000E+00    0.0000000000E+00   -0.0000000000E+00    0.0000000000E+00         hsep(), so=-0.5
 ---------------------------------------------
 Additional information (last calculation):
 gaussian exponents:
 xp():   31.318224218642946        22.145328719723189        15.659112109321473        11.072664359861598        7.8295560546607401        5.5363321799307990        3.9147780273303709        2.7681660899654004        1.9573890136651850        1.3840830449827004       0.97869450683259296       0.69204152249135042       0.48934725341629648       0.34602076124567521       0.24467362670814841       0.17301038062283772       0.12233681335407422        8.6505190311418872E-002   6.1168406677037108E-002   4.3252595155709436E-002   3.0584203338518568E-002   2.1626297577854725E-002   1.5292101669259288E-002   1.0813148788927364E-002   7.6460508346296455E-003   5.4065743944636847E-003   3.8230254173148236E-003   2.7032871972318424E-003   1.9115127086574114E-003   1.3516435986159212E-003   9.5575635432870634E-004   6.7582179930796092E-004   4.7787817716435328E-004   3.3791089965398046E-004   2.3893908858217658E-004   1.6895544982699028E-004   1.1946954429108837E-004   8.4477724913495142E-005   5.9734772145544187E-005   4.2238862456747598E-005
 orbital coefficients (one orbital per column)
 l,ispin:           0           1
 psi n=1,noccmax(l):
    0.1265990063E-01   -0.3535917521E-03   -0.2764301714E-03    0.1412992317E-02    0.0000000000E+00    0.0000000000E+00    0.0000000000E+00    0.7018740628E-01    0.1893148675E-01
   -0.2198926203E+00   -0.6360371923E-01   -0.3447206615E-01   -0.4121149486E-01    0.0000000000E+00    0.0000000000E+00    0.0000000000E+00   -0.2079532196E+00   -0.4987456775E-01
    0.9987186708E+00    0.3558759527E+00    0.1948348062E+00    0.2079972359E+00    0.0000000000E+00    0.0000000000E+00    0.0000000000E+00    0.1789172256E+00    0.1201346641E-01
   -0.2317680137E+01   -0.8947465033E+00   -0.4928871164E+00   -0.5157344006E+00    0.0000000000E+00    0.0000000000E+00    0.0000000000E+00    0.1710961098E+00    0.1435867097E+00
    0.3373677536E+01    0.1381918769E+01    0.7678909732E+00    0.8160607407E+00    0.0000000000E+00    0.0000000000E+00    0.0000000000E+00   -0.5575068948E+00   -0.3154422646E+00
   -0.3293578677E+01   -0.1488681682E+01   -0.8422356611E+00   -0.9431955724E+00    0.0000000000E+00    0.0000000000E+00    0.0000000000E+00    0.5152952318E+00    0.3436949332E+00
    0.2049364015E+01    0.1237485473E+01    0.7277288707E+00    0.9043927244E+00    0.0000000000E+00    0.0000000000E+00    0.0000000000E+00   -0.1554582564E+00   -0.2353776315E+00
   -0.3841326303E+01   -0.2171217575E+01   -0.1258528854E+01   -0.1460817449E+01    0.0000000000E+00    0.0000000000E+00    0.0000000000E+00    0.1864844148E+01    0.7390976956E+00
    0.8021896851E+01    0.3755380628E+01    0.2156850807E+01    0.2364589278E+01    0.0000000000E+00    0.0000000000E+00    0.0000000000E+00   -0.3594470668E+01   -0.1378791751E+01
   -0.2502957022E+01   -0.1497163534E+01   -0.9904655841E+00   -0.1389500317E+01    0.0000000000E+00    0.0000000000E+00    0.0000000000E+00   -0.2327672475E+00    0.2284185462E+00
    0.8732637037E+00    0.9444158682E+00    0.7632036195E+00    0.1286871567E+01    0.0000000000E+00    0.0000000000E+00    0.0000000000E+00    0.2487807546E+00   -0.1596633881E+00
   -0.2384685900E+01   -0.1532363862E+01   -0.1171667302E+01   -0.1787154552E+01    0.0000000000E+00    0.0000000000E+00    0.0000000000E+00    0.6172993549E+00    0.3962720479E+00
    0.1226377985E+00   -0.8546529386E-01    0.3278743055E+00    0.1135460788E+01    0.0000000000E+00    0.0000000000E+00    0.0000000000E+00    0.5362530651E+00    0.1224142887E+00
   -0.1027081152E+01   -0.4092163812E+00   -0.6590637517E+00   -0.1608979466E+01    0.0000000000E+00    0.0000000000E+00    0.0000000000E+00    0.3051762098E+00    0.1276787177E+00
    0.3616564611E+00   -0.1160942162E+00    0.3429832550E+00    0.1503642912E+01    0.0000000000E+00    0.0000000000E+00    0.0000000000E+00    0.1547181106E+00    0.8597198260E-01
   -0.3675058546E+00    0.5894334167E-02   -0.4216680510E+00   -0.1895764124E+01    0.0000000000E+00    0.0000000000E+00    0.0000000000E+00    0.6556678908E-01    0.2740747950E-02
    0.2410862982E+00   -0.1516422066E-01    0.1912680168E+00    0.1949919073E+01    0.0000000000E+00    0.0000000000E+00    0.0000000000E+00    0.1676202385E-01    0.5745496204E-01
   -0.1692305236E+00    0.2838306792E+00    0.4398483067E+00   -0.1374808536E+01    0.0000000000E+00    0.0000000000E+00    0.0000000000E+00    0.4897808391E-02   -0.6693985720E-01
    0.1159095223E+00    0.7328706235E-01   -0.3712604901E+00    0.1227516954E+01    0.0000000000E+00    0.0000000000E+00    0.0000000000E+00   -0.5824726377E-03   -0.7737317705E-02
   -0.7824019387E-01    0.1232194873E+00    0.5976251816E+00   -0.2702155026E+00    0.0000000000E+00    0.0000000000E+00    0.0000000000E+00    0.6083908521E-03   -0.2531063151E-01
    0.5202124666E-01    0.2363538342E-01    0.1292531562E-02    0.1399849757E+01    0.0000000000E+00    0.0000000000E+00    0.0000000000E+00   -0.3516553038E-03   -0.2033616541E-01
   -0.3406577493E-01    0.1430159563E-01   -0.1000767432E+00   -0.2584701252E+01    0.0000000000E+00    0.0000000000E+00    0.0000000000E+00    0.1999787984E-03   -0.8399002446E-02
    0.2196609187E-01   -0.5870420071E-02   -0.2700850717E+00    0.6441191679E+00    0.0000000000E+00    0.0000000000E+00    0.0000000000E+00   -0.1099913276E-03   -0.2368561267E-03
   -0.1394279727E-01    0.3497820407E-02    0.8006059933E-01    0.5751667639E+00    0.0000000000E+00    0.0000000000E+00    0.0000000000E+00    0.5875407497E-04    0.2279200172E-04
    0.8708209680E-02   -0.2073752146E-02   -0.3897553821E-01   -0.2866274181E+00    0.0000000000E+00    0.0000000000E+00    0.0000000000E+00   -0.3056089679E-04   -0.7318521531E-05
   -0.5348903420E-02    0.1210052195E-02    0.2059945971E-01    0.1477679320E+00    0.0000000000E+00    0.0000000000E+00    0.0000000000E+00    0.1551136166E-04    0.3319686337E-05
    0.3229142845E-02   -0.6934533381E-03   -0.1110601947E-01   -0.7765847518E-01    0.0000000000E+00    0.0000000000E+00    0.0000000000E+00   -0.7696220448E-05   -0.1600704635E-05
   -0.1914550913E-02    0.3904117758E-03    0.5997268747E-02    0.4105930025E-01    0.0000000000E+00    0.0000000000E+00    0.0000000000E+00    0.3738756626E-05    0.7669694167E-06
    0.1113721376E-02   -0.2160866017E-03   -0.3221154763E-02   -0.2169031656E-01    0.0000000000E+00    0.0000000000E+00    0.0000000000E+00   -0.1780365945E-05   -0.3605036120E-06
   -0.6347657961E-03    0.1176003479E-03    0.1714517011E-02    0.1139870516E-01    0.0000000000E+00    0.0000000000E+00    0.0000000000E+00    0.8314916425E-06    0.1660498832E-06
    0.3537259983E-03   -0.6286964187E-04   -0.9014689260E-03   -0.5935444606E-02    0.0000000000E+00    0.0000000000E+00    0.0000000000E+00   -0.3806966368E-06   -0.7497776990E-07
   -0.1920935419E-03    0.3292762646E-04    0.4662742365E-03    0.3047678113E-02    0.0000000000E+00    0.0000000000E+00    0.0000000000E+00    0.1705484997E-06    0.3315670758E-07
    0.1011377491E-03   -0.1681065123E-04   -0.2358225015E-03   -0.1532972262E-02    0.0000000000E+00    0.0000000000E+00    0.0000000000E+00   -0.7446183846E-07   -0.1431109347E-07
   -0.5121391148E-04    0.8297211842E-05    0.1155771530E-03    0.7482519854E-03    0.0000000000E+00    0.0000000000E+00    0.0000000000E+00    0.3146380769E-07    0.5988383483E-08
    0.2463732063E-04   -0.3908933610E-05   -0.5416371468E-04   -0.3495972821E-03    0.0000000000E+00    0.0000000000E+00    0.0000000000E+00   -0.1272293534E-07   -0.2402061107E-08
   -0.1105098714E-04    0.1724167982E-05    0.2379701493E-04    0.1532528383E-03    0.0000000000E+00    0.0000000000E+00    0.0000000000E+00    0.4837475352E-08    0.9073820869E-09
    0.4492002434E-05   -0.6916003647E-06   -0.9517643915E-05   -0.6119243987E-04    0.0000000000E+00    0.0000000000E+00    0.0000000000E+00   -0.1682986068E-08   -0.3140607745E-09
   -0.1583330699E-05    0.2412604424E-06    0.3312995591E-05    0.2127461321E-04    0.0000000000E+00    0.0000000000E+00    0.0000000000E+00    0.5133791607E-09    0.9541673887E-10
    0.4506101561E-06   -0.6811469937E-07   -0.9338611736E-06   -0.5991514295E-05    0.0000000000E+00    0.0000000000E+00    0.0000000000E+00   -0.1280339082E-09   -0.2372275837E-10
   -0.9104878143E-07    0.1367917411E-07    0.1873232537E-06    0.1201056949E-05    0.0000000000E+00    0.0000000000E+00    0.0000000000E+00    0.2298631109E-10    0.4248969074E-11
    0.9652386932E-08   -0.1443488421E-08   -0.1975021884E-07   -0.1265721633E-06    0.0000000000E+00    0.0000000000E+00    0.0000000000E+00   -0.2197634539E-11   -0.4055046121E-12
 l,ispin:           1           1
 psi n=1,noccmax(l):
    0.7018740628E-01    0.1893148675E-01   -0.1117557219E-01    0.2574369465E-02    0.0000000000E+00    0.0000000000E+00    0.0000000000E+00    0.9747360741E-01   -0.5331015701E-01
   -0.2079532196E+00   -0.4987456775E-01    0.2362725482E-01   -0.3611467768E-01    0.0000000000E+00    0.0000000000E+00    0.0000000000E+00   -0.3261643825E+00    0.1790106484E+00
    0.1789172256E+00    0.1201346641E-01    0.2510103994E-01    0.1629338906E+00    0.0000000000E+00    0.0000000000E+00    0.0000000000E+00    0.5108334959E+00   -0.2826216319E+00
    0.1710961098E+00    0.1435867097E+00   -0.1685464423E+00   -0.3984306102E+00    0.0000000000E+00    0.0000000000E+00    0.0000000000E+00   -0.4696800675E+00    0.2648503637E+00
   -0.5575068948E+00   -0.3154422646E+00    0.3239546766E+00    0.6414085529E+00    0.0000000000E+00    0.0000000000E+00    0.0000000000E+00    0.2799636085E+00   -0.1651955200E+00
    0.5152952318E+00    0.3436949332E+00   -0.3657102500E+00   -0.7566391193E+00    0.0000000000E+00    0.0000000000E+00    0.0000000000E+00   -0.1573376999E+00    0.9777209453E-01
   -0.1554582564E+00   -0.2353776315E+00    0.2947431098E+00    0.7377492024E+00    0.0000000000E+00    0.0000000000E+00    0.0000000000E+00    0.1912644349E+00   -0.1127622954E+00
    0.1864844148E+01    0.7390976956E+00   -0.6781645313E+00   -0.1128064896E+01    0.0000000000E+00    0.0000000000E+00    0.0000000000E+00    0.4457611544E-01   -0.8238544124E-02
   -0.3594470668E+01   -0.1378791751E+01    0.1178572593E+01    0.1626320182E+01    0.0000000000E+00    0.0000000000E+00    0.0000000000E+00   -0.4444215626E+00    0.2313538253E+00
   -0.2327672475E+00    0.2284185462E+00   -0.3183665048E+00   -0.8115331053E+00    0.0000000000E+00    0.0000000000E+00    0.0000000000E+00   -0.2170717191E+00    0.9879412224E-01
    0.2487807546E+00   -0.1596633881E+00    0.2622111224E+00    0.7479454784E+00    0.0000000000E+00    0.0000000000E+00    0.0000000000E+00    0.1049599457E+00   -0.5614444495E-01
    0.6172993549E+00    0.3962720479E+00   -0.4429729582E+00   -0.9127347385E+00    0.0000000000E+00    0.0000000000E+00    0.0000000000E+00    0.6763304155E-01   -0.3500960760E-01
    0.5362530651E+00    0.1224142887E+00    0.3485081558E-01    0.5026148417E+00    0.0000000000E+00    0.0000000000E+00    0.0000000000E+00    0.2071359498E+00   -0.1168840218E+00
    0.3051762098E+00    0.1276787177E+00   -0.2227186269E+00   -0.6748790840E+00    0.0000000000E+00    0.0000000000E+00    0.0000000000E+00    0.6573455871E-01   -0.2067042806E-01
    0.1547181106E+00    0.8597198260E-01    0.4399015158E-01    0.4911627865E+00    0.0000000000E+00    0.0000000000E+00    0.0000000000E+00    0.7449736667E-01   -0.5519954378E-01
    0.6556678908E-01    0.2740747950E-02   -0.1039976426E+00   -0.5557517871E+00    0.0000000000E+00    0.0000000000E+00    0.0000000000E+00    0.2676275565E-01    0.1100070436E-02
    0.1676202385E-01    0.5745496204E-01    0.1066922197E-01    0.4479306210E+00    0.0000000000E+00    0.0000000000E+00    0.0000000000E+00    0.2393038791E-01   -0.3001697352E-01
    0.4897808391E-02   -0.6693985720E-01    0.7067040381E-01   -0.3154651425E+00    0.0000000000E+00    0.0000000000E+00    0.0000000000E+00    0.1035664876E-01    0.6285987728E-02
   -0.5824726377E-03   -0.7737317705E-02   -0.4305854181E-01    0.2816768824E+00    0.0000000000E+00    0.0000000000E+00    0.0000000000E+00    0.4722066704E-02   -0.4525884617E-02
    0.6083908521E-03   -0.2531063151E-01    0.8458777678E-01   -0.1383278100E+00    0.0000000000E+00    0.0000000000E+00    0.0000000000E+00    0.1962026396E-02   -0.6647105333E-03
   -0.3516553038E-03   -0.2033616541E-01    0.3877215278E-01    0.3669140654E+00    0.0000000000E+00    0.0000000000E+00    0.0000000000E+00    0.6922831930E-03    0.2595805798E-02
    0.1999787984E-03   -0.8399002446E-02   -0.3351932743E-02   -0.3936204799E+00    0.0000000000E+00    0.0000000000E+00    0.0000000000E+00    0.4399984208E-04    0.3641780046E-02
   -0.1099913276E-03   -0.2368561267E-03   -0.4940301248E-01    0.4647779339E-01    0.0000000000E+00    0.0000000000E+00    0.0000000000E+00    0.1483468496E-04    0.8758743400E-03
    0.5875407497E-04    0.2279200172E-04    0.9153120525E-02    0.7864998561E-01    0.0000000000E+00    0.0000000000E+00    0.0000000000E+00   -0.7046603997E-05   -0.1574248395E-03
   -0.3056089679E-04   -0.7318521531E-05   -0.3348706616E-02   -0.3126820177E-01    0.0000000000E+00    0.0000000000E+00    0.0000000000E+00    0.3093203820E-05    0.4881621517E-04
    0.1551136166E-04    0.3319686337E-05    0.1395642558E-02    0.1318436842E-01    0.0000000000E+00    0.0000000000E+00    0.0000000000E+00   -0.1295762553E-05   -0.1705961265E-04
   -0.7696220448E-05   -0.1600704635E-05   -0.6066501588E-03   -0.5716719482E-02    0.0000000000E+00    0.0000000000E+00    0.0000000000E+00    0.5254920193E-06    0.6205500654E-05
    0.3738756626E-05    0.7669694167E-06    0.2674931734E-03    0.2505639524E-02    0.0000000000E+00    0.0000000000E+00    0.0000000000E+00   -0.2079468227E-06   -0.2289462463E-05
   -0.1780365945E-05   -0.3605036120E-06   -0.1183009064E-03   -0.1101074738E-02    0.0000000000E+00    0.0000000000E+00    0.0000000000E+00    0.8069496076E-07    0.8476692608E-06
    0.8314916425E-06    0.1660498832E-06    0.5216991149E-04    0.4827792023E-03    0.0000000000E+00    0.0000000000E+00    0.0000000000E+00   -0.3079745217E-07   -0.3132525955E-06
   -0.3806966368E-06   -0.7497776990E-07   -0.2284171164E-04   -0.2103596488E-03    0.0000000000E+00    0.0000000000E+00    0.0000000000E+00    0.1157167215E-07    0.1150893012E-06
    0.1705484997E-06    0.3315670758E-07    0.9883521452E-05    0.9066885407E-04    0.0000000000E+00    0.0000000000E+00    0.0000000000E+00   -0.4276150314E-08   -0.4186567478E-07
   -0.7446183846E-07   -0.1431109347E-07   -0.4200862670E-05   -0.3842009860E-04    0.0000000000E+00    0.0000000000E+00    0.0000000000E+00    0.1548884834E-08    0.1499707545E-07
    0.3146380769E-07    0.5988383483E-08    0.1738859087E-05    0.1586568847E-04    0.0000000000E+00    0.0000000000E+00    0.0000000000E+00   -0.5463950621E-09   -0.5249136794E-08
   -0.1272293534E-07   -0.2402061107E-08   -0.6921714712E-06   -0.6304127490E-05    0.0000000000E+00    0.0000000000E+00    0.0000000000E+00    0.1857391567E-09    0.1774483863E-08
    0.4837475352E-08    0.9073820869E-09    0.2600593781E-06    0.2365326475E-05    0.0000000000E+00    0.0000000000E+00    0.0000000000E+00   -0.5983235733E-10   -0.5693697013E-09
   -0.1682986068E-08   -0.3140607745E-09   -0.8966826256E-07   -0.8147270078E-06    0.0000000000E+00    0.0000000000E+00    0.0000000000E+00    0.1779344569E-10    0.1688515838E-09
    0.5133791607E-09    0.9541673887E-10    0.2716936170E-07    0.2466723466E-06    0.0000000000E+00    0.0000000000E+00    0.0000000000E+00   -0.4687329182E-11   -0.4439252416E-10
   -0.1280339082E-09   -0.2372275837E-10   -0.6742076809E-08   -0.6117697961E-07    0.0000000000E+00    0.0000000000E+00    0.0000000000E+00    0.1021445805E-11    0.9660265277E-11
    0.2298631109E-10    0.4248969074E-11    0.1205947698E-08    0.1093806805E-07    0.0000000000E+00    0.0000000000E+00    0.0000000000E+00   -0.1623678980E-12   -0.1534054064E-11
   -0.2197634539E-11   -0.4055046121E-12   -0.1149816374E-09   -0.1042573676E-08    0.0000000000E+00    0.0000000000E+00    0.0000000000E+00    0.1394429783E-13    0.1316527262E-12
 l,ispin:           1           2
 psi n=1,noccmax(l):
    0.2181995903E+00    0.6312472190E-01   -0.3953349685E-01   -0.3087594012E-01    0.0000000000E+00    0.0000000000E+00    0.0000000000E+00    0.1325559787E+00    0.6304044336E-01
   -0.7330892776E+00   -0.2100405249E+00    0.1290838242E+00    0.9303172690E-01    0.0000000000E+00    0.0000000000E+00    0.0000000000E+00   -0.4483785073E+00   -0.2136668702E+00
    0.9468636658E+00    0.2511499015E+00   -0.1419774741E+00   -0.6434132986E-01    0.0000000000E+00    0.0000000000E+00    0.0000000000E+00    0.7069046396E+00    0.3380177181E+00
   -0.3426888222E+00   -0.2225651566E-01   -0.2849166667E-01   -0.1486531525E+00    0.0000000000E+00    0.0000000000E+00    0.0000000000E+00   -0.6506650968E+00   -0.3133076057E+00
   -0.5090972276E+00   -0.2945577175E+00    0.2574511299E+00    0.4157253364E+00    0.0000000000E+00    0.0000000000E+00    0.0000000000E+00    0.3842640707E+00    0.1878084837E+00
    0.6186512320E+00    0.3908259045E+00   -0.3374462799E+00   -0.5316339623E+00    0.0000000000E+00    0.0000000000E+00    0.0000000000E+00   -0.2025637708E+00   -0.9993317518E-01
    0.8854976627E+00   -0.2315109896E-01    0.1071001602E+00    0.3406317664E+00    0.0000000000E+00    0.0000000000E+00    0.0000000000E+00    0.2455689193E+00    0.1179663240E+00
   -0.1334318050E+01   -0.7553685834E-02   -0.9667536872E-01   -0.3479067692E+00    0.0000000000E+00    0.0000000000E+00    0.0000000000E+00   -0.1444065604E-01   -0.1320290293E-01
   -0.3460832158E+01   -0.1456254235E+01    0.1073520885E+01    0.1286947748E+01    0.0000000000E+00    0.0000000000E+00    0.0000000000E+00   -0.5563313403E+00   -0.2667258890E+00
    0.1583809581E+01    0.8732824218E+00   -0.6944631403E+00   -0.9310247986E+00    0.0000000000E+00    0.0000000000E+00    0.0000000000E+00   -0.1716731531E+00   -0.5776088843E-01
    0.5304169110E+00   -0.1344355904E+00    0.2049521535E+00    0.4625580386E+00    0.0000000000E+00    0.0000000000E+00    0.0000000000E+00    0.1649190654E+00    0.7142614493E-01
    0.1150575070E+01    0.6751824041E+00   -0.5788351962E+00   -0.8260187171E+00    0.0000000000E+00    0.0000000000E+00    0.0000000000E+00    0.1228367723E+00    0.6234876228E-01
    0.3566317976E+00    0.1394449472E-01    0.1139818690E+00    0.3764629965E+00    0.0000000000E+00    0.0000000000E+00    0.0000000000E+00    0.2309899752E+00    0.1130297096E+00
    0.3201743660E+00    0.1663613383E+00   -0.2384353195E+00   -0.5002198858E+00    0.0000000000E+00    0.0000000000E+00    0.0000000000E+00    0.7883068550E-01    0.2582556267E-01
    0.2288417791E-01   -0.2863751408E-02    0.1204814436E+00    0.3894651420E+00    0.0000000000E+00    0.0000000000E+00    0.0000000000E+00    0.7877401930E-01    0.5126370421E-01
    0.5490196894E-01    0.2590054231E-02   -0.1150613317E+00   -0.4035816650E+00    0.0000000000E+00    0.0000000000E+00    0.0000000000E+00    0.2824955241E-01   -0.4575494815E-03
   -0.1775375053E-01   -0.1034334248E-01    0.9475527621E-01    0.4034002714E+00    0.0000000000E+00    0.0000000000E+00    0.0000000000E+00    0.2378550086E-01    0.2753883380E-01
    0.1250865739E-01   -0.6757447020E-01    0.4100534671E-01   -0.2403046672E+00    0.0000000000E+00    0.0000000000E+00    0.0000000000E+00    0.9026053357E-02   -0.7623724442E-02
   -0.7096370531E-02   -0.2101793339E-01   -0.1101419531E-01    0.2363118164E+00    0.0000000000E+00    0.0000000000E+00    0.0000000000E+00    0.4269029998E-02    0.3812760416E-02
    0.4042699290E-02   -0.2572745475E-01    0.7404830735E-01   -0.6431251615E-01    0.0000000000E+00    0.0000000000E+00    0.0000000000E+00    0.1431855413E-02   -0.2274038694E-03
   -0.2259826610E-02   -0.1319315867E-01    0.1554440761E-01    0.1937339027E+00    0.0000000000E+00    0.0000000000E+00    0.0000000000E+00    0.4956551558E-03   -0.2956958784E-02
    0.1240370938E-02   -0.3481081507E-02   -0.2273065596E-01   -0.3307377626E+00    0.0000000000E+00    0.0000000000E+00    0.0000000000E+00   -0.3075395703E-05   -0.3433130885E-02
   -0.6682938555E-03    0.6647328365E-04   -0.3143799387E-01    0.9998743571E-01    0.0000000000E+00    0.0000000000E+00    0.0000000000E+00    0.1891872823E-04   -0.7176413016E-03
    0.3533641208E-03   -0.2707003529E-04    0.6679738272E-02    0.3499023834E-01    0.0000000000E+00    0.0000000000E+00    0.0000000000E+00   -0.8623343654E-05    0.1289305403E-03
   -0.1833400470E-03    0.8745999800E-05   -0.2536437675E-02   -0.1508533873E-01    0.0000000000E+00    0.0000000000E+00    0.0000000000E+00    0.3712335020E-05   -0.3996876370E-04
    0.9333832003E-04   -0.2851912616E-05    0.1077233122E-02    0.6557420660E-02    0.0000000000E+00    0.0000000000E+00    0.0000000000E+00   -0.1540531387E-05    0.1397393433E-04
   -0.4662904904E-04    0.9405190069E-06   -0.4736093191E-03   -0.2889612894E-02    0.0000000000E+00    0.0000000000E+00    0.0000000000E+00    0.6217469067E-06   -0.5086075693E-05
    0.2286021373E-04   -0.3136585096E-06    0.2103918881E-03    0.1279021302E-02    0.0000000000E+00    0.0000000000E+00    0.0000000000E+00   -0.2454285472E-06    0.1877507358E-05
   -0.1099789123E-04    0.1060502616E-06   -0.9352135835E-04   -0.5656548492E-03    0.0000000000E+00    0.0000000000E+00    0.0000000000E+00    0.9512509459E-07   -0.6954731004E-06
    0.5189977214E-05   -0.3647851571E-07    0.4138895630E-04    0.2490909463E-03    0.0000000000E+00    0.0000000000E+00    0.0000000000E+00   -0.3628591902E-07    0.2571076509E-06
   -0.2399728020E-05    0.1279747280E-07   -0.1816707176E-04   -0.1088593592E-03    0.0000000000E+00    0.0000000000E+00    0.0000000000E+00    0.1363178508E-07   -0.9449003987E-07
    0.1084657283E-05   -0.4578230809E-08    0.7874941445E-05    0.4701821107E-04    0.0000000000E+00    0.0000000000E+00    0.0000000000E+00   -0.5037587661E-08    0.3438032593E-07
   -0.4772393960E-06    0.1662912255E-08   -0.3351449597E-05   -0.1995279728E-04    0.0000000000E+00    0.0000000000E+00    0.0000000000E+00    0.1824893958E-08   -0.1231785741E-07
    0.2029768345E-06   -0.6073642935E-09    0.1388544570E-05    0.8248127114E-05    0.0000000000E+00    0.0000000000E+00    0.0000000000E+00   -0.6438520551E-09    0.4311955501E-08
   -0.8251900898E-07    0.2195641312E-09   -0.5530922882E-06   -0.3279756413E-05    0.0000000000E+00    0.0000000000E+00    0.0000000000E+00    0.2188987536E-09   -0.1457812379E-08
    0.3151127379E-07   -0.7675937373E-10    0.2079044945E-06    0.1231219020E-05    0.0000000000E+00    0.0000000000E+00    0.0000000000E+00   -0.7052293760E-10    0.4677954906E-09
   -0.1100066793E-07    0.2510970728E-10   -0.7170992416E-07   -0.4242465310E-06    0.0000000000E+00    0.0000000000E+00    0.0000000000E+00    0.2097493633E-10   -0.1387364400E-09
    0.3364671021E-08   -0.7326340614E-11    0.2173337234E-07    0.1284818983E-06    0.0000000000E+00    0.0000000000E+00    0.0000000000E+00   -0.5525912453E-11    0.3647646238E-10
   -0.8408711154E-09    0.1770095998E-11   -0.5394091853E-08   -0.3187069898E-07    0.0000000000E+00    0.0000000000E+00    0.0000000000E+00    0.1204270821E-11   -0.7937883641E-11
    0.1512031574E-09   -0.3107375395E-12    0.9649577956E-09    0.5699051743E-08    0.0000000000E+00    0.0000000000E+00    0.0000000000E+00   -0.1914400023E-12    0.1260566301E-11
   -0.1447325759E-10    0.2924290011E-13   -0.9201272444E-10   -0.5432632202E-09    0.0000000000E+00    0.0000000000E+00    0.0000000000E+00    0.1644172559E-13   -0.1081836649E-12
 l,ispin:           2           1
 psi n=1,noccmax(l):
    0.9747360741E-01   -0.5331015701E-01   -0.4199519236E-01   -0.7575783099E-01    0.0000000000E+00    0.0000000000E+00    0.0000000000E+00   -0.1233855490E+01
   -0.3261643825E+00    0.1790106484E+00    0.1400607571E+00    0.2684679602E+00    0.0000000000E+00    0.0000000000E+00    0.0000000000E+00    0.8364911956E+01
    0.5108334959E+00   -0.2826216319E+00   -0.2104575130E+00   -0.5556523382E+00    0.0000000000E+00    0.0000000000E+00    0.0000000000E+00   -0.1808488653E+02
   -0.4696800675E+00    0.2648503637E+00    0.1674565341E+00    0.8812771054E+00    0.0000000000E+00    0.0000000000E+00    0.0000000000E+00    0.2009333678E+02
    0.2799636085E+00   -0.1651955200E+00   -0.5587857297E-01   -0.1133123600E+01    0.0000000000E+00    0.0000000000E+00    0.0000000000E+00   -0.1450748486E+02
   -0.1573376999E+00    0.9777209453E-01   -0.1263565628E-01    0.1209084668E+01    0.0000000000E+00    0.0000000000E+00    0.0000000000E+00    0.1191858395E+02
    0.1912644349E+00   -0.1127622954E+00   -0.8813067009E-02   -0.1104445982E+01    0.0000000000E+00    0.0000000000E+00    0.0000000000E+00   -0.2153226920E+02
    0.4457611544E-01   -0.8238544124E-02   -0.9528383600E-01    0.1073515645E+01    0.0000000000E+00    0.0000000000E+00    0.0000000000E+00   -0.8081059912E+01
   -0.4444215626E+00    0.2313538253E+00    0.3078093714E+00   -0.1143802975E+01    0.0000000000E+00    0.0000000000E+00    0.0000000000E+00   -0.3885287119E+01
   -0.2170717191E+00    0.9879412224E-01    0.1940755404E-01    0.6902521138E+00    0.0000000000E+00    0.0000000000E+00    0.0000000000E+00   -0.1427334388E+01
    0.1049599457E+00   -0.5614444495E-01    0.1270431556E-02   -0.5776237680E+00    0.0000000000E+00    0.0000000000E+00    0.0000000000E+00   -0.6962377575E+00
    0.6763304155E-01   -0.3500960760E-01   -0.8149438016E-01    0.5513006656E+00    0.0000000000E+00    0.0000000000E+00    0.0000000000E+00   -0.1972170943E+00
    0.2071359498E+00   -0.1168840218E+00   -0.8007393389E-01   -0.3005399982E+00    0.0000000000E+00    0.0000000000E+00    0.0000000000E+00   -0.9496877536E-01
    0.6573455871E-01   -0.2067042806E-01   -0.4476645629E-01    0.3492960601E+00    0.0000000000E+00    0.0000000000E+00    0.0000000000E+00   -0.1679731822E-01
    0.7449736667E-01   -0.5519954378E-01   -0.3733673669E-01   -0.2093558670E+00    0.0000000000E+00    0.0000000000E+00    0.0000000000E+00   -0.1074138954E-01
    0.2676275565E-01    0.1100070436E-02   -0.1014967785E-01    0.2102497904E+00    0.0000000000E+00    0.0000000000E+00    0.0000000000E+00   -0.4970031460E-03
    0.2393038791E-01   -0.3001697352E-01   -0.2884453728E-01   -0.1284941524E+00    0.0000000000E+00    0.0000000000E+00    0.0000000000E+00   -0.1106453186E-02
    0.1035664876E-01    0.6285987728E-02    0.1336901767E-01    0.1068433859E+00    0.0000000000E+00    0.0000000000E+00    0.0000000000E+00    0.1827050610E-03
    0.4722066704E-02   -0.4525884617E-02   -0.1326686224E-01   -0.7831912880E-01    0.0000000000E+00    0.0000000000E+00    0.0000000000E+00   -0.1232599849E-03
    0.1962026396E-02   -0.6647105333E-03    0.6942683440E-02    0.6346069251E-01    0.0000000000E+00    0.0000000000E+00    0.0000000000E+00    0.4363330925E-04
    0.6922831930E-03    0.2595805798E-02    0.6631020103E-02   -0.8712246992E-01    0.0000000000E+00    0.0000000000E+00    0.0000000000E+00   -0.1765419357E-04
    0.4399984208E-04    0.3641780046E-02    0.1144264155E-01    0.4163922168E-01    0.0000000000E+00    0.0000000000E+00    0.0000000000E+00    0.6775486604E-05
    0.1483468496E-04    0.8758743400E-03   -0.9732637821E-02    0.1126924201E-01    0.0000000000E+00    0.0000000000E+00    0.0000000000E+00   -0.2536406727E-05
   -0.7046603997E-05   -0.1574248395E-03    0.7958538332E-03   -0.1390282439E-01    0.0000000000E+00    0.0000000000E+00    0.0000000000E+00    0.9240814789E-06
    0.3093203820E-05    0.4881621517E-04   -0.1973019427E-03    0.4260661584E-02    0.0000000000E+00    0.0000000000E+00    0.0000000000E+00   -0.3279311575E-06
   -0.1295762553E-05   -0.1705961265E-04    0.6150952382E-04   -0.1444701640E-02    0.0000000000E+00    0.0000000000E+00    0.0000000000E+00    0.1135623887E-06
    0.5254920193E-06    0.6205500654E-05   -0.2086894212E-04    0.5113952417E-03    0.0000000000E+00    0.0000000000E+00    0.0000000000E+00   -0.3847119355E-07
   -0.2079468227E-06   -0.2289462463E-05    0.7355498746E-05   -0.1844711984E-03    0.0000000000E+00    0.0000000000E+00    0.0000000000E+00    0.1278271531E-07
    0.8069496076E-07    0.8476692608E-06   -0.2640137648E-05    0.6707784315E-04    0.0000000000E+00    0.0000000000E+00    0.0000000000E+00   -0.4175439509E-08
   -0.3079745217E-07   -0.3132525955E-06    0.9549343502E-06   -0.2443926386E-04    0.0000000000E+00    0.0000000000E+00    0.0000000000E+00    0.1342985859E-08
    0.1157167215E-07    0.1150893012E-06   -0.3456234669E-06    0.8881065250E-05    0.0000000000E+00    0.0000000000E+00    0.0000000000E+00   -0.4255632329E-09
   -0.4276150314E-08   -0.4186567478E-07    0.1244094570E-06   -0.3203677593E-05    0.0000000000E+00    0.0000000000E+00    0.0000000000E+00    0.1327330778E-09
    0.1548884834E-08    0.1499707545E-07   -0.4423636608E-07    0.1140363768E-05    0.0000000000E+00    0.0000000000E+00    0.0000000000E+00   -0.4063127467E-10
   -0.5463950621E-09   -0.5249136794E-08    0.1540230477E-07   -0.3972438408E-06    0.0000000000E+00    0.0000000000E+00    0.0000000000E+00    0.1213856326E-10
    0.1857391567E-09    0.1774483863E-08   -0.5187545343E-08    0.1338132244E-06    0.0000000000E+00    0.0000000000E+00    0.0000000000E+00   -0.3505544053E-11
   -0.5983235733E-10   -0.5693697013E-09    0.1660148645E-08   -0.4282299715E-07    0.0000000000E+00    0.0000000000E+00    0.0000000000E+00    0.9636847034E-12
    0.1779344569E-10    0.1688515838E-09   -0.4914203788E-09    0.1267484983E-07    0.0000000000E+00    0.0000000000E+00    0.0000000000E+00   -0.2460673088E-12
   -0.4687329182E-11   -0.4439252416E-10    0.1290293435E-09   -0.3327561243E-08    0.0000000000E+00    0.0000000000E+00    0.0000000000E+00    0.5609812355E-13
    0.1021445805E-11    0.9660265277E-11   -0.2805205884E-10    0.7233524161E-09    0.0000000000E+00    0.0000000000E+00    0.0000000000E+00   -0.1068420432E-13
   -0.1623678980E-12   -0.1534054064E-11    0.4451754064E-11   -0.1147807682E-09    0.0000000000E+00    0.0000000000E+00    0.0000000000E+00    0.1501873624E-14
    0.1394429783E-13    0.1316527262E-12   -0.3818726181E-12    0.9845017135E-11    0.0000000000E+00    0.0000000000E+00    0.0000000000E+00   -0.1155989954E-15
 l,ispin:           2           2
 psi n=1,noccmax(l):
    0.1325559787E+00    0.6304044336E-01    0.4985889272E-01   -0.5920940894E-01    0.0000000000E+00    0.0000000000E+00    0.0000000000E+00   -0.1247857198E+01
   -0.4483785073E+00   -0.2136668702E+00   -0.1682040547E+00    0.2101769096E+00    0.0000000000E+00    0.0000000000E+00    0.0000000000E+00    0.8535446398E+01
    0.7069046396E+00    0.3380177181E+00    0.2540764128E+00   -0.4547594839E+00    0.0000000000E+00    0.0000000000E+00    0.0000000000E+00   -0.1849360915E+02
   -0.6506650968E+00   -0.3133076057E+00   -0.2010287070E+00    0.7674328488E+00    0.0000000000E+00    0.0000000000E+00    0.0000000000E+00    0.2056386326E+02
    0.3842640707E+00    0.1878084837E+00    0.6308290824E-01   -0.1032784951E+01    0.0000000000E+00    0.0000000000E+00    0.0000000000E+00   -0.1485671373E+02
   -0.2025637708E+00   -0.9993317518E-01    0.2501292078E-01    0.1126539054E+01    0.0000000000E+00    0.0000000000E+00    0.0000000000E+00    0.1223827081E+02
    0.2455689193E+00    0.1179663240E+00    0.5000415486E-03   -0.1024651383E+01    0.0000000000E+00    0.0000000000E+00    0.0000000000E+00   -0.2219412998E+02
   -0.1444065604E-01   -0.1320290293E-01    0.8634958574E-01    0.9869138315E+00    0.0000000000E+00    0.0000000000E+00    0.0000000000E+00   -0.8351110491E+01
   -0.5563313403E+00   -0.2667258890E+00   -0.3519006973E+00   -0.1118700897E+01    0.0000000000E+00    0.0000000000E+00    0.0000000000E+00   -0.3989722130E+01
   -0.1716731531E+00   -0.5776088843E-01    0.2869928866E-01    0.6819306068E+00    0.0000000000E+00    0.0000000000E+00    0.0000000000E+00   -0.1435296625E+01
    0.1649190654E+00    0.7142614493E-01    0.5968329221E-02   -0.5261520952E+00    0.0000000000E+00    0.0000000000E+00    0.0000000000E+00   -0.6915276596E+00
    0.1228367723E+00    0.6234876228E-01    0.1143246702E+00    0.5467590973E+00    0.0000000000E+00    0.0000000000E+00    0.0000000000E+00   -0.1887083390E+00
    0.2309899752E+00    0.1130297096E+00    0.7097270516E-01   -0.2809890509E+00    0.0000000000E+00    0.0000000000E+00    0.0000000000E+00   -0.9017972578E-01
    0.7883068550E-01    0.2582556267E-01    0.5452767431E-01    0.3357954822E+00    0.0000000000E+00    0.0000000000E+00    0.0000000000E+00   -0.1450238169E-01
    0.7877401930E-01    0.5126370421E-01    0.2929297572E-01   -0.1994918470E+00    0.0000000000E+00    0.0000000000E+00    0.0000000000E+00   -0.9716079120E-02
    0.2824955241E-01   -0.4575494815E-03    0.1454209314E-01    0.2006591695E+00    0.0000000000E+00    0.0000000000E+00    0.0000000000E+00   -0.1240507656E-03
    0.2378550086E-01    0.2753883380E-01    0.2269043639E-01   -0.1247559386E+00    0.0000000000E+00    0.0000000000E+00    0.0000000000E+00   -0.9719883645E-03
    0.9026053357E-02   -0.7623724442E-02   -0.1232844868E-01    0.1000625164E+00    0.0000000000E+00    0.0000000000E+00    0.0000000000E+00    0.2092017974E-03
    0.4269029998E-02    0.3812760416E-02    0.1088773183E-01   -0.7487396527E-01    0.0000000000E+00    0.0000000000E+00    0.0000000000E+00   -0.1155462173E-03
    0.1431855413E-02   -0.2274038694E-03   -0.7484415902E-02    0.5684305438E-01    0.0000000000E+00    0.0000000000E+00    0.0000000000E+00    0.4342244183E-04
    0.4956551558E-03   -0.2956958784E-02   -0.7571279965E-02   -0.8270776991E-01    0.0000000000E+00    0.0000000000E+00    0.0000000000E+00   -0.1727628255E-04
   -0.3075395703E-05   -0.3433130885E-02   -0.9236276248E-02    0.4444736070E-01    0.0000000000E+00    0.0000000000E+00    0.0000000000E+00    0.6635880973E-05
    0.1891872823E-04   -0.7176413016E-03    0.9145288371E-02    0.7460139621E-02    0.0000000000E+00    0.0000000000E+00    0.0000000000E+00   -0.2485160970E-05
   -0.8623343654E-05    0.1289305403E-03   -0.8525015969E-03   -0.1232987067E-01    0.0000000000E+00    0.0000000000E+00    0.0000000000E+00    0.9066869308E-06
    0.3712335020E-05   -0.3996876370E-04    0.2217887394E-03    0.3821684341E-02    0.0000000000E+00    0.0000000000E+00    0.0000000000E+00   -0.3224852774E-06
   -0.1540531387E-05    0.1397393433E-04   -0.7092568228E-04   -0.1302331888E-02    0.0000000000E+00    0.0000000000E+00    0.0000000000E+00    0.1119953682E-06
    0.6217469067E-06   -0.5086075693E-05    0.2443683495E-04    0.4623024070E-03    0.0000000000E+00    0.0000000000E+00    0.0000000000E+00   -0.3805997163E-07
   -0.2454285472E-06    0.1877507358E-05   -0.8698314518E-05   -0.1670599078E-03    0.0000000000E+00    0.0000000000E+00    0.0000000000E+00    0.1268624097E-07
    0.9512509459E-07   -0.6954731004E-06    0.3142420516E-05    0.6081899074E-04    0.0000000000E+00    0.0000000000E+00    0.0000000000E+00   -0.4156310838E-08
   -0.3628591902E-07    0.2571076509E-06   -0.1141538318E-05   -0.2217700522E-04    0.0000000000E+00    0.0000000000E+00    0.0000000000E+00    0.1340402904E-08
    0.1363178508E-07   -0.9449003987E-07    0.4143675661E-06    0.8063568483E-05    0.0000000000E+00    0.0000000000E+00    0.0000000000E+00   -0.4257179830E-09
   -0.5037587661E-08    0.3438032593E-07   -0.1494489278E-06   -0.2909947686E-05    0.0000000000E+00    0.0000000000E+00    0.0000000000E+00    0.1330342708E-09
    0.1824893958E-08   -0.1231785741E-07    0.5321095741E-07    0.1036103108E-05    0.0000000000E+00    0.0000000000E+00    0.0000000000E+00   -0.4078635752E-10
   -0.6438520551E-09    0.4311955501E-08   -0.1854402050E-07   -0.3609974335E-06    0.0000000000E+00    0.0000000000E+00    0.0000000000E+00    0.1219984277E-10
    0.2188987536E-09   -0.1457812379E-08    0.6249577537E-08    0.1216208530E-06    0.0000000000E+00    0.0000000000E+00    0.0000000000E+00   -0.3526619728E-11
   -0.7052293760E-10    0.4677954906E-09   -0.2000877894E-08   -0.3892514082E-07    0.0000000000E+00    0.0000000000E+00    0.0000000000E+00    0.9701954841E-12
    0.2097493633E-10   -0.1387364400E-09    0.5924520576E-09    0.1152198570E-07    0.0000000000E+00    0.0000000000E+00    0.0000000000E+00   -0.2478695223E-12
   -0.5525912453E-11    0.3647646238E-10   -0.1555876471E-09   -0.3025052252E-08    0.0000000000E+00    0.0000000000E+00    0.0000000000E+00    0.5653307780E-13
    0.1204270821E-11   -0.7937883641E-11    0.3383067911E-10    0.6576163861E-09    0.0000000000E+00    0.0000000000E+00    0.0000000000E+00   -0.1077048374E-13
   -0.1914400023E-12    0.1260566301E-11   -0.5369302579E-11   -0.1043525571E-09    0.0000000000E+00    0.0000000000E+00    0.0000000000E+00    0.1514361804E-14
    0.1644172559E-13   -0.1081836649E-12    0.4606098777E-12    0.8950730068E-11    0.0000000000E+00    0.0000000000E+00    0.0000000000E+00   -0.1165806915E-15
 l,ispin:           3           1
 psi n=1,noccmax(l):
   -0.1233855490E+01    0.6779500173E-01    0.4736006885E-01   -0.1759183098E+00    0.0000000000E+00    0.0000000000E+00    0.0000000000E+00
    0.8364911956E+01   -0.4165276842E+00   -0.4594991672E+00    0.1005954479E+00    0.0000000000E+00    0.0000000000E+00    0.0000000000E+00
   -0.1808488653E+02    0.8811932384E+00    0.1055378490E+01    0.2714922098E+00    0.0000000000E+00    0.0000000000E+00    0.0000000000E+00
    0.2009333678E+02   -0.9786329980E+00   -0.1172249815E+01   -0.3024474996E+00    0.0000000000E+00    0.0000000000E+00    0.0000000000E+00
   -0.1450748486E+02    0.7157399272E+00    0.8127880389E+00   -0.3789130388E-01    0.0000000000E+00    0.0000000000E+00    0.0000000000E+00
    0.1191858395E+02   -0.5847225752E+00   -0.6605661026E+00    0.4837812537E-01    0.0000000000E+00    0.0000000000E+00    0.0000000000E+00
   -0.2153226920E+02    0.1004529494E+01    0.1296131098E+01    0.8675970735E+00    0.0000000000E+00    0.0000000000E+00    0.0000000000E+00
   -0.8081059912E+01    0.3527042687E+00    0.6022923358E+00    0.1157568918E+01    0.0000000000E+00    0.0000000000E+00    0.0000000000E+00
   -0.3885287119E+01    0.2058486929E+00    0.2268437784E+00   -0.6306355125E-01    0.0000000000E+00    0.0000000000E+00    0.0000000000E+00
   -0.1427334388E+01    0.7076822530E-01    0.1537812749E+00    0.4121301234E+00    0.0000000000E+00    0.0000000000E+00    0.0000000000E+00
   -0.6962377575E+00    0.3337331606E-01    0.1229893404E-01   -0.1465225705E+00    0.0000000000E+00    0.0000000000E+00    0.0000000000E+00
   -0.1972170943E+00    0.9537291713E-02    0.3848826758E-01    0.1555949017E+00    0.0000000000E+00    0.0000000000E+00    0.0000000000E+00
   -0.9496877536E-01    0.1955783761E-02   -0.1532865484E-01   -0.9516287120E-01    0.0000000000E+00    0.0000000000E+00    0.0000000000E+00
   -0.1679731822E-01   -0.1702002262E-02    0.9422746510E-02    0.6342709356E-01    0.0000000000E+00    0.0000000000E+00    0.0000000000E+00
   -0.1074138954E-01    0.7151794257E-03   -0.8021400119E-02   -0.4665291207E-01    0.0000000000E+00    0.0000000000E+00    0.0000000000E+00
   -0.4970031460E-03   -0.2398365237E-02    0.2549944008E-02    0.2886191610E-01    0.0000000000E+00    0.0000000000E+00    0.0000000000E+00
   -0.1106453186E-02    0.1109767649E-02   -0.2900747184E-02   -0.2257411753E-01    0.0000000000E+00    0.0000000000E+00    0.0000000000E+00
    0.1827050610E-03   -0.2232774353E-02   -0.1321297320E-02    0.1123416672E-01    0.0000000000E+00    0.0000000000E+00    0.0000000000E+00
   -0.1232599849E-03    0.1192276719E-03   -0.5590066511E-03   -0.9552883851E-02    0.0000000000E+00    0.0000000000E+00    0.0000000000E+00
    0.4363330925E-04   -0.4695947613E-03   -0.9805689862E-03    0.4025468316E-02    0.0000000000E+00    0.0000000000E+00    0.0000000000E+00
   -0.1765419357E-04   -0.4143567884E-03   -0.1112630698E-02   -0.6337803712E-02    0.0000000000E+00    0.0000000000E+00    0.0000000000E+00
    0.6775486604E-05   -0.3776844540E-03   -0.3031529203E-03    0.4885998255E-02    0.0000000000E+00    0.0000000000E+00    0.0000000000E+00
   -0.2536406727E-05   -0.5546945542E-04    0.6542547322E-03   -0.6815625947E-03    0.0000000000E+00    0.0000000000E+00    0.0000000000E+00
    0.9240814789E-06    0.7656494164E-05   -0.6772860493E-04   -0.3716930335E-03    0.0000000000E+00    0.0000000000E+00    0.0000000000E+00
   -0.3279311575E-06   -0.1889081887E-05    0.1598470761E-04    0.1030111394E-03    0.0000000000E+00    0.0000000000E+00    0.0000000000E+00
    0.1135623887E-06    0.5350638013E-06   -0.4439440888E-05   -0.3000265661E-04    0.0000000000E+00    0.0000000000E+00    0.0000000000E+00
   -0.3847119355E-07   -0.1593789807E-06    0.1305460534E-05    0.8988705675E-05    0.0000000000E+00    0.0000000000E+00    0.0000000000E+00
    0.1278271531E-07    0.4847101164E-07   -0.3932187312E-06   -0.2728329963E-05    0.0000000000E+00    0.0000000000E+00    0.0000000000E+00
   -0.4175439509E-08   -0.1486362704E-07    0.1196855252E-06    0.8327775272E-06    0.0000000000E+00    0.0000000000E+00    0.0000000000E+00
    0.1342985859E-08    0.4566141112E-08   -0.3655589974E-07   -0.2545101834E-06    0.0000000000E+00    0.0000000000E+00    0.0000000000E+00
   -0.4255632329E-09   -0.1399028590E-08    0.1115074421E-07    0.7760429269E-07    0.0000000000E+00    0.0000000000E+00    0.0000000000E+00
    0.1327330778E-09    0.4257004991E-09   -0.3381496955E-08   -0.2351592583E-07    0.0000000000E+00    0.0000000000E+00    0.0000000000E+00
   -0.4063127467E-10   -0.1279673048E-09    0.1013890142E-08    0.7044978266E-08    0.0000000000E+00    0.0000000000E+00    0.0000000000E+00
    0.1213856326E-10    0.3772445743E-10   -0.2983184426E-09   -0.2071225829E-08    0.0000000000E+00    0.0000000000E+00    0.0000000000E+00
   -0.3505544053E-11   -0.1078897775E-10    0.8519525675E-10    0.5911087255E-09    0.0000000000E+00    0.0000000000E+00    0.0000000000E+00
    0.9636847034E-12    0.2944910377E-11   -0.2322984943E-10   -0.1610847342E-09    0.0000000000E+00    0.0000000000E+00    0.0000000000E+00
   -0.2460673088E-12   -0.7480715351E-12    0.5896274854E-11    0.4086864908E-10    0.0000000000E+00    0.0000000000E+00    0.0000000000E+00
    0.5609812355E-13    0.1699045563E-12   -0.1338413292E-11   -0.9273626932E-11    0.0000000000E+00    0.0000000000E+00    0.0000000000E+00
   -0.1068420432E-13   -0.3227127171E-13    0.2541083601E-12    0.1760192742E-11    0.0000000000E+00    0.0000000000E+00    0.0000000000E+00
    0.1501873624E-14    0.4527436012E-14   -0.3563874049E-13   -0.2468162511E-12    0.0000000000E+00    0.0000000000E+00    0.0000000000E+00
   -0.1155989954E-15   -0.3479817218E-15    0.2738608837E-14    0.1896329428E-13    0.0000000000E+00    0.0000000000E+00    0.0000000000E+00
 l,ispin:           3           2
 psi n=1,noccmax(l):
   -0.1247857198E+01    0.6120959926E-01    0.3947485515E-01   -0.1805190961E+00    0.0000000000E+00    0.0000000000E+00    0.0000000000E+00
    0.8535446398E+01   -0.3749824811E+00   -0.4105868713E+00    0.1398554531E+00    0.0000000000E+00    0.0000000000E+00    0.0000000000E+00
   -0.1849360915E+02    0.7930151581E+00    0.9520381356E+00    0.1834383925E+00    0.0000000000E+00    0.0000000000E+00    0.0000000000E+00
    0.2056386326E+02   -0.8813317928E+00   -0.1058413386E+01   -0.2057545560E+00    0.0000000000E+00    0.0000000000E+00    0.0000000000E+00
   -0.1485671373E+02    0.6458697538E+00    0.7311551781E+00   -0.1039121835E+00    0.0000000000E+00    0.0000000000E+00    0.0000000000E+00
    0.1223827081E+02   -0.5285467106E+00   -0.5952692359E+00    0.1004342941E+00    0.0000000000E+00    0.0000000000E+00    0.0000000000E+00
   -0.2219412998E+02    0.9058294466E+00    0.1182094643E+01    0.7659425769E+00    0.0000000000E+00    0.0000000000E+00    0.0000000000E+00
   -0.8351110491E+01    0.3168782907E+00    0.5613310805E+00    0.1111567854E+01    0.0000000000E+00    0.0000000000E+00    0.0000000000E+00
   -0.3989722130E+01    0.1882164020E+00    0.2067252454E+00   -0.7756199560E-01    0.0000000000E+00    0.0000000000E+00    0.0000000000E+00
   -0.1435296625E+01    0.6312407077E-01    0.1446830922E+00    0.3996743924E+00    0.0000000000E+00    0.0000000000E+00    0.0000000000E+00
   -0.6915276596E+00    0.2906384796E-01    0.6980510622E-02   -0.1496888914E+00    0.0000000000E+00    0.0000000000E+00    0.0000000000E+00
   -0.1887083390E+00    0.8048497843E-02    0.3658264849E-01    0.1519548988E+00    0.0000000000E+00    0.0000000000E+00    0.0000000000E+00
   -0.9017972578E-01    0.1051634328E-02   -0.1655291267E-01   -0.9543299212E-01    0.0000000000E+00    0.0000000000E+00    0.0000000000E+00
   -0.1450238169E-01   -0.1923047241E-02    0.9119261406E-02    0.6233785754E-01    0.0000000000E+00    0.0000000000E+00    0.0000000000E+00
   -0.9716079120E-02    0.5446822882E-03   -0.8280646868E-02   -0.4645731935E-01    0.0000000000E+00    0.0000000000E+00    0.0000000000E+00
   -0.1240507656E-03   -0.2430568588E-02    0.2508849014E-02    0.2846947201E-01    0.0000000000E+00    0.0000000000E+00    0.0000000000E+00
   -0.9719883645E-03    0.1070475233E-02   -0.2979855347E-02   -0.2245201673E-01    0.0000000000E+00    0.0000000000E+00    0.0000000000E+00
    0.2092017974E-03   -0.2238822667E-02   -0.1318878288E-02    0.1109580929E-01    0.0000000000E+00    0.0000000000E+00    0.0000000000E+00
   -0.1155462173E-03    0.1124358494E-03   -0.5779616423E-03   -0.9481321519E-02    0.0000000000E+00    0.0000000000E+00    0.0000000000E+00
    0.4342244183E-04   -0.4717003781E-03   -0.9812151422E-03    0.3959301051E-02    0.0000000000E+00    0.0000000000E+00    0.0000000000E+00
   -0.1727628255E-04   -0.4150130015E-03   -0.1110228277E-02   -0.6261546852E-02    0.0000000000E+00    0.0000000000E+00    0.0000000000E+00
    0.6635880973E-05   -0.3764557098E-03   -0.2923644829E-03    0.4871384559E-02    0.0000000000E+00    0.0000000000E+00    0.0000000000E+00
   -0.2485160970E-05   -0.5509531576E-04    0.6500474199E-03   -0.6942887788E-03    0.0000000000E+00    0.0000000000E+00    0.0000000000E+00
    0.9066869308E-06    0.7605913505E-05   -0.6752297490E-04   -0.3650007258E-03    0.0000000000E+00    0.0000000000E+00    0.0000000000E+00
   -0.3224852774E-06   -0.1876859765E-05    0.1594845986E-04    0.1013170049E-03    0.0000000000E+00    0.0000000000E+00    0.0000000000E+00
    0.1119953682E-06    0.5316658419E-06   -0.4430851232E-05   -0.2952640864E-04    0.0000000000E+00    0.0000000000E+00    0.0000000000E+00
   -0.3805997163E-07   -0.1583813314E-06    0.1303176561E-05    0.8848737176E-05    0.0000000000E+00    0.0000000000E+00    0.0000000000E+00
    0.1268624097E-07    0.4817081118E-07   -0.3925763634E-06   -0.2686346264E-05    0.0000000000E+00    0.0000000000E+00    0.0000000000E+00
   -0.4156310838E-08   -0.1477227266E-07    0.1194992041E-06    0.8200620984E-06    0.0000000000E+00    0.0000000000E+00    0.0000000000E+00
    0.1340402904E-08    0.4538229177E-08   -0.3650091022E-07   -0.2506445979E-06    0.0000000000E+00    0.0000000000E+00    0.0000000000E+00
   -0.4257179830E-09   -0.1390509395E-08    0.1113437687E-07    0.7642989170E-07    0.0000000000E+00    0.0000000000E+00    0.0000000000E+00
    0.1330342708E-09    0.4231152436E-09   -0.3376619758E-08   -0.2316095375E-07    0.0000000000E+00    0.0000000000E+00    0.0000000000E+00
   -0.4078635752E-10   -0.1271916358E-09    0.1012445981E-08    0.6938822471E-08    0.0000000000E+00    0.0000000000E+00    0.0000000000E+00
    0.1219984277E-10    0.3749609470E-10   -0.2978973007E-09   -0.2040054676E-08    0.0000000000E+00    0.0000000000E+00    0.0000000000E+00
   -0.3526619728E-11   -0.1072372779E-10    0.8507574677E-10    0.5822205147E-09    0.0000000000E+00    0.0000000000E+00    0.0000000000E+00
    0.9701954841E-12    0.2927111569E-11   -0.2319741000E-10   -0.1586640665E-09    0.0000000000E+00    0.0000000000E+00    0.0000000000E+00
   -0.2478695223E-12   -0.7435522951E-12    0.5888067348E-11    0.4025476875E-10    0.0000000000E+00    0.0000000000E+00    0.0000000000E+00
    0.5653307780E-13    0.1688784559E-12   -0.1336554482E-11   -0.9134371835E-11    0.0000000000E+00    0.0000000000E+00    0.0000000000E+00
   -0.1077048374E-13   -0.3207641976E-13    0.2537560194E-12    0.1733766906E-11    0.0000000000E+00    0.0000000000E+00    0.0000000000E+00
    0.1514361804E-14    0.4500103869E-14   -0.3558938114E-13   -0.2431113490E-12    0.0000000000E+00    0.0000000000E+00    0.0000000000E+00
   -0.1165806915E-15   -0.3458811834E-15    0.2734818960E-14    0.1867867089E-13    0.0000000000E+00    0.0000000000E+00    0.0000000000E+00
