   40             4.00000 ng, rij 
     2.630     5.260                                       rcov,rprb 
 r                           (non)relativistic calculation
 PBE                         XC-functional
 93.000 15.000    0.4750000000    0.4717711220E+02   -0.4093081340E+01    0.0000000000E+00    0.0000000000E+00  znuc,zion,rloc,gpot()
   3                                                       lpx, (Projectors for l=0..lpx)
    0.4836920691   -0.1300143214E+01    0.6195405116E+00    0.2515136450E+00    0.6463799124E+00   -0.1668945757E+01    0.1324684628E+01  r_l(),hsep(), so=+0.5
    0.4014267106    0.5761482003E+01   -0.7165487610E+01    0.1412728670E+02    0.3393084020E+01   -0.8029502309E+01    0.5706609945E+01  r_l(),hsep(), so=+0.5
   -0.1181155910E+01    0.1081089703E+01   -0.1090041360E+01    0.1135967272E+00   -0.2688189205E+00    0.1910510348E+00         hsep(), so=-0.5
    0.6872766869    0.4365704611E+00    0.5432866208E+00   -0.6160291240E+00    0.0000000000E+00   -0.0000000000E+00    0.0000000000E+00  r_l(),hsep(), so=+0.5
    0.3078343067E+00    0.5363071305E+00   -0.6081151258E+00    0.0000000000E+00   -0.0000000000E+00    0.0000000000E+00         hsep(), so=-0.5
    0.3161974467   -0.1687719684E+02   -0.0000000000E+00    0.0000000000E+00    0.0000000000E+00   -0.0000000000E+00    0.0000000000E+00  r_l(),hsep(), so=+0.5
   -0.1700804214E+02   -0.0000000000E+00    0.0000000000E+00    0.0000000000E+00   -0.0000000000E+00    0.0000000000E+00         hsep(), so=-0.5
 ---------------------------------------------
 Additional information (last calculation):
 gaussian exponents:
 xp():   25.071930191655984        17.728531855955683        12.535965095827995        8.8642659279778435        6.2679825479139977        4.4321329639889226        3.1339912739570006        2.2160664819944622        1.5669956369785003        1.1080332409972313       0.78349781848925037       0.55401662049861577       0.39174890924462519       0.27700831024930794       0.19587445462231268       0.13850415512465403        9.7937227311156366E-002   6.9252077562327027E-002   4.8968613655578190E-002   3.4626038781163514E-002   2.4484306827789105E-002   1.7313019390581764E-002   1.2242153413894554E-002   8.6565096952908819E-003   6.1210767069472781E-003   4.3282548476454427E-003   3.0605383534736395E-003   2.1641274238227213E-003   1.5302691767368202E-003   1.0820637119113609E-003   7.6513458836841030E-004   5.4103185595568066E-004   3.8256729418420537E-004   2.7051592797784033E-004   1.9128364709210260E-004   1.3525796398892022E-004   9.5641823546051369E-005   6.7628981994460096E-005   4.7820911773025685E-005   3.3814490997230075E-005
 orbital coefficients (one orbital per column)
 l,ispin:           0           1
 psi n=1,noccmax(l):
   -0.3943967472E-01   -0.1520423669E-01   -0.6738705232E-02   -0.6796262117E-02    0.0000000000E+00    0.0000000000E+00    0.0000000000E+00    0.6290787633E-01   -0.1954111595E-01
    0.1581456126E+00    0.6174742774E-01    0.2510760975E-01    0.2702260978E-01    0.0000000000E+00    0.0000000000E+00    0.0000000000E+00   -0.2738389156E+00    0.8524369371E-01
   -0.1905633109E+00   -0.7613023809E-01   -0.1681260425E-01   -0.2949512668E-01    0.0000000000E+00    0.0000000000E+00    0.0000000000E+00    0.5544837421E+00   -0.1713421301E+00
   -0.2441124385E+00   -0.9436438560E-01   -0.1023927463E+00   -0.5908838488E-01    0.0000000000E+00    0.0000000000E+00    0.0000000000E+00   -0.6320485781E+00    0.1881758580E+00
    0.1397164896E+01    0.5666717970E+00    0.3955629964E+00    0.2957108462E+00    0.0000000000E+00    0.0000000000E+00    0.0000000000E+00    0.3345730119E+00   -0.7503053556E-01
   -0.3396926670E+01   -0.1442766726E+01   -0.9190046976E+00   -0.7337377586E+00    0.0000000000E+00    0.0000000000E+00    0.0000000000E+00    0.2392276972E+00   -0.1605419970E+00
    0.4393551391E+01    0.1988742708E+01    0.1277211328E+01    0.1028623368E+01    0.0000000000E+00    0.0000000000E+00    0.0000000000E+00   -0.2679109375E+00    0.2691764536E+00
    0.7891853743E+00    0.1751412891E+00   -0.1633722347E+00   -0.2243877820E-01    0.0000000000E+00    0.0000000000E+00    0.0000000000E+00   -0.1600069785E+01    0.3618102779E+00
   -0.4963702071E+01   -0.2237827992E+01   -0.9202809346E+00   -0.9673121110E+00    0.0000000000E+00    0.0000000000E+00    0.0000000000E+00    0.2179409879E+01   -0.7576506399E+00
   -0.2052673216E+00    0.1652014491E+00   -0.2529343298E+00   -0.4318932513E-01    0.0000000000E+00    0.0000000000E+00    0.0000000000E+00    0.7047195523E+00   -0.1362598791E+00
   -0.7956331849E-01   -0.3135099441E+00    0.2315066384E+00    0.7919532824E-02    0.0000000000E+00    0.0000000000E+00    0.0000000000E+00   -0.2270947607E-01   -0.4429821112E-01
    0.1017174148E+01    0.7661512617E+00   -0.5378804711E-01    0.1524611849E+00    0.0000000000E+00    0.0000000000E+00    0.0000000000E+00   -0.4189945606E+00    0.2127193724E+00
    0.7055714649E+00    0.2670075272E+00    0.7199178571E+00    0.4675806254E+00    0.0000000000E+00    0.0000000000E+00    0.0000000000E+00   -0.4086400844E+00    0.1049505930E+00
    0.4569685114E+00    0.6037606847E+00   -0.2671239108E+00   -0.9606289736E-01    0.0000000000E+00    0.0000000000E+00    0.0000000000E+00   -0.2571640203E+00    0.1814501984E+00
    0.1451492521E+00   -0.3973552721E+00    0.2806717404E+00    0.1260232407E+00    0.0000000000E+00    0.0000000000E+00    0.0000000000E+00   -0.1225724711E+00   -0.8278155323E-01
    0.5627014531E-01    0.7572552781E+00    0.3649242802E+00    0.5993985081E+00    0.0000000000E+00    0.0000000000E+00    0.0000000000E+00   -0.5949375417E-01    0.1930948802E+00
   -0.3108050254E-02   -0.5611966671E+00   -0.7326474442E+00   -0.1209011488E+01    0.0000000000E+00    0.0000000000E+00    0.0000000000E+00   -0.1446262495E-01   -0.1071975761E+00
    0.5521792992E-02    0.1333603347E+00    0.6644934288E+00    0.1525285334E+01    0.0000000000E+00    0.0000000000E+00    0.0000000000E+00   -0.3874400864E-02    0.2742501514E-01
   -0.3222182295E-02   -0.2320885944E+00   -0.6020571377E+00   -0.1829791732E+01    0.0000000000E+00    0.0000000000E+00    0.0000000000E+00   -0.7141616959E-04   -0.2555224780E-01
    0.2025668392E-02   -0.2519368353E-01    0.1884693075E-01    0.1204341254E+01    0.0000000000E+00    0.0000000000E+00    0.0000000000E+00   -0.1617347066E-03   -0.1458325925E-01
   -0.1279435530E-02   -0.8701402786E-01   -0.2054828127E+00   -0.1627253978E+01    0.0000000000E+00    0.0000000000E+00    0.0000000000E+00    0.7646109144E-04   -0.1705232240E-01
    0.8083341460E-03    0.1850491046E-01    0.6631075405E-01    0.1156730781E+01    0.0000000000E+00    0.0000000000E+00    0.0000000000E+00   -0.4046331555E-04   -0.5341780205E-02
   -0.5085379311E-03   -0.1748038165E-01    0.1948747462E+00    0.9536744248E+00    0.0000000000E+00    0.0000000000E+00    0.0000000000E+00    0.2127374831E-04   -0.1818816767E-02
    0.3174591850E-03    0.1071720411E-01    0.1811144721E-01   -0.1217329414E+01    0.0000000000E+00    0.0000000000E+00    0.0000000000E+00   -0.1105784815E-04    0.5888056676E-03
   -0.1961018648E-03   -0.6465803008E-02   -0.1486568979E-01    0.4352718783E+00    0.0000000000E+00    0.0000000000E+00    0.0000000000E+00    0.5661102094E-05   -0.2723034778E-03
    0.1196025033E-03    0.3814678097E-02    0.9584393161E-02   -0.1978502374E+00    0.0000000000E+00    0.0000000000E+00    0.0000000000E+00   -0.2848919820E-05    0.1289894689E-03
   -0.7188911027E-04   -0.2202963382E-02   -0.5743079741E-02    0.9773809040E-01    0.0000000000E+00    0.0000000000E+00    0.0000000000E+00    0.1408114109E-05   -0.6070078134E-04
    0.4251508144E-04    0.1247187364E-02    0.3303247978E-02   -0.4992834268E-01    0.0000000000E+00    0.0000000000E+00    0.0000000000E+00   -0.6833966379E-06    0.2821180564E-04
   -0.2469930818E-04   -0.6931206614E-03   -0.1846391834E-02    0.2583701125E-01    0.0000000000E+00    0.0000000000E+00    0.0000000000E+00    0.3256631071E-06   -0.1293729107E-04
    0.1407008268E-04    0.3783431480E-03    0.1008697048E-02   -0.1340207176E-01    0.0000000000E+00    0.0000000000E+00    0.0000000000E+00   -0.1523379505E-06    0.5852395546E-05
   -0.7840351915E-05   -0.2027032398E-03   -0.5396221638E-03    0.6919275206E-02    0.0000000000E+00    0.0000000000E+00    0.0000000000E+00    0.6988299471E-07   -0.2609157002E-05
    0.4258792254E-05    0.1063311906E-03    0.2823846595E-03   -0.3532500802E-02    0.0000000000E+00    0.0000000000E+00    0.0000000000E+00   -0.3136869825E-07    0.1143668499E-05
   -0.2243112290E-05   -0.5434670393E-04   -0.1439514601E-03    0.1769863246E-02    0.0000000000E+00    0.0000000000E+00    0.0000000000E+00    0.1372069047E-07   -0.4906295418E-06
    0.1136343680E-05    0.2684538453E-04    0.7093171457E-04   -0.8615277976E-03    0.0000000000E+00    0.0000000000E+00    0.0000000000E+00   -0.5806955754E-08    0.2044420143E-06
   -0.5468847210E-06   -0.1265446656E-04   -0.3336373057E-04    0.4017552322E-03    0.0000000000E+00    0.0000000000E+00    0.0000000000E+00    0.2351310548E-08   -0.8177022673E-07
    0.2453961293E-06    0.5583944539E-05    0.1469545214E-04   -0.1758813212E-03    0.0000000000E+00    0.0000000000E+00    0.0000000000E+00   -0.8949952085E-09    0.3082793674E-07
   -0.9978125273E-07   -0.2240481126E-05   -0.5887630702E-05    0.7016133148E-04    0.0000000000E+00    0.0000000000E+00    0.0000000000E+00    0.3116494381E-09   -0.1065566125E-07
    0.3518030338E-07    0.7817362131E-06    0.2051858768E-05   -0.2437646335E-04    0.0000000000E+00    0.0000000000E+00    0.0000000000E+00   -0.9513191175E-10    0.3234360056E-08
   -0.1001441738E-07   -0.2207380069E-06   -0.5788463796E-06    0.6861819453E-05    0.0000000000E+00    0.0000000000E+00    0.0000000000E+00    0.2373817965E-10   -0.8036233684E-09
    0.2023838305E-08    0.4433431647E-07    0.1161760557E-06   -0.1375054344E-05    0.0000000000E+00    0.0000000000E+00    0.0000000000E+00   -0.4263549429E-11    0.1438736071E-09
   -0.2145835665E-09   -0.4678691303E-08   -0.1225363675E-07    0.1448740205E-06    0.0000000000E+00    0.0000000000E+00    0.0000000000E+00    0.4077496376E-12   -0.1372659589E-10
 l,ispin:           1           1
 psi n=1,noccmax(l):
    0.6290787633E-01   -0.1954111595E-01   -0.1141561980E-01   -0.1746353027E-01    0.0000000000E+00    0.0000000000E+00    0.0000000000E+00    0.1639936531E-01   -0.8479055068E-02
   -0.2738389156E+00    0.8524369371E-01    0.4960770403E-01    0.7643456204E-01    0.0000000000E+00    0.0000000000E+00    0.0000000000E+00   -0.6744640896E-01    0.3543429719E-01
    0.5544837421E+00   -0.1713421301E+00   -0.9474558249E-01   -0.1595698905E+00    0.0000000000E+00    0.0000000000E+00    0.0000000000E+00    0.1311872311E+00   -0.7047649250E-01
   -0.6320485781E+00    0.1881758580E+00    0.8366617560E-01    0.1991272133E+00    0.0000000000E+00    0.0000000000E+00    0.0000000000E+00   -0.1414665261E+00    0.7948635316E-01
    0.3345730119E+00   -0.7503053556E-01    0.2453274438E-01   -0.1452873537E+00    0.0000000000E+00    0.0000000000E+00    0.0000000000E+00    0.4436916282E-01   -0.3459007322E-01
    0.2392276972E+00   -0.1605419970E+00   -0.2237167369E+00   -0.5902480523E-02    0.0000000000E+00    0.0000000000E+00    0.0000000000E+00    0.2082713556E+00   -0.8761311748E-01
   -0.2679109375E+00    0.2691764536E+00    0.3291580257E+00    0.8716504757E-01    0.0000000000E+00    0.0000000000E+00    0.0000000000E+00   -0.4598640740E+00    0.2197203695E+00
   -0.1600069785E+01    0.3618102779E+00    0.1350788734E+00    0.3576103065E+00    0.0000000000E+00    0.0000000000E+00    0.0000000000E+00   -0.7758264329E-01    0.2233607617E-01
    0.2179409879E+01   -0.7576506399E+00   -0.4491621704E+00   -0.6671874363E+00    0.0000000000E+00    0.0000000000E+00    0.0000000000E+00    0.6654367969E+00   -0.3209662523E+00
    0.7047195523E+00   -0.1362598791E+00   -0.2146244117E+00    0.4771863797E-01    0.0000000000E+00    0.0000000000E+00    0.0000000000E+00   -0.6707174407E-01    0.4493512075E-01
   -0.2270947607E-01   -0.4429821112E-01    0.8559767500E-01   -0.1532511238E+00    0.0000000000E+00    0.0000000000E+00    0.0000000000E+00    0.1001573208E+00   -0.5016469274E-01
   -0.4189945606E+00    0.2127193724E+00    0.4203419505E-01    0.2581033026E+00    0.0000000000E+00    0.0000000000E+00    0.0000000000E+00   -0.8728692720E-01    0.5502089079E-01
   -0.4086400844E+00    0.1049505930E+00    0.2035019691E+00   -0.4699845152E-02    0.0000000000E+00    0.0000000000E+00    0.0000000000E+00   -0.8500296954E-01    0.2818459540E-01
   -0.2571640203E+00    0.1814501984E+00    0.1972819363E-01    0.1956212893E+00    0.0000000000E+00    0.0000000000E+00    0.0000000000E+00   -0.8369881107E-01    0.5667145569E-01
   -0.1225724711E+00   -0.8278155323E-01    0.3401551841E-01   -0.1327307749E+00    0.0000000000E+00    0.0000000000E+00    0.0000000000E+00   -0.3291220757E-01   -0.5544194264E-02
   -0.5949375417E-01    0.1930948802E+00    0.1091998782E+00    0.2853360462E+00    0.0000000000E+00    0.0000000000E+00    0.0000000000E+00   -0.2555168101E-01    0.3473078747E-01
   -0.1446262495E-01   -0.1071975761E+00   -0.1035269003E+00   -0.3096868973E+00    0.0000000000E+00    0.0000000000E+00    0.0000000000E+00   -0.1826511266E-01   -0.3410528271E-02
   -0.3874400864E-02    0.2742501514E-01    0.6834718152E-01    0.3026140597E+00    0.0000000000E+00    0.0000000000E+00    0.0000000000E+00   -0.4728350462E-02    0.4374219004E-02
   -0.7141616959E-04   -0.2555224780E-01   -0.5666509060E-01   -0.3024862038E+00    0.0000000000E+00    0.0000000000E+00    0.0000000000E+00   -0.4122322565E-02    0.3218535862E-02
   -0.1617347066E-03   -0.1458325925E-01   -0.2472721095E-01    0.1798055919E+00    0.0000000000E+00    0.0000000000E+00    0.0000000000E+00   -0.9599887077E-03   -0.1209810525E-02
    0.7646109144E-04   -0.1705232240E-01   -0.1831342729E-01   -0.2373677488E+00    0.0000000000E+00    0.0000000000E+00    0.0000000000E+00   -0.5291100437E-03   -0.1147045133E-02
   -0.4046331555E-04   -0.5341780205E-02   -0.2007633381E-01    0.1231567772E+00    0.0000000000E+00    0.0000000000E+00    0.0000000000E+00    0.1322353792E-04   -0.1823678311E-02
    0.2127374831E-04   -0.1818816767E-02    0.3666321613E-01    0.1159461999E+00    0.0000000000E+00    0.0000000000E+00    0.0000000000E+00   -0.3175545803E-04   -0.1004643673E-02
   -0.1105784815E-04    0.5888056676E-03    0.5849031755E-03   -0.1130315847E+00    0.0000000000E+00    0.0000000000E+00    0.0000000000E+00    0.1355142543E-04    0.1089035524E-03
    0.5661102094E-05   -0.2723034778E-03   -0.3908413595E-03    0.3318698217E-01    0.0000000000E+00    0.0000000000E+00    0.0000000000E+00   -0.5722109811E-05   -0.3207849514E-04
   -0.2848919820E-05    0.1289894689E-03    0.2036550004E-03   -0.1243784669E-01    0.0000000000E+00    0.0000000000E+00    0.0000000000E+00    0.2353828833E-05    0.1100421123E-04
    0.1408114109E-05   -0.6070078134E-04   -0.1005525778E-03    0.5082430414E-02    0.0000000000E+00    0.0000000000E+00    0.0000000000E+00   -0.9459416024E-06   -0.3964554553E-05
   -0.6833966379E-06    0.2821180564E-04    0.4802662107E-04   -0.2154120167E-02    0.0000000000E+00    0.0000000000E+00    0.0000000000E+00    0.3726179402E-06    0.1454194199E-05
    0.3256631071E-06   -0.1293729107E-04   -0.2237289126E-04    0.9275405830E-03    0.0000000000E+00    0.0000000000E+00    0.0000000000E+00   -0.1442740675E-06   -0.5363761045E-06
   -0.1523379505E-06    0.5852395546E-05    0.1021130998E-04   -0.4014732593E-03    0.0000000000E+00    0.0000000000E+00    0.0000000000E+00    0.5500674295E-07    0.1977092033E-06
    0.6988299471E-07   -0.2609157002E-05   -0.4574716516E-05    0.1734588721E-03    0.0000000000E+00    0.0000000000E+00    0.0000000000E+00   -0.2065984825E-07   -0.7251059798E-07
   -0.3136869825E-07    0.1143668499E-05    0.2010260484E-05   -0.7434158458E-04    0.0000000000E+00    0.0000000000E+00    0.0000000000E+00    0.7633912777E-08    0.2634447743E-07
    0.1372069047E-07   -0.4906295418E-06   -0.8633831792E-06    0.3138045120E-04    0.0000000000E+00    0.0000000000E+00    0.0000000000E+00   -0.2765270681E-08   -0.9428893669E-08
   -0.5806955754E-08    0.2044420143E-06    0.3599065466E-06   -0.1292438884E-04    0.0000000000E+00    0.0000000000E+00    0.0000000000E+00    0.9756034514E-09    0.3298179445E-08
    0.2351310548E-08   -0.8177022673E-07   -0.1439501178E-06    0.5126020472E-05    0.0000000000E+00    0.0000000000E+00    0.0000000000E+00   -0.3316830441E-09   -0.1114468071E-08
   -0.8949952085E-09    0.3082793674E-07    0.5425957493E-07   -0.1920847408E-05    0.0000000000E+00    0.0000000000E+00    0.0000000000E+00    0.1068576872E-09    0.3574815185E-09
    0.3116494381E-09   -0.1065566125E-07   -0.1874978362E-07    0.6610395322E-06    0.0000000000E+00    0.0000000000E+00    0.0000000000E+00   -0.3178138295E-10   -0.1059904695E-09
   -0.9513191175E-10    0.3234360056E-08    0.5689634391E-08   -0.2000162751E-06    0.0000000000E+00    0.0000000000E+00    0.0000000000E+00    0.8372857557E-11    0.2786131717E-10
    0.2373817965E-10   -0.8036233684E-09   -0.1413313391E-08    0.4958419869E-07    0.0000000000E+00    0.0000000000E+00    0.0000000000E+00   -0.1824702061E-11   -0.6062207628E-11
   -0.4263549429E-11    0.1438736071E-09    0.2529719735E-09   -0.8862633462E-08    0.0000000000E+00    0.0000000000E+00    0.0000000000E+00    0.2900674428E-12    0.9626015983E-12
    0.4077496376E-12   -0.1372659589E-10   -0.2413105021E-10    0.8445694869E-09    0.0000000000E+00    0.0000000000E+00    0.0000000000E+00   -0.2491222444E-13   -0.8260571996E-13
 l,ispin:           1           2
 psi n=1,noccmax(l):
    0.9887025588E-01    0.2974523806E-01    0.1689644802E-01    0.2122834513E-01    0.0000000000E+00    0.0000000000E+00    0.0000000000E+00    0.1900333278E-01   -0.8606597638E-02
   -0.4363700843E+00   -0.1322167158E+00   -0.7521793950E-01   -0.9437649243E-01    0.0000000000E+00    0.0000000000E+00    0.0000000000E+00   -0.8301918136E-01    0.3833272717E-01
    0.8895982305E+00    0.2697924629E+00    0.1491826458E+00    0.1968631836E+00    0.0000000000E+00    0.0000000000E+00    0.0000000000E+00    0.1695421719E+00   -0.7975986111E-01
   -0.1005029170E+01   -0.3001102350E+00   -0.1468455353E+00   -0.2370803808E+00    0.0000000000E+00    0.0000000000E+00    0.0000000000E+00   -0.1922753819E+00    0.9299920367E-01
    0.4657799453E+00    0.1205922601E+00    0.3823551666E-02    0.1463601936E+00    0.0000000000E+00    0.0000000000E+00    0.0000000000E+00    0.7974540371E-01   -0.4481978199E-01
    0.9368638780E+00    0.3553263338E+00    0.3366212904E+00    0.1348329713E+00    0.0000000000E+00    0.0000000000E+00    0.0000000000E+00    0.2240844370E+00   -0.8983208501E-01
   -0.2849877872E+01   -0.1058505615E+01   -0.8309761530E+00   -0.5716459100E+00    0.0000000000E+00    0.0000000000E+00    0.0000000000E+00   -0.5704235181E+00    0.2538462778E+00
    0.1151622490E+01    0.5656526455E+00    0.5130571658E+00    0.2742350207E+00    0.0000000000E+00    0.0000000000E+00    0.0000000000E+00    0.1385889613E-01   -0.2527394641E-01
    0.2687966158E+01    0.8305553113E+00    0.4352397319E+00    0.6029419811E+00    0.0000000000E+00    0.0000000000E+00    0.0000000000E+00    0.7414891264E+00   -0.3247948286E+00
   -0.2117948594E+00   -0.1203354429E+00    0.3907921327E-01   -0.1676235231E+00    0.0000000000E+00    0.0000000000E+00    0.0000000000E+00   -0.8413736027E-01    0.4791071389E-01
   -0.2912958117E+00   -0.8150475900E-01   -0.1803363796E+00    0.2599605025E-01    0.0000000000E+00    0.0000000000E+00    0.0000000000E+00    0.7828541355E-01   -0.3453212139E-01
   -0.7413332047E+00   -0.3070907705E+00   -0.8400169242E-01   -0.2565303343E+00    0.0000000000E+00    0.0000000000E+00    0.0000000000E+00   -0.1159331713E+00    0.6280907047E-01
   -0.3799085867E+00   -0.1390083866E+00   -0.2301494479E+00   -0.5659933286E-01    0.0000000000E+00    0.0000000000E+00    0.0000000000E+00   -0.1009569393E+00    0.3312940253E-01
   -0.2565165189E+00   -0.1394930553E+00    0.4000704520E-01   -0.9719362432E-01    0.0000000000E+00    0.0000000000E+00    0.0000000000E+00   -0.9035114899E-01    0.5542441767E-01
   -0.6603950959E-01    0.6737612397E-01   -0.7569566942E-01    0.4477458925E-01    0.0000000000E+00    0.0000000000E+00    0.0000000000E+00   -0.3534841622E-01   -0.5313470503E-02
   -0.4191031529E-01   -0.1501549608E+00   -0.3798280512E-01   -0.1579763389E+00    0.0000000000E+00    0.0000000000E+00    0.0000000000E+00   -0.2743442171E-01    0.3473874062E-01
    0.3197807163E-02    0.1211383920E+00    0.9239564319E-01    0.2389018207E+00    0.0000000000E+00    0.0000000000E+00    0.0000000000E+00   -0.1694948958E-01   -0.5257841668E-02
   -0.5480854367E-02   -0.2060050524E-01   -0.5618908101E-01   -0.2327056033E+00    0.0000000000E+00    0.0000000000E+00    0.0000000000E+00   -0.4788847846E-02    0.4432948585E-02
    0.2758171527E-02    0.3776209398E-01    0.7093400686E-01    0.2745107747E+00    0.0000000000E+00    0.0000000000E+00    0.0000000000E+00   -0.3578326971E-02    0.2416708371E-02
   -0.1578777088E-02    0.1199196830E-01    0.1414412088E-01   -0.1610691874E+00    0.0000000000E+00    0.0000000000E+00    0.0000000000E+00   -0.7739331592E-03   -0.1444790677E-02
    0.8813298141E-03    0.1555487654E-01    0.1820739522E-01    0.2072734359E+00    0.0000000000E+00    0.0000000000E+00    0.0000000000E+00   -0.3947629093E-03   -0.1353190050E-02
   -0.4842615668E-03    0.1725938788E-02    0.1340728485E-02   -0.1620823896E+00    0.0000000000E+00    0.0000000000E+00    0.0000000000E+00    0.2308721726E-04   -0.1801308946E-02
    0.2614841195E-03    0.1543371779E-02   -0.2846430420E-01   -0.5142522713E-01    0.0000000000E+00    0.0000000000E+00    0.0000000000E+00   -0.2536983022E-04   -0.8996730707E-03
   -0.1386302076E-03   -0.6799782838E-03    0.5817029728E-03    0.8363919016E-01    0.0000000000E+00    0.0000000000E+00    0.0000000000E+00    0.1096170304E-04    0.1021510268E-03
    0.7212610806E-04    0.3351161928E-03   -0.5754241784E-05   -0.2540239738E-01    0.0000000000E+00    0.0000000000E+00    0.0000000000E+00   -0.4636348855E-05   -0.3044404203E-04
   -0.3681631564E-04   -0.1632760570E-03   -0.4766111994E-04    0.9652260504E-02    0.0000000000E+00    0.0000000000E+00    0.0000000000E+00    0.1909608392E-05    0.1051684447E-04
    0.1843635834E-04    0.7807728296E-04    0.3516187249E-04   -0.3973742711E-02    0.0000000000E+00    0.0000000000E+00    0.0000000000E+00   -0.7684041100E-06   -0.3806509642E-05
   -0.9057456856E-05   -0.3666203778E-04   -0.1984449351E-04    0.1692074285E-02    0.0000000000E+00    0.0000000000E+00    0.0000000000E+00    0.3030620898E-06    0.1400625328E-05
    0.4365221528E-05    0.1692999554E-04    0.1009223921E-04   -0.7308608668E-03    0.0000000000E+00    0.0000000000E+00    0.0000000000E+00   -0.1174775250E-06   -0.5177406476E-06
   -0.2063014106E-05   -0.7696129282E-05   -0.4848809926E-05    0.3170282048E-03    0.0000000000E+00    0.0000000000E+00    0.0000000000E+00    0.4483516135E-07    0.1911279150E-06
    0.9550356613E-06    0.3443156708E-05    0.2242578817E-05   -0.1371840552E-03    0.0000000000E+00    0.0000000000E+00    0.0000000000E+00   -0.1685378516E-07   -0.7017038234E-07
   -0.4320827456E-06   -0.1513041668E-05   -0.1005842503E-05    0.5885939484E-04    0.0000000000E+00    0.0000000000E+00    0.0000000000E+00    0.6231868034E-08    0.2551284372E-07
    0.1902564694E-06    0.6502745279E-06    0.4378571481E-06   -0.2486488789E-04    0.0000000000E+00    0.0000000000E+00    0.0000000000E+00   -0.2258651981E-08   -0.9135890136E-08
   -0.8096655743E-07   -0.2713239141E-06   -0.1841727386E-06    0.1024672712E-04    0.0000000000E+00    0.0000000000E+00    0.0000000000E+00    0.7972126057E-09    0.3196821505E-08
    0.3293142112E-07    0.1086251603E-06    0.7411086078E-07   -0.4065692725E-05    0.0000000000E+00    0.0000000000E+00    0.0000000000E+00   -0.2711257299E-09   -0.1080485984E-08
   -0.1257977839E-07   -0.4098099558E-07   -0.2805009216E-07    0.1523970156E-05    0.0000000000E+00    0.0000000000E+00    0.0000000000E+00    0.8737065919E-10    0.3466410912E-09
    0.4392786204E-08    0.1417222379E-07    0.9720161771E-08   -0.5245712287E-06    0.0000000000E+00    0.0000000000E+00    0.0000000000E+00   -0.2599069818E-10   -0.1027887494E-09
   -0.1343845335E-08   -0.4303333013E-08   -0.2955261103E-08    0.1587485604E-06    0.0000000000E+00    0.0000000000E+00    0.0000000000E+00    0.6848305096E-11    0.2702196646E-10
    0.3358923298E-09    0.1069508219E-08    0.7350590987E-09   -0.3935830276E-07    0.0000000000E+00    0.0000000000E+00    0.0000000000E+00   -0.1492620473E-11   -0.5879923123E-11
   -0.6040584944E-10   -0.1915118783E-09   -0.1316890457E-09    0.7035433144E-08    0.0000000000E+00    0.0000000000E+00    0.0000000000E+00    0.2372969202E-12    0.9336955217E-12
    0.5782550954E-11    0.1827415306E-10    0.1256969010E-10   -0.6704842646E-09    0.0000000000E+00    0.0000000000E+00    0.0000000000E+00   -0.2038130425E-13   -0.8012744856E-13
 l,ispin:           2           1
 psi n=1,noccmax(l):
    0.1639936531E-01   -0.8479055068E-02    0.2480526901E-02   -0.3526061822E-01    0.0000000000E+00    0.0000000000E+00    0.0000000000E+00    0.2623525980E+01
   -0.6744640896E-01    0.3543429719E-01   -0.2495091395E-02    0.1292286075E+00    0.0000000000E+00    0.0000000000E+00    0.0000000000E+00   -0.5662009634E+01
    0.1311872311E+00   -0.7047649250E-01    0.1946144161E-03   -0.2482579030E+00    0.0000000000E+00    0.0000000000E+00    0.0000000000E+00    0.4613292126E+01
   -0.1414665261E+00    0.7948635316E-01   -0.1616687726E-01    0.3249825921E+00    0.0000000000E+00    0.0000000000E+00    0.0000000000E+00   -0.8000855223E+00
    0.4436916282E-01   -0.3459007322E-01    0.7155735115E-01   -0.3148373464E+00    0.0000000000E+00    0.0000000000E+00    0.0000000000E+00   -0.4417134402E+00
    0.2082713556E+00   -0.8761311748E-01   -0.1894719406E+00    0.1963929130E+00    0.0000000000E+00    0.0000000000E+00    0.0000000000E+00   -0.2916487239E+01
   -0.4598640740E+00    0.2197203695E+00    0.3136383149E+00   -0.3701872123E-01    0.0000000000E+00    0.0000000000E+00    0.0000000000E+00    0.6821107049E+01
   -0.7758264329E-01    0.2233607617E-01   -0.7951545663E-01    0.2258674140E+00    0.0000000000E+00    0.0000000000E+00    0.0000000000E+00    0.4013819019E+01
    0.6654367969E+00   -0.3209662523E+00   -0.2263337751E+00   -0.4980933202E+00    0.0000000000E+00    0.0000000000E+00    0.0000000000E+00    0.1448086316E+01
   -0.6707174407E-01    0.4493512075E-01   -0.1811889019E-01    0.2076572377E+00    0.0000000000E+00    0.0000000000E+00    0.0000000000E+00    0.1090063864E+01
    0.1001573208E+00   -0.5016469274E-01    0.7313938248E-02   -0.1724455376E+00    0.0000000000E+00    0.0000000000E+00    0.0000000000E+00    0.3535300182E+00
   -0.8728692720E-01    0.5502089079E-01    0.1235307715E-01    0.1619084488E+00    0.0000000000E+00    0.0000000000E+00    0.0000000000E+00    0.2076290816E+00
   -0.8500296954E-01    0.2818459540E-01    0.5961360880E-01   -0.5785748883E-01    0.0000000000E+00    0.0000000000E+00    0.0000000000E+00    0.5478617264E-01
   -0.8369881107E-01    0.5667145569E-01    0.2970004411E-01    0.1263416010E+00    0.0000000000E+00    0.0000000000E+00    0.0000000000E+00    0.2993478542E-01
   -0.3291220757E-01   -0.5544194264E-02    0.9770106051E-02   -0.7020225702E-01    0.0000000000E+00    0.0000000000E+00    0.0000000000E+00    0.5509773117E-02
   -0.2555168101E-01    0.3473078747E-01    0.2723562255E-01    0.9866476849E-01    0.0000000000E+00    0.0000000000E+00    0.0000000000E+00    0.4145389598E-02
   -0.1826511266E-01   -0.3410528271E-02   -0.8229617958E-03   -0.6240542278E-01    0.0000000000E+00    0.0000000000E+00    0.0000000000E+00    0.3732870473E-03
   -0.4728350462E-02    0.4374219004E-02    0.1727068719E-02    0.5421034197E-01    0.0000000000E+00    0.0000000000E+00    0.0000000000E+00    0.4401853888E-03
   -0.4122322565E-02    0.3218535862E-02    0.7565244319E-02   -0.3411869161E-01    0.0000000000E+00    0.0000000000E+00    0.0000000000E+00   -0.1732567537E-04
   -0.9599887077E-03   -0.1209810525E-02   -0.8642167437E-02    0.2027979212E-01    0.0000000000E+00    0.0000000000E+00    0.0000000000E+00    0.4492246420E-04
   -0.5291100437E-03   -0.1147045133E-02    0.3333359483E-02   -0.2183699917E-01    0.0000000000E+00    0.0000000000E+00    0.0000000000E+00   -0.1150620906E-04
    0.1322353792E-04   -0.1823678311E-02   -0.1098991851E-01   -0.1004478289E-01    0.0000000000E+00    0.0000000000E+00    0.0000000000E+00    0.5146789032E-05
   -0.3175545803E-04   -0.1004643673E-02    0.4746990293E-02    0.2676123940E-01    0.0000000000E+00    0.0000000000E+00    0.0000000000E+00   -0.1912002706E-05
    0.1355142543E-04    0.1089035524E-03    0.9882277601E-03   -0.1335928133E-01    0.0000000000E+00    0.0000000000E+00    0.0000000000E+00    0.6987367103E-06
   -0.5722109811E-05   -0.3207849514E-04   -0.2755447608E-03    0.2957767269E-02    0.0000000000E+00    0.0000000000E+00    0.0000000000E+00   -0.2479310147E-06
    0.2353828833E-05    0.1100421123E-04    0.9006494185E-04   -0.8833017852E-03    0.0000000000E+00    0.0000000000E+00    0.0000000000E+00    0.8561086292E-07
   -0.9459416024E-06   -0.3964554553E-05   -0.3138451656E-04    0.2932224221E-03    0.0000000000E+00    0.0000000000E+00    0.0000000000E+00   -0.2886342512E-07
    0.3726179402E-06    0.1454194199E-05    0.1125011522E-04   -0.1019734909E-03    0.0000000000E+00    0.0000000000E+00    0.0000000000E+00    0.9534996728E-08
   -0.1442740675E-06   -0.5363761045E-06   -0.4082821909E-05    0.3626194626E-04    0.0000000000E+00    0.0000000000E+00    0.0000000000E+00   -0.3095872195E-08
    0.5500674295E-07    0.1977092033E-06    0.1487508237E-05   -0.1302529243E-04    0.0000000000E+00    0.0000000000E+00    0.0000000000E+00    0.9900677742E-09
   -0.2065984825E-07   -0.7251059798E-07   -0.5409546322E-06    0.4689377226E-05    0.0000000000E+00    0.0000000000E+00    0.0000000000E+00   -0.3121286130E-09
    0.7633912777E-08    0.2634447743E-07    0.1953290998E-06   -0.1681087144E-05    0.0000000000E+00    0.0000000000E+00    0.0000000000E+00    0.9692723540E-10
   -0.2765270681E-08   -0.9428893669E-08   -0.6959463189E-07    0.5958662185E-06    0.0000000000E+00    0.0000000000E+00    0.0000000000E+00   -0.2956322381E-10
    0.9756034514E-09    0.3298179445E-08    0.2426349714E-07   -0.2069696546E-06    0.0000000000E+00    0.0000000000E+00    0.0000000000E+00    0.8806168197E-11
   -0.3316830441E-09   -0.1114468071E-08   -0.8178942964E-08    0.6957996339E-07    0.0000000000E+00    0.0000000000E+00    0.0000000000E+00   -0.2537281974E-11
    0.1068576872E-09    0.3574815185E-09    0.2618889596E-08   -0.2223641388E-07    0.0000000000E+00    0.0000000000E+00    0.0000000000E+00    0.6962486259E-12
   -0.3178138295E-10   -0.1059904695E-09   -0.7754833657E-09    0.6575309964E-08    0.0000000000E+00    0.0000000000E+00    0.0000000000E+00   -0.1775335892E-12
    0.8372857557E-11    0.2786131717E-10    0.2036581225E-09   -0.1725089160E-08    0.0000000000E+00    0.0000000000E+00    0.0000000000E+00    0.4043118299E-13
   -0.1824702061E-11   -0.6062207628E-11   -0.4428296432E-10    0.3748305372E-09    0.0000000000E+00    0.0000000000E+00    0.0000000000E+00   -0.7694222695E-14
    0.2900674428E-12    0.9626015983E-12    0.7028125310E-11   -0.5945855851E-10    0.0000000000E+00    0.0000000000E+00    0.0000000000E+00    0.1080930201E-14
   -0.2491222444E-13   -0.8260571996E-13   -0.6029054975E-12    0.5098754737E-11    0.0000000000E+00    0.0000000000E+00    0.0000000000E+00   -0.8316233018E-16
 l,ispin:           2           2
 psi n=1,noccmax(l):
    0.1900333278E-01   -0.8606597638E-02   -0.1711322973E-02    0.3612575307E-01    0.0000000000E+00    0.0000000000E+00    0.0000000000E+00    0.2709724152E+01
   -0.8301918136E-01    0.3833272717E-01   -0.2492014344E-02   -0.1345317286E+00    0.0000000000E+00    0.0000000000E+00    0.0000000000E+00   -0.5852342431E+01
    0.1695421719E+00   -0.7975986111E-01    0.1277482411E-01    0.2618026103E+00    0.0000000000E+00    0.0000000000E+00    0.0000000000E+00    0.4778816697E+01
   -0.1922753819E+00    0.9299920367E-01   -0.2291374724E-02   -0.3442525655E+00    0.0000000000E+00    0.0000000000E+00    0.0000000000E+00   -0.8481265026E+00
    0.7974540371E-01   -0.4481978199E-01   -0.5557014285E-01    0.3318457224E+00    0.0000000000E+00    0.0000000000E+00    0.0000000000E+00   -0.4337320554E+00
    0.2240844370E+00   -0.8983208501E-01    0.1855306031E+00   -0.2015614159E+00    0.0000000000E+00    0.0000000000E+00    0.0000000000E+00   -0.3032599657E+01
   -0.5704235181E+00    0.2538462778E+00   -0.3406525119E+00    0.1125056242E-01    0.0000000000E+00    0.0000000000E+00    0.0000000000E+00    0.7046758090E+01
    0.1385889613E-01   -0.2527394641E-01    0.1193729805E+00   -0.1864795289E+00    0.0000000000E+00    0.0000000000E+00    0.0000000000E+00    0.4189033141E+01
    0.7414891264E+00   -0.3247948286E+00    0.2349529446E+00    0.5065707164E+00    0.0000000000E+00    0.0000000000E+00    0.0000000000E+00    0.1505914945E+01
   -0.8413736027E-01    0.4791071389E-01    0.1182021802E-01   -0.2142677916E+00    0.0000000000E+00    0.0000000000E+00    0.0000000000E+00    0.1112766077E+01
    0.7828541355E-01   -0.3453212139E-01   -0.1929019419E-01    0.1605246679E+00    0.0000000000E+00    0.0000000000E+00    0.0000000000E+00    0.3556046182E+00
   -0.1159331713E+00    0.6280907047E-01   -0.2176668451E-01   -0.1712632970E+00    0.0000000000E+00    0.0000000000E+00    0.0000000000E+00    0.2069700353E+00
   -0.1009569393E+00    0.3312940253E-01   -0.6321030116E-01    0.5395232103E-01    0.0000000000E+00    0.0000000000E+00    0.0000000000E+00    0.5298558986E-01
   -0.9035114899E-01    0.5542441767E-01   -0.2925613620E-01   -0.1251269938E+00    0.0000000000E+00    0.0000000000E+00    0.0000000000E+00    0.2894096626E-01
   -0.3534841622E-01   -0.5313470503E-02   -0.9888331678E-02    0.6905829435E-01    0.0000000000E+00    0.0000000000E+00    0.0000000000E+00    0.5008826347E-02
   -0.2743442171E-01    0.3473874062E-01   -0.2741445408E-01   -0.9769890842E-01    0.0000000000E+00    0.0000000000E+00    0.0000000000E+00    0.3849761210E-02
   -0.1694948958E-01   -0.5257841668E-02    0.3277869035E-02    0.6440130950E-01    0.0000000000E+00    0.0000000000E+00    0.0000000000E+00    0.2436972499E-03
   -0.4788847846E-02    0.4432948585E-02   -0.2772519782E-02   -0.5521753869E-01    0.0000000000E+00    0.0000000000E+00    0.0000000000E+00    0.3996982951E-03
   -0.3578326971E-02    0.2416708371E-02   -0.5551297193E-02    0.3691465477E-01    0.0000000000E+00    0.0000000000E+00    0.0000000000E+00   -0.3620561855E-04
   -0.7739331592E-03   -0.1444790677E-02    0.8100964548E-02   -0.2155164469E-01    0.0000000000E+00    0.0000000000E+00    0.0000000000E+00    0.4145985421E-04
   -0.3947629093E-03   -0.1353190050E-02   -0.2375194480E-02    0.2412421566E-01    0.0000000000E+00    0.0000000000E+00    0.0000000000E+00   -0.1254571464E-04
    0.2308721726E-04   -0.1801308946E-02    0.1007203283E-01    0.5980036236E-02    0.0000000000E+00    0.0000000000E+00    0.0000000000E+00    0.5216476817E-05
   -0.2536983022E-04   -0.8996730707E-03   -0.4790102620E-02   -0.2425593912E-01    0.0000000000E+00    0.0000000000E+00    0.0000000000E+00   -0.1955461229E-05
    0.1096170304E-04    0.1021510268E-03   -0.8224919511E-03    0.1271293022E-01    0.0000000000E+00    0.0000000000E+00    0.0000000000E+00    0.7152922391E-06
   -0.4636348855E-05   -0.3044404203E-04    0.2305736232E-03   -0.2868062587E-02    0.0000000000E+00    0.0000000000E+00    0.0000000000E+00   -0.2541804458E-06
    0.1909608392E-05    0.1051684447E-04   -0.7545525085E-04    0.8638540200E-03    0.0000000000E+00    0.0000000000E+00    0.0000000000E+00    0.8793416769E-07
   -0.7684041100E-06   -0.3806509642E-05    0.2630855501E-04   -0.2881241640E-03    0.0000000000E+00    0.0000000000E+00    0.0000000000E+00   -0.2970838268E-07
    0.3030620898E-06    0.1400625328E-05   -0.9434565488E-05    0.1004894118E-03    0.0000000000E+00    0.0000000000E+00    0.0000000000E+00    0.9834496670E-08
   -0.1174775250E-06   -0.5177406476E-06    0.3425114325E-05   -0.3580046802E-04    0.0000000000E+00    0.0000000000E+00    0.0000000000E+00   -0.3199265623E-08
    0.4483516135E-07    0.1911279150E-06   -0.1248231974E-05    0.1287535997E-04    0.0000000000E+00    0.0000000000E+00    0.0000000000E+00    0.1024866768E-08
   -0.1685378516E-07   -0.7017038234E-07    0.4540385503E-06   -0.4639260270E-05    0.0000000000E+00    0.0000000000E+00    0.0000000000E+00   -0.3235619442E-09
    0.6231868034E-08    0.2551284372E-07   -0.1639733174E-06    0.1664069738E-05    0.0000000000E+00    0.0000000000E+00    0.0000000000E+00    0.1005956056E-09
   -0.2258651981E-08   -0.9135890136E-08    0.5843037530E-07   -0.5900665770E-06    0.0000000000E+00    0.0000000000E+00    0.0000000000E+00   -0.3071091158E-10
    0.7972126057E-09    0.3196821505E-08   -0.2037319134E-07    0.2050111452E-06    0.0000000000E+00    0.0000000000E+00    0.0000000000E+00    0.9154787924E-11
   -0.2711257299E-09   -0.1080485984E-08    0.6868070940E-08   -0.6893463167E-07    0.0000000000E+00    0.0000000000E+00    0.0000000000E+00   -0.2639235297E-11
    0.8737065919E-10    0.3466410912E-09   -0.2199269608E-08    0.2203309496E-07    0.0000000000E+00    0.0000000000E+00    0.0000000000E+00    0.7245418867E-12
   -0.2599069818E-10   -0.1027887494E-09    0.6512552725E-09   -0.6515790826E-08    0.0000000000E+00    0.0000000000E+00    0.0000000000E+00   -0.1848091289E-12
    0.6848305096E-11    0.2702196646E-10   -0.1710382903E-09    0.1709584278E-08    0.0000000000E+00    0.0000000000E+00    0.0000000000E+00    0.4209856588E-13
   -0.1492620473E-11   -0.5879923123E-11    0.3719098634E-10   -0.3714784063E-09    0.0000000000E+00    0.0000000000E+00    0.0000000000E+00   -0.8013017916E-14
    0.2372969202E-12    0.9336955217E-12   -0.5902654485E-11    0.5892868358E-10    0.0000000000E+00    0.0000000000E+00    0.0000000000E+00    0.1125871068E-14
   -0.2038130425E-13   -0.8012744856E-13    0.5063631479E-12   -0.5053428519E-11    0.0000000000E+00    0.0000000000E+00    0.0000000000E+00   -0.8662865776E-16
 l,ispin:           3           1
 psi n=1,noccmax(l):
    0.2623525980E+01   -0.2500406821E+00   -0.3222752529E+00    0.2283486033E+00    0.0000000000E+00    0.0000000000E+00    0.0000000000E+00
   -0.5662009634E+01    0.5445580661E+00    0.7093778461E+00   -0.4298224358E+00    0.0000000000E+00    0.0000000000E+00    0.0000000000E+00
    0.4613292126E+01   -0.4596183949E+00   -0.6227323720E+00    0.1467284679E+00    0.0000000000E+00    0.0000000000E+00    0.0000000000E+00
   -0.8000855223E+00    0.1120643181E+00    0.1992438123E+00    0.3915280293E+00    0.0000000000E+00    0.0000000000E+00    0.0000000000E+00
   -0.4417134402E+00    0.6460901439E-02   -0.4809810380E-01   -0.5188043948E+00    0.0000000000E+00    0.0000000000E+00    0.0000000000E+00
   -0.2916487239E+01    0.2901661708E+00    0.4029594555E+00    0.2544557274E-01    0.0000000000E+00    0.0000000000E+00    0.0000000000E+00
    0.6821107049E+01   -0.6338969799E+00   -0.8139912810E+00    0.5414852425E+00    0.0000000000E+00    0.0000000000E+00    0.0000000000E+00
    0.4013819019E+01   -0.3479792665E+00   -0.4009956157E+00    0.7193362034E+00    0.0000000000E+00    0.0000000000E+00    0.0000000000E+00
    0.1448086316E+01   -0.1586110066E+00   -0.2208951118E+00    0.6143573479E-01    0.0000000000E+00    0.0000000000E+00    0.0000000000E+00
    0.1090063864E+01   -0.9426385042E-01   -0.1030041343E+00    0.2509290801E+00    0.0000000000E+00    0.0000000000E+00    0.0000000000E+00
    0.3535300182E+00   -0.3917742806E-01   -0.5907764541E-01   -0.2531336823E-01    0.0000000000E+00    0.0000000000E+00    0.0000000000E+00
    0.2076290816E+00   -0.1529408786E-01   -0.1140076739E-01    0.7541664713E-01    0.0000000000E+00    0.0000000000E+00    0.0000000000E+00
    0.5478617264E-01   -0.6130824109E-02   -0.1263977037E-01   -0.2847267154E-01    0.0000000000E+00    0.0000000000E+00    0.0000000000E+00
    0.2993478542E-01   -0.1197497407E-02    0.2934422986E-02    0.2451472043E-01    0.0000000000E+00    0.0000000000E+00    0.0000000000E+00
    0.5509773117E-02    0.8318006089E-03   -0.1651345932E-02   -0.1720561507E-01    0.0000000000E+00    0.0000000000E+00    0.0000000000E+00
    0.4145389598E-02   -0.1751045704E-02   -0.3184957714E-03    0.1312131099E-01    0.0000000000E+00    0.0000000000E+00    0.0000000000E+00
    0.3732870473E-03    0.1820783157E-02    0.1829565206E-02   -0.1178628934E-01    0.0000000000E+00    0.0000000000E+00    0.0000000000E+00
    0.4401853888E-03   -0.1392520682E-03    0.3126080293E-04    0.6986170285E-02    0.0000000000E+00    0.0000000000E+00    0.0000000000E+00
   -0.1732567537E-04    0.1500083378E-03    0.3017220033E-03   -0.5907550830E-02    0.0000000000E+00    0.0000000000E+00    0.0000000000E+00
    0.4492246420E-04    0.3165587671E-03    0.7720444485E-03    0.2692429191E-02    0.0000000000E+00    0.0000000000E+00    0.0000000000E+00
   -0.1150620906E-04    0.1867807818E-03    0.8250757680E-04   -0.3043393431E-02    0.0000000000E+00    0.0000000000E+00    0.0000000000E+00
    0.5146789032E-05    0.1822665568E-03    0.6336713524E-03    0.1065885579E-02    0.0000000000E+00    0.0000000000E+00    0.0000000000E+00
   -0.1912002706E-05    0.7619860318E-04   -0.3907609885E-03    0.8275405638E-03    0.0000000000E+00    0.0000000000E+00    0.0000000000E+00
    0.6987367103E-06   -0.7468225994E-05   -0.2310485025E-04   -0.5706558924E-03    0.0000000000E+00    0.0000000000E+00    0.0000000000E+00
   -0.2479310147E-06    0.1907454906E-05    0.5637521733E-05    0.1189198281E-03    0.0000000000E+00    0.0000000000E+00    0.0000000000E+00
    0.8561086292E-07   -0.5606380837E-06   -0.1542491420E-05   -0.3121215875E-04    0.0000000000E+00    0.0000000000E+00    0.0000000000E+00
   -0.2886342512E-07    0.1715835289E-06    0.4466024408E-06    0.8884839752E-05    0.0000000000E+00    0.0000000000E+00    0.0000000000E+00
    0.9534996728E-08   -0.5315775266E-07   -0.1329763083E-06   -0.2620380382E-05    0.0000000000E+00    0.0000000000E+00    0.0000000000E+00
   -0.3095872195E-08    0.1650329409E-07    0.4014831682E-07    0.7860007045E-06    0.0000000000E+00    0.0000000000E+00    0.0000000000E+00
    0.9900677742E-09   -0.5111243241E-08   -0.1219411451E-07   -0.2375643783E-06    0.0000000000E+00    0.0000000000E+00    0.0000000000E+00
   -0.3121286130E-09    0.1574384855E-08    0.3705187488E-08    0.7191196245E-07    0.0000000000E+00    0.0000000000E+00    0.0000000000E+00
    0.9692723540E-10   -0.4807129955E-09   -0.1120575636E-08   -0.2168508661E-07    0.0000000000E+00    0.0000000000E+00    0.0000000000E+00
   -0.2956322381E-10    0.1448261016E-09    0.3353528232E-09    0.6475038411E-08    0.0000000000E+00    0.0000000000E+00    0.0000000000E+00
    0.8806168197E-11   -0.4275535948E-10   -0.9854052431E-10   -0.1899355505E-08    0.0000000000E+00    0.0000000000E+00    0.0000000000E+00
   -0.2537281974E-11    0.1223891903E-10    0.2811542096E-10    0.5412127306E-09    0.0000000000E+00    0.0000000000E+00    0.0000000000E+00
    0.6962486259E-12   -0.3342606768E-11   -0.7661072160E-11   -0.1473280762E-09    0.0000000000E+00    0.0000000000E+00    0.0000000000E+00
   -0.1775335892E-12    0.8494033531E-12    0.1943653757E-11    0.3735040877E-10    0.0000000000E+00    0.0000000000E+00    0.0000000000E+00
    0.4043118299E-13   -0.1929631425E-12   -0.4410508436E-12   -0.8470864458E-11    0.0000000000E+00    0.0000000000E+00    0.0000000000E+00
   -0.7694222695E-14    0.3665611911E-13    0.8371752704E-13    0.1607237518E-11    0.0000000000E+00    0.0000000000E+00    0.0000000000E+00
    0.1080930201E-14   -0.5143044479E-14   -0.1173946579E-13   -0.2253113369E-12    0.0000000000E+00    0.0000000000E+00    0.0000000000E+00
   -0.8316233018E-16    0.3953186593E-15    0.9019976879E-15    0.1730795541E-13    0.0000000000E+00    0.0000000000E+00    0.0000000000E+00
 l,ispin:           3           2
 psi n=1,noccmax(l):
    0.2709724152E+01   -0.2299343721E+00   -0.3047948660E+00    0.2145658648E+00    0.0000000000E+00    0.0000000000E+00    0.0000000000E+00
   -0.5852342431E+01    0.5015503006E+00    0.6719604837E+00   -0.4010325006E+00    0.0000000000E+00    0.0000000000E+00    0.0000000000E+00
    0.4778816697E+01   -0.4255384036E+00   -0.5928830327E+00    0.1259484990E+00    0.0000000000E+00    0.0000000000E+00    0.0000000000E+00
   -0.8481265026E+00    0.1079479932E+00    0.1951482896E+00    0.3899080819E+00    0.0000000000E+00    0.0000000000E+00    0.0000000000E+00
   -0.4337320554E+00    0.1043322343E-02   -0.5223789611E-01   -0.5105585067E+00    0.0000000000E+00    0.0000000000E+00    0.0000000000E+00
   -0.3032599657E+01    0.2692674858E+00    0.3845276379E+00    0.3718569128E-01    0.0000000000E+00    0.0000000000E+00    0.0000000000E+00
    0.7046758090E+01   -0.5809380984E+00   -0.7674042679E+00    0.5043169207E+00    0.0000000000E+00    0.0000000000E+00    0.0000000000E+00
    0.4189033141E+01   -0.3204812796E+00   -0.3794797183E+00    0.7005754882E+00    0.0000000000E+00    0.0000000000E+00    0.0000000000E+00
    0.1505914945E+01   -0.1489666562E+00   -0.2129818549E+00    0.5683888405E-01    0.0000000000E+00    0.0000000000E+00    0.0000000000E+00
    0.1112766077E+01   -0.8480518042E-01   -0.9478020376E-01    0.2426388981E+00    0.0000000000E+00    0.0000000000E+00    0.0000000000E+00
    0.3556046182E+00   -0.3577614417E-01   -0.5569524780E-01   -0.2774956001E-01    0.0000000000E+00    0.0000000000E+00    0.0000000000E+00
    0.2069700353E+00   -0.1299389184E-01   -0.9255617691E-02    0.7285637134E-01    0.0000000000E+00    0.0000000000E+00    0.0000000000E+00
    0.5298558986E-01   -0.5402880347E-02   -0.1179298307E-01   -0.2899737498E-01    0.0000000000E+00    0.0000000000E+00    0.0000000000E+00
    0.2894096626E-01   -0.7336689987E-03    0.3396202668E-02    0.2378763770E-01    0.0000000000E+00    0.0000000000E+00    0.0000000000E+00
    0.5008826347E-02    0.9349526814E-03   -0.1512614511E-02   -0.1717142224E-01    0.0000000000E+00    0.0000000000E+00    0.0000000000E+00
    0.3849761210E-02   -0.1659314508E-02   -0.2125897022E-03    0.1285576206E-01    0.0000000000E+00    0.0000000000E+00    0.0000000000E+00
    0.2436972499E-03    0.1851681984E-02    0.1876840781E-02   -0.1173612459E-01    0.0000000000E+00    0.0000000000E+00    0.0000000000E+00
    0.3996982951E-03   -0.1272558226E-03    0.3679064539E-04    0.6911029946E-02    0.0000000000E+00    0.0000000000E+00    0.0000000000E+00
   -0.3620561855E-04    0.1585952927E-03    0.3268960457E-03   -0.5896851022E-02    0.0000000000E+00    0.0000000000E+00    0.0000000000E+00
    0.4145985421E-04    0.3189647252E-03    0.7650525387E-03    0.2679776903E-02    0.0000000000E+00    0.0000000000E+00    0.0000000000E+00
   -0.1254571464E-04    0.1878440488E-03    0.8949095862E-04   -0.3033317211E-02    0.0000000000E+00    0.0000000000E+00    0.0000000000E+00
    0.5216476817E-05    0.1817535714E-03    0.6221829172E-03    0.1094687167E-02    0.0000000000E+00    0.0000000000E+00    0.0000000000E+00
   -0.1955461229E-05    0.7539502663E-04   -0.3893170174E-03    0.8026906637E-03    0.0000000000E+00    0.0000000000E+00    0.0000000000E+00
    0.7152922391E-06   -0.7404967770E-05   -0.2217226424E-04   -0.5632510875E-03    0.0000000000E+00    0.0000000000E+00    0.0000000000E+00
   -0.2541804458E-06    0.1891675199E-05    0.5416075911E-05    0.1175983290E-03    0.0000000000E+00    0.0000000000E+00    0.0000000000E+00
    0.8793416769E-07   -0.5560547601E-06   -0.1481245851E-05   -0.3088919607E-04    0.0000000000E+00    0.0000000000E+00    0.0000000000E+00
   -0.2970838268E-07    0.1701919839E-06    0.4286555341E-06    0.8796565623E-05    0.0000000000E+00    0.0000000000E+00    0.0000000000E+00
    0.9834496670E-08   -0.5272917175E-07   -0.1275840803E-06   -0.2595007193E-05    0.0000000000E+00    0.0000000000E+00    0.0000000000E+00
   -0.3199265623E-08    0.1637082588E-07    0.3851015407E-07    0.7785197511E-06    0.0000000000E+00    0.0000000000E+00    0.0000000000E+00
    0.1024866768E-08   -0.5070353756E-08   -0.1169450708E-07   -0.2353299493E-06    0.0000000000E+00    0.0000000000E+00    0.0000000000E+00
   -0.3235619442E-09    0.1561821701E-08    0.3552972712E-08    0.7124117063E-07    0.0000000000E+00    0.0000000000E+00    0.0000000000E+00
    0.1005956056E-09   -0.4768842957E-09   -0.1074460533E-08   -0.2148398594E-07    0.0000000000E+00    0.0000000000E+00    0.0000000000E+00
   -0.3071091158E-10    0.1436742418E-09    0.3215366046E-09    0.6415238137E-08    0.0000000000E+00    0.0000000000E+00    0.0000000000E+00
    0.9154787924E-11   -0.4241566429E-10   -0.9447785053E-10   -0.1881865164E-08    0.0000000000E+00    0.0000000000E+00    0.0000000000E+00
   -0.2639235297E-11    0.1214175463E-10    0.2695574031E-10    0.5362392465E-09    0.0000000000E+00    0.0000000000E+00    0.0000000000E+00
    0.7245418867E-12   -0.3316084930E-11   -0.7344984507E-11   -0.1459761883E-09    0.0000000000E+00    0.0000000000E+00    0.0000000000E+00
   -0.1848091289E-12    0.8426665706E-12    0.1863446304E-11    0.3700803660E-10    0.0000000000E+00    0.0000000000E+00    0.0000000000E+00
    0.4209856588E-13   -0.1914331762E-12   -0.4228482645E-12   -0.8393273631E-11    0.0000000000E+00    0.0000000000E+00    0.0000000000E+00
   -0.8013017916E-14    0.3636554379E-13    0.8026218872E-13    0.1592523354E-11    0.0000000000E+00    0.0000000000E+00    0.0000000000E+00
    0.1125871068E-14   -0.5102281728E-14   -0.1125491329E-13   -0.2232493894E-12    0.0000000000E+00    0.0000000000E+00    0.0000000000E+00
   -0.8662865776E-16    0.3921858018E-15    0.8647663145E-15    0.1714960241E-13    0.0000000000E+00    0.0000000000E+00    0.0000000000E+00
