   40             4.00000 ng, rij 
     2.520     5.040                                       rcov,rprb 
 r                           (non)relativistic calculation
 PBE                         XC-functional
 98.000 38.000    0.2250000000    0.1603387983E+03   -0.1613294644E+02    0.0000000000E+00    0.0000000000E+00  znuc,zion,rloc,gpot()
   3                                                       lpx, (Projectors for l=0..lpx)
    0.1723098139    0.1150123620E+02    0.2148503767E+02   -0.5448494507E+02   -0.1644505300E+02    0.4246094427E+02   -0.3370232969E+02  r_l(),hsep(), so=+0.5
    0.2072805287    0.6747850551E+01    0.1370084435E+02   -0.4228959851E+02   -0.1566422209E+02    0.3706831505E+02   -0.2634464842E+02  r_l(),hsep(), so=+0.5
    0.2549183718E+01   -0.1705249738E+02    0.5361631523E+02    0.2008564051E+02   -0.4753130070E+02    0.3378074790E+02         hsep(), so=-0.5
    0.4581486863    0.2491321446E+01   -0.1637402696E+01    0.1856640141E+01    0.0000000000E+00   -0.0000000000E+00    0.0000000000E+00  r_l(),hsep(), so=+0.5
    0.1272474767E+01   -0.7968819220E+00    0.9035791671E+00    0.0000000000E+00   -0.0000000000E+00    0.0000000000E+00         hsep(), so=-0.5
    0.2275037651   -0.2800612005E+00   -0.0000000000E+00    0.0000000000E+00    0.0000000000E+00   -0.0000000000E+00    0.0000000000E+00  r_l(),hsep(), so=+0.5
   -0.7248165365E+00   -0.0000000000E+00    0.0000000000E+00    0.0000000000E+00   -0.0000000000E+00    0.0000000000E+00         hsep(), so=-0.5
 ---------------------------------------------
 Additional information (last calculation):
 gaussian exponents:
 xp():   111.74033085417049        79.012345679012356        55.870165427085254        39.506172839506192        27.935082713542624        19.753086419753096        13.967541356771319        9.8765432098765515        6.9837706783856586        4.9382716049382775        3.4918853391928306        2.4691358024691388        1.7459426695964153        1.2345679012345696       0.87297133479820810       0.61728395061728503       0.43648566739910422       0.30864197530864257       0.21824283369955216       0.15432098765432131       0.10912141684977610        7.7160493827160670E-002   5.4560708424888069E-002   3.8580246913580349E-002   2.7280354212444034E-002   1.9290123456790181E-002   1.3640177106222024E-002   9.6450617283950924E-003   6.8200885531110120E-003   4.8225308641975462E-003   3.4100442765555073E-003   2.4112654320987735E-003   1.7050221382777543E-003   1.2056327160493872E-003   8.5251106913887694E-004   6.0281635802469371E-004   4.2625553456943858E-004   3.0140817901234685E-004   2.1312776728471937E-004   1.5070408950617351E-004
 orbital coefficients (one orbital per column)
 l,ispin:           0           1
 psi n=1,noccmax(l):
   -0.7220935042E-02   -0.2503489864E-01    0.8359176234E-02   -0.4052834735E-02   -0.4081827173E-02    0.0000000000E+00    0.0000000000E+00   -0.6484535832E+00   -0.2690718314E+00
   -0.7390371674E-01    0.9511451221E-01   -0.3386922893E-01    0.1554962748E-01    0.1660985279E-01    0.0000000000E+00    0.0000000000E+00    0.2723311168E+01    0.1153012006E+01
    0.7573403374E+00   -0.3629271189E-01    0.2785736204E-01   -0.6077914090E-02   -0.1406115873E-01    0.0000000000E+00    0.0000000000E+00   -0.5639696683E+01   -0.2425756959E+01
   -0.3022514866E+01   -0.6446926033E+00    0.1583792176E+00   -0.1071836848E+00   -0.7596999275E-01    0.0000000000E+00    0.0000000000E+00    0.7032370590E+01    0.2961962509E+01
    0.6496173734E+01    0.1873761403E+01   -0.5104615311E+00    0.3162021563E+00    0.2471191150E+00    0.0000000000E+00    0.0000000000E+00   -0.5433661068E+01   -0.1777252700E+01
   -0.3817797983E+01    0.2443705553E+00   -0.1492135189E+00    0.3078841145E-01    0.7376938343E-01    0.0000000000E+00    0.0000000000E+00    0.6949732801E+01    0.1705295112E+01
   -0.1310826866E+02   -0.1055145865E+02    0.3345090604E+01   -0.1781010904E+01   -0.1633862400E+01    0.0000000000E+00    0.0000000000E+00   -0.1526132313E+02   -0.8070801383E+01
    0.8089937051E+01    0.9008085561E+01   -0.3001921511E+01    0.1578621854E+01    0.1475646849E+01    0.0000000000E+00    0.0000000000E+00   -0.4425578552E+01    0.6199708492E+01
    0.1994966153E+02    0.9751327982E+01   -0.2839461929E+01    0.1678876926E+01    0.1382357972E+01    0.0000000000E+00    0.0000000000E+00    0.3391134020E+02    0.9886978170E+01
   -0.7882352078E+01   -0.3934323059E+01    0.1162070793E+01   -0.7785195075E+00   -0.5755084884E+00    0.0000000000E+00    0.0000000000E+00   -0.7092111088E+01   -0.3099363942E+01
    0.1737046305E+01   -0.9204855069E+00    0.3623156842E+00   -0.4527431611E-01   -0.1674241427E+00    0.0000000000E+00    0.0000000000E+00   -0.2515193177E+01   -0.2310347936E+01
   -0.8304534455E+01   -0.5497212575E+01    0.1761909362E+01   -0.1161651431E+01   -0.8860640914E+00    0.0000000000E+00    0.0000000000E+00   -0.7850185358E+01   -0.4058756835E+01
    0.1244735719E+01   -0.1060174137E+01    0.4320370287E+00   -0.4017611229E-01   -0.1930579081E+00    0.0000000000E+00    0.0000000000E+00   -0.1563498257E+01   -0.1449767307E+01
   -0.2925058360E+01   -0.1646213274E+01    0.6020796382E+00   -0.5720871678E+00   -0.3420163038E+00    0.0000000000E+00    0.0000000000E+00   -0.2000045492E+01   -0.9287292480E+00
    0.1564024907E+01    0.1359093960E+01   -0.5546987164E+00    0.5795973232E+00    0.3439596007E+00    0.0000000000E+00    0.0000000000E+00    0.2617006483E+00    0.4187559954E+00
   -0.1180742137E+01    0.3828924647E+00   -0.1534697943E+00   -0.2176290129E+00   -0.2595102831E-01    0.0000000000E+00    0.0000000000E+00   -0.3625921959E+00    0.3347922768E+00
    0.8189617170E+00    0.1180877369E+01   -0.6133050143E+00    0.7079622828E+00    0.4927040779E+00    0.0000000000E+00    0.0000000000E+00    0.1874635208E+00    0.5019351914E+00
   -0.5658210412E+00    0.1052759383E+00   -0.3702837193E+00   -0.1060488112E+00    0.3916348452E-01    0.0000000000E+00    0.0000000000E+00   -0.1118761556E+00    0.2413981959E+00
    0.3868398654E+00    0.3608871716E+00    0.3031196740E+00   -0.3520571289E-01   -0.2048167678E+00    0.0000000000E+00    0.0000000000E+00    0.6478666430E-01    0.1535799600E+00
   -0.2619314844E+00   -0.1109335815E+00   -0.5726281357E+00    0.6396087242E+00    0.9645815674E+00    0.0000000000E+00    0.0000000000E+00   -0.3714274392E-01    0.5342837153E-01
    0.1757721773E+00    0.1096626593E+00    0.3173031050E+00   -0.8538300120E+00   -0.1470808682E+01    0.0000000000E+00    0.0000000000E+00    0.2107116271E-01    0.2783138131E-01
   -0.1169842760E+00   -0.7287305456E-01    0.4300054794E-01    0.6546235802E+00    0.1639472442E+01    0.0000000000E+00    0.0000000000E+00   -0.1183564471E-01    0.1552101316E-03
    0.7726753644E-01    0.5027258009E-01    0.8872444193E-01   -0.4754496773E+00   -0.1720217132E+01    0.0000000000E+00    0.0000000000E+00    0.6586404359E-02    0.3447780927E-02
   -0.5067189688E-01   -0.3402257174E-01    0.1191086514E+00   -0.9066980362E-01    0.9863649291E+00    0.0000000000E+00    0.0000000000E+00   -0.3633167927E-02   -0.1563721116E-02
    0.3300198665E-01    0.2266559955E-01    0.4618624112E-01   -0.1699374263E+00   -0.1405612456E+01    0.0000000000E+00    0.0000000000E+00    0.1987227205E-02    0.9078567061E-03
   -0.2134394070E-01   -0.1485312452E-01    0.2479337369E-01   -0.2413601400E-01    0.6466693407E+00    0.0000000000E+00    0.0000000000E+00   -0.1077828875E-02   -0.5014587939E-03
    0.1370079921E-01    0.9566344481E-02   -0.4786453781E-02    0.2507957888E+00    0.1577485255E+01    0.0000000000E+00    0.0000000000E+00    0.5794746793E-03    0.2707413801E-03
   -0.8719625569E-02   -0.6048461831E-02    0.3402370300E-02    0.2607827543E-01   -0.1517403912E+01    0.0000000000E+00    0.0000000000E+00   -0.3085486660E-03   -0.1426310690E-03
    0.5492632277E-02    0.3748185183E-02   -0.2102154087E-02   -0.1588664337E-01    0.4990894880E+00    0.0000000000E+00    0.0000000000E+00    0.1624662436E-03    0.7324716496E-04
   -0.3415580721E-02   -0.2271548504E-02    0.1244894415E-02    0.9239664274E-02   -0.2183796374E+00    0.0000000000E+00    0.0000000000E+00   -0.8440096493E-04   -0.3662994302E-04
    0.2088912991E-02    0.1342246667E-02   -0.7107754045E-03   -0.5186560284E-02    0.1042868252E+00    0.0000000000E+00    0.0000000000E+00    0.4311375751E-04    0.1781340689E-04
   -0.1249815881E-02   -0.7700413740E-03    0.3915542255E-03    0.2812893411E-02   -0.5113934894E-01    0.0000000000E+00    0.0000000000E+00   -0.2155272636E-04   -0.8405257014E-05
    0.7261364970E-03    0.4263439607E-03   -0.2076860160E-03   -0.1471493949E-02    0.2504090345E-01    0.0000000000E+00    0.0000000000E+00    0.1047394821E-04    0.3833492129E-05
   -0.4054388752E-03   -0.2258456771E-03    0.1054712183E-03    0.7384978750E-03   -0.1201720119E-01    0.0000000000E+00    0.0000000000E+00   -0.4902002354E-05   -0.1679183851E-05
    0.2143954498E-03    0.1130235285E-03   -0.5074544514E-04   -0.3518446427E-03    0.5551241021E-02    0.0000000000E+00    0.0000000000E+00    0.2180330901E-05    0.6990726966E-06
   -0.1051574347E-03   -0.5244141486E-04    0.2273033947E-04    0.1563530375E-03   -0.2414209939E-02    0.0000000000E+00    0.0000000000E+00   -0.9041448784E-06   -0.2720373376E-06
    0.4641462293E-04    0.2193034196E-04   -0.9220299125E-05   -0.6302300865E-04    0.9584576997E-03    0.0000000000E+00    0.0000000000E+00    0.3398143922E-06    0.9638357823E-07
   -0.1761736132E-04   -0.7912623096E-05    0.3242616076E-05    0.2205460871E-04   -0.3318255248E-03    0.0000000000E+00    0.0000000000E+00   -0.1108600414E-06   -0.2981939656E-07
    0.5349865625E-05    0.2294771205E-05   -0.9208476077E-06   -0.6239214094E-05    0.9316081402E-04    0.0000000000E+00    0.0000000000E+00    0.2927283296E-07    0.7517865991E-08
   -0.1142549615E-05   -0.4706636726E-06    0.1857080728E-06    0.1254594846E-05   -0.1863193050E-04    0.0000000000E+00    0.0000000000E+00   -0.5510907593E-08   -0.1360865396E-08
    0.1268422430E-06    0.5048285050E-07   -0.1965586099E-07   -0.1324967390E-06    0.1960151820E-05    0.0000000000E+00    0.0000000000E+00    0.5476048587E-09    0.1309158057E-09
 l,ispin:           1           1
 psi n=1,noccmax(l):
   -0.6484535832E+00   -0.2690718314E+00   -0.7217462710E-01   -0.5334812789E-01    0.5937355165E-01    0.0000000000E+00    0.0000000000E+00   -0.4302198484E+01   -0.5898198882E+00
    0.2723311168E+01    0.1153012006E+01    0.3102470207E+00    0.2289562443E+00   -0.2561556303E+00    0.0000000000E+00    0.0000000000E+00    0.1548327898E+02    0.2147482148E+01
   -0.5639696683E+01   -0.2425756959E+01   -0.6564651395E+00   -0.4807979295E+00    0.5491229311E+00    0.0000000000E+00    0.0000000000E+00   -0.2964084414E+02   -0.4163929885E+01
    0.7032370590E+01    0.2961962509E+01    0.8118283602E+00    0.5773125140E+00   -0.7097599826E+00    0.0000000000E+00    0.0000000000E+00    0.3802088366E+02    0.5364641644E+01
   -0.5433661068E+01   -0.1777252700E+01   -0.5061141268E+00   -0.3099907445E+00    0.5269154239E+00    0.0000000000E+00    0.0000000000E+00   -0.3179795541E+02   -0.4319737927E+01
    0.6949732801E+01    0.1705295112E+01    0.4795181014E+00    0.2668534878E+00   -0.5382247134E+00    0.0000000000E+00    0.0000000000E+00    0.1620463247E+02    0.1753213723E+01
   -0.1526132313E+02   -0.8070801383E+01   -0.2220695977E+01   -0.1635775211E+01    0.1856158781E+01    0.0000000000E+00    0.0000000000E+00   -0.2536426584E+02   -0.3551748611E+01
   -0.4425578552E+01    0.6199708492E+01    0.1918286898E+01    0.1413035208E+01   -0.1683497741E+01    0.0000000000E+00    0.0000000000E+00    0.4411733427E+02    0.7754389706E+01
    0.3391134020E+02    0.9886978170E+01    0.2364139513E+01    0.1977000137E+01   -0.1479084401E+01    0.0000000000E+00    0.0000000000E+00    0.4401634599E+01    0.1630411889E+00
   -0.7092111088E+01   -0.3099363942E+01   -0.7316197736E+00   -0.7057495087E+00    0.3111070903E+00    0.0000000000E+00    0.0000000000E+00   -0.1215328622E+02   -0.2286273214E+01
   -0.2515193177E+01   -0.2310347936E+01   -0.7193565369E+00   -0.4472453875E+00    0.7564069842E+00    0.0000000000E+00    0.0000000000E+00   -0.1116135741E+02   -0.2010201301E+01
   -0.7850185358E+01   -0.4058756835E+01   -0.1007310180E+01   -0.9176118898E+00    0.5367282652E+00    0.0000000000E+00    0.0000000000E+00   -0.7275821321E+01   -0.1305607106E+01
   -0.1563498257E+01   -0.1449767307E+01   -0.4698323175E+00   -0.2580056170E+00    0.5455355510E+00    0.0000000000E+00    0.0000000000E+00   -0.2648219007E+01   -0.3257324778E+00
   -0.2000045492E+01   -0.9287292480E+00   -0.1873751683E+00   -0.2593817039E+00   -0.4108876588E-01    0.0000000000E+00    0.0000000000E+00   -0.9551816329E+00   -0.2527346419E+00
    0.2617006483E+00    0.4187559954E+00    0.7669040864E-01    0.1700649952E+00    0.1022707836E+00    0.0000000000E+00    0.0000000000E+00   -0.2804456204E+00    0.8316816943E-02
   -0.3625921959E+00    0.3347922768E+00    0.1572007550E+00    0.2325824350E-01   -0.2647324124E+00    0.0000000000E+00    0.0000000000E+00   -0.7898669265E-01    0.8733618717E-01
    0.1874635208E+00    0.5019351914E+00    0.1097627338E+00    0.1908398359E+00    0.3717436210E-01    0.0000000000E+00    0.0000000000E+00   -0.5164759257E-02    0.7794730039E-01
   -0.1118761556E+00    0.2413981959E+00    0.1870099311E+00    0.6694415858E-01   -0.2684053424E+00    0.0000000000E+00    0.0000000000E+00   -0.4360679751E-02    0.7795631111E-01
    0.6478666430E-01    0.1535799600E+00   -0.9876068880E-01   -0.2723565530E-01    0.2274257358E+00    0.0000000000E+00    0.0000000000E+00    0.1585833941E-02    0.3714849512E-01
   -0.3714274392E-01    0.5342837153E-01    0.1785932901E+00    0.1527080964E+00   -0.3728153241E+00    0.0000000000E+00    0.0000000000E+00   -0.8278469437E-03    0.1595850191E-01
    0.2107116271E-01    0.2783138131E-01   -0.6711556332E-01   -0.1063756500E+00    0.3558089415E+00    0.0000000000E+00    0.0000000000E+00    0.4054594563E-03    0.2320746342E-01
   -0.1183564471E-01    0.1552101316E-03    0.5385271705E-03    0.5730471155E-01   -0.3239936736E+00    0.0000000000E+00    0.0000000000E+00   -0.1954317826E-03    0.4903663072E-02
    0.6586404359E-02    0.3447780927E-02   -0.2726624313E-02   -0.2885634450E-01    0.2851117930E+00    0.0000000000E+00    0.0000000000E+00    0.9275203068E-04    0.5352329247E-02
   -0.3633167927E-02   -0.1563721116E-02   -0.2261872482E-01   -0.4447140688E-01   -0.1519609231E+00    0.0000000000E+00    0.0000000000E+00   -0.4341164941E-04    0.2133916378E-02
    0.1987227205E-02    0.9078567061E-03   -0.1496812782E-01   -0.1095323432E-01    0.2131446205E+00    0.0000000000E+00    0.0000000000E+00    0.2005742767E-04    0.1166655487E-02
   -0.1077828875E-02   -0.5014587939E-03   -0.1103459744E-01   -0.4036970701E-01   -0.4139628731E-01    0.0000000000E+00    0.0000000000E+00   -0.9152723042E-05    0.2298643591E-03
    0.5794746793E-03    0.2707413801E-03   -0.1808314027E-02    0.4391651596E-01   -0.2090568139E+00    0.0000000000E+00    0.0000000000E+00    0.4125103681E-05    0.4965746707E-04
   -0.3085486660E-03   -0.1426310690E-03    0.8903979681E-04    0.4430373910E-02    0.1524120683E+00    0.0000000000E+00    0.0000000000E+00   -0.1835251861E-05   -0.1460224868E-04
    0.1624662436E-03    0.7324716496E-04    0.6386607853E-05   -0.1585639443E-02   -0.4060442220E-01    0.0000000000E+00    0.0000000000E+00    0.8050629737E-06    0.5768009337E-05
   -0.8440096493E-04   -0.3662994302E-04   -0.1257423415E-04    0.6570853824E-03    0.1460712796E-01    0.0000000000E+00    0.0000000000E+00   -0.3475481762E-06   -0.2288577355E-05
    0.4311375751E-04    0.1781340689E-04    0.8179293937E-05   -0.2834011451E-03   -0.5779772835E-02    0.0000000000E+00    0.0000000000E+00    0.1472426010E-06    0.8912172597E-06
   -0.2155272636E-04   -0.8405257014E-05   -0.4326096633E-05    0.1226108232E-03    0.2362225429E-02    0.0000000000E+00    0.0000000000E+00   -0.6097510533E-07   -0.3388877961E-06
    0.1047394821E-04    0.3833492129E-05    0.2072240553E-05   -0.5230765028E-04   -0.9692889230E-03    0.0000000000E+00    0.0000000000E+00    0.2454315636E-07    0.1254175657E-06
   -0.4902002354E-05   -0.1679183851E-05   -0.9256019637E-06    0.2173494899E-04    0.3919903519E-03    0.0000000000E+00    0.0000000000E+00   -0.9525727066E-08   -0.4493908228E-07
    0.2180330901E-05    0.6990726966E-06    0.3873727393E-06   -0.8677377569E-05   -0.1535420200E-03    0.0000000000E+00    0.0000000000E+00    0.3524024923E-08    0.1544650398E-07
   -0.9041448784E-06   -0.2720373376E-06   -0.1505084455E-06    0.3266663611E-05    0.5702815939E-04    0.0000000000E+00    0.0000000000E+00   -0.1221608915E-08   -0.5014430975E-08
    0.3398143922E-06    0.9638357823E-07    0.5308703654E-07   -0.1127689380E-05   -0.1949942844E-04    0.0000000000E+00    0.0000000000E+00    0.3866455104E-09    0.1499220434E-08
   -0.1108600414E-06   -0.2981939656E-07   -0.1633592582E-07    0.3419106993E-06    0.5872111585E-05    0.0000000000E+00    0.0000000000E+00   -0.1072747617E-09   -0.3963882722E-09
    0.2927283296E-07    0.7517865991E-08    0.4096838153E-08   -0.8487078778E-07   -0.1450578505E-05    0.0000000000E+00    0.0000000000E+00    0.2438771766E-10    0.8659535208E-10
   -0.5510907593E-08   -0.1360865396E-08   -0.7381285558E-09    0.1518220549E-07    0.2585978397E-06    0.0000000000E+00    0.0000000000E+00   -0.4010418208E-11   -0.1378846854E-10
    0.5476048587E-09    0.1309158057E-09    0.7072892216E-10   -0.1447533581E-08   -0.2459555561E-07    0.0000000000E+00    0.0000000000E+00    0.3537446332E-12    0.1185529739E-11
 l,ispin:           1           2
 psi n=1,noccmax(l):
    0.8334832073E+00   -0.3079571542E+00    0.7394941006E-01    0.4881302678E-01   -0.5282651636E-01    0.0000000000E+00    0.0000000000E+00    0.4283304009E+01   -0.7059246861E+00
   -0.3552296815E+01    0.1360608200E+01   -0.3282179301E+00   -0.2168192518E+00    0.2345785594E+00    0.0000000000E+00    0.0000000000E+00   -0.1541240733E+02    0.2572525990E+01
    0.7323944376E+01   -0.2943701004E+01    0.7153914383E+00    0.4699600598E+00   -0.5156095479E+00    0.0000000000E+00    0.0000000000E+00    0.2950177271E+02   -0.4993801770E+01
   -0.8203486787E+01    0.3541999153E+01   -0.8742048412E+00   -0.5562817829E+00    0.6548305690E+00    0.0000000000E+00    0.0000000000E+00   -0.3785318016E+02    0.6439682252E+01
    0.1838280093E+01   -0.1256544281E+01    0.3423447783E+00    0.1525808521E+00   -0.3425063170E+00    0.0000000000E+00    0.0000000000E+00    0.3171395030E+02   -0.5179218398E+01
    0.5062535662E+01   -0.8997410063E+00    0.1631339077E+00    0.2273569316E+00    0.3978175687E-01    0.0000000000E+00    0.0000000000E+00   -0.1625414111E+02    0.2066844908E+01
    0.1538625034E+02   -0.9146217365E+01    0.2282846918E+01    0.1501254266E+01   -0.1654408576E+01    0.0000000000E+00    0.0000000000E+00    0.2518134822E+02   -0.4236672966E+01
   -0.3954698961E+02    0.1809288623E+02   -0.4474381753E+01   -0.3056865640E+01    0.3097521944E+01    0.0000000000E+00    0.0000000000E+00   -0.4358023443E+02    0.9420607072E+01
   -0.3528942924E+01    0.4523825193E+01   -0.1021833756E+01   -0.8605817954E+00    0.4892597164E+00    0.0000000000E+00    0.0000000000E+00   -0.4324420821E+01    0.1014914776E+00
    0.1105841600E+02   -0.6834316473E+01    0.1613464862E+01    0.1283710692E+01   -0.8830897210E+00    0.0000000000E+00    0.0000000000E+00    0.1195293224E+02   -0.2766989237E+01
    0.5258066858E+01   -0.4646580751E+01    0.1243600948E+01    0.7601929679E+00   -0.9844306356E+00    0.0000000000E+00    0.0000000000E+00    0.1098407345E+02   -0.2440043409E+01
    0.6815346458E+01   -0.4102041040E+01    0.9842384185E+00    0.8302306669E+00   -0.4919741727E+00    0.0000000000E+00    0.0000000000E+00    0.7050245638E+01   -0.1553612433E+01
    0.8140314249E+00   -0.9608000442E+00    0.2978466155E+00    0.9268331874E-01   -0.3417857771E+00    0.0000000000E+00    0.0000000000E+00    0.2775079382E+01   -0.5167712198E+00
    0.1267901404E+01   -0.2756510129E-01   -0.4314649056E-01    0.8498599057E-01    0.1614408431E+00    0.0000000000E+00    0.0000000000E+00    0.1030596919E+01   -0.2249381692E+00
   -0.3582417763E+00    0.9002907995E+00   -0.2516975282E+00   -0.2980211840E+00    0.5654719308E-01    0.0000000000E+00    0.0000000000E+00    0.2661085218E+00    0.5306689165E-01
    0.2740578158E+00    0.6168936657E+00   -0.2083646159E+00   -0.3968312486E-01    0.2381588806E+00    0.0000000000E+00    0.0000000000E+00    0.7538830390E-01    0.1177940618E+00
   -0.1569948686E+00    0.5201434210E+00   -0.1703383412E+00   -0.2406254926E+00    0.4920779314E-01    0.0000000000E+00    0.0000000000E+00    0.1485137839E-02    0.9803014461E-01
    0.9163947725E-01    0.1950347966E+00   -0.1219164704E+00    0.1797284183E-01    0.1385668210E+00    0.0000000000E+00    0.0000000000E+00    0.4645860248E-02    0.8855453782E-01
   -0.5276319706E-01    0.1040992417E+00    0.8420453263E-01   -0.1901887206E-01   -0.1262627428E+00    0.0000000000E+00    0.0000000000E+00   -0.1911870002E-02    0.3966719457E-01
    0.3004855135E-01    0.1808070462E-01   -0.1423185031E+00   -0.8695549639E-01    0.2435471855E+00    0.0000000000E+00    0.0000000000E+00    0.9633181336E-03    0.2010522820E-01
   -0.1694079520E-01    0.1076493566E-01    0.9268131752E-01    0.1154166602E+00   -0.3046963639E+00    0.0000000000E+00    0.0000000000E+00   -0.4680655659E-03    0.2229887251E-01
    0.9463313696E-02   -0.2654064766E-02    0.1871031579E-02   -0.5999697364E-01    0.2752949307E+00    0.0000000000E+00    0.0000000000E+00    0.2241305060E-03    0.5185490639E-02
   -0.5241995752E-02    0.1951515912E-02    0.2054898698E-01    0.5965665636E-01   -0.2883057076E+00    0.0000000000E+00    0.0000000000E+00   -0.1058640701E-03    0.5046879843E-02
    0.2881173537E-02   -0.1099394023E-02    0.2126466879E-01    0.2818694710E-01    0.1548876466E+00    0.0000000000E+00    0.0000000000E+00    0.4937725845E-04    0.1800147574E-02
   -0.1571925053E-02    0.6179428248E-03    0.1426783598E-01    0.1646843336E-01   -0.2077071967E+00    0.0000000000E+00    0.0000000000E+00   -0.2275911639E-04    0.9353339302E-03
    0.8513595050E-03   -0.3403691467E-03    0.6244025971E-02    0.1261143146E-01    0.1263863768E+00    0.0000000000E+00    0.0000000000E+00    0.1037013267E-04    0.1346668352E-03
   -0.4575762804E-03    0.1836758767E-03    0.8599558056E-03   -0.3541054091E-01    0.1108217109E+00    0.0000000000E+00    0.0000000000E+00   -0.4670587743E-05    0.3727202396E-04
    0.2438443584E-03   -0.9701728690E-04   -0.1292374667E-03   -0.1137268576E-02   -0.1138205916E+00    0.0000000000E+00    0.0000000000E+00    0.2078028953E-05   -0.1268655468E-04
   -0.1286510088E-03    0.5010012869E-04    0.4459135265E-04    0.5416486056E-03    0.3208226923E-01    0.0000000000E+00    0.0000000000E+00   -0.9122115095E-06    0.5147315603E-05
    0.6704471824E-04   -0.2525660793E-04   -0.1786237056E-04   -0.2577992511E-03   -0.1181051380E-01    0.0000000000E+00    0.0000000000E+00    0.3943265051E-06   -0.2065079706E-05
   -0.3439579916E-04    0.1240417714E-04    0.7491555907E-05    0.1204293695E-03    0.4730823871E-02    0.0000000000E+00    0.0000000000E+00   -0.1673736311E-06    0.8091613963E-06
    0.1728847520E-04   -0.5917197615E-05   -0.3176947493E-05   -0.5472509173E-04   -0.1947900685E-02    0.0000000000E+00    0.0000000000E+00    0.6947389053E-07   -0.3089079108E-06
   -0.8456504626E-05    0.2729237053E-05    0.1337696861E-05    0.2409145434E-04    0.8031408729E-03    0.0000000000E+00    0.0000000000E+00   -0.2803982777E-07    0.1146357990E-06
    0.3987350106E-05   -0.1208606631E-05   -0.5513999408E-06   -0.1021898168E-04   -0.3258607683E-03    0.0000000000E+00    0.0000000000E+00    0.1091512697E-07   -0.4115638358E-07
   -0.1788062418E-05    0.5082747121E-06    0.2191273793E-06    0.4136320504E-05    0.1279287885E-03    0.0000000000E+00    0.0000000000E+00   -0.4050505071E-08    0.1416651685E-07
    0.7479175162E-06   -0.1995776339E-06   -0.8229165175E-07   -0.1571693446E-05   -0.4759081873E-04    0.0000000000E+00    0.0000000000E+00    0.1408440887E-08   -0.4603723921E-08
   -0.2835862006E-06    0.7126074227E-07    0.2837620145E-07    0.5460127135E-06    0.1629098050E-04    0.0000000000E+00    0.0000000000E+00   -0.4470947105E-09    0.1377486620E-08
    0.9332030297E-07   -0.2219021385E-07   -0.8600376665E-08   -0.1662682161E-06   -0.4909869472E-05    0.0000000000E+00    0.0000000000E+00    0.1243841126E-09   -0.3644083258E-09
   -0.2484385967E-07    0.5624148330E-08    0.2134896972E-08    0.4139518773E-07    0.1213576432E-05    0.0000000000E+00    0.0000000000E+00   -0.2834586456E-10    0.7964200165E-10
    0.4712098057E-08   -0.1022389012E-08   -0.3819875952E-09   -0.7420273244E-08   -0.2164361180E-06    0.0000000000E+00    0.0000000000E+00    0.4671040570E-11   -0.1268514143E-10
   -0.4713047394E-09    0.9868157652E-10    0.3643069987E-10    0.7084866301E-09    0.2059156950E-07    0.0000000000E+00    0.0000000000E+00   -0.4127340439E-12    0.1090907019E-11
 l,ispin:           2           1
 psi n=1,noccmax(l):
   -0.4302198484E+01   -0.5898198882E+00   -0.3598922174E+00    0.2849892330E+00    0.3593862583E+00    0.0000000000E+00    0.0000000000E+00   -0.8264864915E+01
    0.1548327898E+02    0.2147482148E+01    0.1308712234E+01   -0.1042505770E+01   -0.1300005553E+01    0.0000000000E+00    0.0000000000E+00    0.2480133760E+02
   -0.2964084414E+02   -0.4163929885E+01   -0.2535964476E+01    0.2028197070E+01    0.2510954487E+01    0.0000000000E+00    0.0000000000E+00   -0.4158525632E+02
    0.3802088366E+02    0.5364641644E+01    0.3274718637E+01   -0.2600169941E+01   -0.3267533539E+01    0.0000000000E+00    0.0000000000E+00    0.5008736151E+02
   -0.3179795541E+02   -0.4319737927E+01   -0.2671602861E+01    0.2014774701E+01    0.2795023969E+01    0.0000000000E+00    0.0000000000E+00   -0.4338146196E+02
    0.1620463247E+02    0.1753213723E+01    0.1153259305E+01   -0.6505381845E+00   -0.1466851714E+01    0.0000000000E+00    0.0000000000E+00    0.2414610427E+02
   -0.2536426584E+02   -0.3551748611E+01   -0.2212304308E+01    0.1629445562E+01    0.2365847208E+01    0.0000000000E+00    0.0000000000E+00   -0.2143640595E+02
    0.4411733427E+02    0.7754389706E+01    0.4704389996E+01   -0.3918971690E+01   -0.4521584677E+01    0.0000000000E+00    0.0000000000E+00    0.3825128597E+02
    0.4401634599E+01    0.1630411889E+00   -0.6368552145E-02   -0.2461742065E+00    0.3507216252E+00    0.0000000000E+00    0.0000000000E+00   -0.4030013204E+01
   -0.1215328622E+02   -0.2286273214E+01   -0.1280431523E+01    0.1366154496E+01    0.8526266050E+00    0.0000000000E+00    0.0000000000E+00   -0.9373075447E+01
   -0.1116135741E+02   -0.2010201301E+01   -0.1255710887E+01    0.9528031956E+00    0.1328309842E+01    0.0000000000E+00    0.0000000000E+00   -0.9173456792E+01
   -0.7275821321E+01   -0.1305607106E+01   -0.7227528679E+00    0.7908750261E+00    0.4545078414E+00    0.0000000000E+00    0.0000000000E+00   -0.4859457978E+01
   -0.2648219007E+01   -0.3257324778E+00   -0.2357908066E+00    0.9878489781E-01    0.3530093309E+00    0.0000000000E+00    0.0000000000E+00   -0.2719210578E+01
   -0.9551816329E+00   -0.2527346419E+00   -0.1140266389E+00    0.1918253224E+00   -0.1732943908E-01    0.0000000000E+00    0.0000000000E+00   -0.1157620378E+01
   -0.2804456204E+00    0.8316816943E-02   -0.2122675500E-01   -0.5430345286E-01    0.1075395176E+00    0.0000000000E+00    0.0000000000E+00   -0.5289075320E+00
   -0.7898669265E-01    0.8733618717E-01    0.7779517248E-01   -0.1456321400E-01   -0.1440824345E+00    0.0000000000E+00    0.0000000000E+00   -0.1895118674E+00
   -0.5164759257E-02    0.7794730039E-01    0.2614207092E-01   -0.6840848827E-01    0.3441376330E-01    0.0000000000E+00    0.0000000000E+00   -0.7832939403E-01
   -0.4360679751E-02    0.7795631111E-01    0.7185506774E-01   -0.3561887166E-01   -0.1208882029E+00    0.0000000000E+00    0.0000000000E+00   -0.2408397520E-01
    0.1585833941E-02    0.3714849512E-01   -0.2493723507E-02   -0.1598680612E-01    0.5736629700E-01    0.0000000000E+00    0.0000000000E+00   -0.9017551470E-02
   -0.8278469437E-03    0.1595850191E-01    0.3106877690E-01   -0.1957188344E-01   -0.8530365745E-01    0.0000000000E+00    0.0000000000E+00   -0.2804507334E-02
    0.4054594563E-03    0.2320746342E-01    0.6677913970E-02   -0.1467824232E-01    0.3990609602E-01    0.0000000000E+00    0.0000000000E+00   -0.1049791002E-02
   -0.1954317826E-03    0.4903663072E-02    0.1429768368E-02    0.8618516593E-02   -0.3498039787E-01    0.0000000000E+00    0.0000000000E+00   -0.2023282803E-03
    0.9275203068E-04    0.5352329247E-02    0.6833863982E-02   -0.1864399361E-01    0.1160716630E-01    0.0000000000E+00    0.0000000000E+00   -0.1009667837E-03
   -0.4341164941E-04    0.2133916378E-02   -0.2681432079E-03    0.1316048639E-01   -0.4215789322E-02    0.0000000000E+00    0.0000000000E+00   -0.5188828034E-05
    0.2005742767E-04    0.1166655487E-02   -0.4164263620E-03   -0.8179690179E-02    0.3854448794E-02    0.0000000000E+00    0.0000000000E+00   -0.6769214297E-05
   -0.9152723042E-05    0.2298643591E-03   -0.1880073231E-02    0.1530589404E-01    0.3428456053E-01    0.0000000000E+00    0.0000000000E+00    0.1509037243E-05
    0.4125103681E-05    0.4965746707E-04   -0.1740344343E-02   -0.4003356089E-02   -0.4208664123E-01    0.0000000000E+00    0.0000000000E+00   -0.6293298776E-06
   -0.1835251861E-05   -0.1460224868E-04    0.1125493673E-03   -0.2389105672E-02    0.1719886399E-01    0.0000000000E+00    0.0000000000E+00    0.2294883039E-06
    0.8050629737E-06    0.5768009337E-05   -0.2985744913E-04    0.6232986668E-03   -0.3115277002E-02    0.0000000000E+00    0.0000000000E+00   -0.8099946692E-07
   -0.3475481762E-06   -0.2288577355E-05    0.9485266789E-05   -0.1989522620E-03    0.8470657175E-03    0.0000000000E+00    0.0000000000E+00    0.2771126528E-07
    0.1472426010E-06    0.8912172597E-06   -0.3207840761E-05    0.6791936652E-04   -0.2645790755E-03    0.0000000000E+00    0.0000000000E+00   -0.9208044221E-08
   -0.6097510533E-07   -0.3388877961E-06    0.1110221969E-05   -0.2370428835E-04    0.8741186719E-04    0.0000000000E+00    0.0000000000E+00    0.2975614988E-08
    0.2454315636E-07    0.1254175657E-06   -0.3853128706E-06    0.8276346107E-05   -0.2944609675E-04    0.0000000000E+00    0.0000000000E+00   -0.9347164432E-09
   -0.9525727066E-08   -0.4493908228E-07    0.1320777624E-06   -0.2847817143E-05    0.9890401324E-05    0.0000000000E+00    0.0000000000E+00    0.2844567300E-09
    0.3524024923E-08    0.1544650398E-07   -0.4402303996E-07    0.9512918476E-06   -0.3249472984E-05    0.0000000000E+00    0.0000000000E+00   -0.8322795007E-10
   -0.1221608915E-08   -0.5014430975E-08    0.1398869489E-07   -0.3026168744E-06    0.1021859693E-05    0.0000000000E+00    0.0000000000E+00    0.2308892896E-10
    0.3866455104E-09    0.1499220434E-08   -0.4120420613E-08    0.8917678701E-07   -0.2987134180E-06    0.0000000000E+00    0.0000000000E+00   -0.5932849347E-11
   -0.1072747617E-09   -0.3963882722E-09    0.1078137920E-08   -0.2333541869E-07    0.7772592203E-07    0.0000000000E+00    0.0000000000E+00    0.1358459965E-11
    0.2438771766E-10    0.8659535208E-10   -0.2338237066E-09    0.5060312375E-08   -0.1678812844E-07    0.0000000000E+00    0.0000000000E+00   -0.2595006699E-12
   -0.4010418208E-11   -0.1378846854E-10    0.3704253917E-10   -0.8014968205E-09    0.2651619091E-08    0.0000000000E+00    0.0000000000E+00    0.3655271488E-13
    0.3537446332E-12    0.1185529739E-11   -0.3173591714E-11    0.6865252391E-10   -0.2266775272E-09    0.0000000000E+00    0.0000000000E+00   -0.2817411788E-14
 l,ispin:           2           2
 psi n=1,noccmax(l):
    0.4283304009E+01   -0.7059246861E+00   -0.3808145491E+00   -0.3069807280E+00    0.3876779117E+00    0.0000000000E+00    0.0000000000E+00   -0.8623256638E+01
   -0.1541240733E+02    0.2572525990E+01    0.1386259472E+01    0.1123333760E+01   -0.1402521195E+01    0.0000000000E+00    0.0000000000E+00    0.2593041164E+02
    0.2950177271E+02   -0.4993801770E+01   -0.2689567565E+01   -0.2187242756E+01    0.2710449708E+01    0.0000000000E+00    0.0000000000E+00   -0.4361099745E+02
   -0.3785318016E+02    0.6439682252E+01    0.3475388412E+01    0.2809143082E+01   -0.3532589279E+01    0.0000000000E+00    0.0000000000E+00    0.5269887907E+02
    0.3171395030E+02   -0.5179218398E+01   -0.2827685391E+01   -0.2186581176E+01    0.3033964224E+01    0.0000000000E+00    0.0000000000E+00   -0.4566909569E+02
   -0.1625414111E+02    0.2066844908E+01    0.1193146732E+01    0.7166442308E+00   -0.1605810020E+01    0.0000000000E+00    0.0000000000E+00    0.2497639854E+02
    0.2518134822E+02   -0.4236672966E+01   -0.2328627836E+01   -0.1763254089E+01    0.2563610169E+01    0.0000000000E+00    0.0000000000E+00   -0.2159141520E+02
   -0.4358023443E+02    0.9420607072E+01    0.5059890463E+01    0.4267237185E+01   -0.4915920666E+01    0.0000000000E+00    0.0000000000E+00    0.4060334521E+02
   -0.4324420821E+01    0.1014914776E+00   -0.4645430409E-01    0.1894395673E+00    0.4595070309E+00    0.0000000000E+00    0.0000000000E+00   -0.5319524870E+01
    0.1195293224E+02   -0.2766989237E+01   -0.1385122825E+01   -0.1444600381E+01    0.8827414995E+00    0.0000000000E+00    0.0000000000E+00   -0.1042925796E+02
    0.1098407345E+02   -0.2440043409E+01   -0.1345325768E+01   -0.1048439769E+01    0.1455547888E+01    0.0000000000E+00    0.0000000000E+00   -0.9735012016E+01
    0.7050245638E+01   -0.1553612433E+01   -0.7691068414E+00   -0.8223566220E+00    0.4550284092E+00    0.0000000000E+00    0.0000000000E+00   -0.5063875871E+01
    0.2775079382E+01   -0.5167712198E+00   -0.3123535654E+00   -0.1763772527E+00    0.4513569609E+00    0.0000000000E+00    0.0000000000E+00   -0.2794189571E+01
    0.1030596919E+01   -0.2249381692E+00   -0.8415478136E-01   -0.1582394924E+00   -0.6874194186E-01    0.0000000000E+00    0.0000000000E+00   -0.1169595159E+01
    0.2661085218E+00    0.5306689165E-01    0.3805356567E-02    0.7174034317E-01    0.1048529580E+00    0.0000000000E+00    0.0000000000E+00   -0.5275786187E+00
    0.7538830390E-01    0.1177940618E+00    0.8710782497E-01    0.2712405576E-01   -0.1677076106E+00    0.0000000000E+00    0.0000000000E+00   -0.1847107214E+00
    0.1485137839E-02    0.9803014461E-01    0.3308010682E-01    0.7202758016E-01    0.3949495382E-01    0.0000000000E+00    0.0000000000E+00   -0.7527292885E-01
    0.4645860248E-02    0.8855453782E-01    0.7161608955E-01    0.3732167595E-01   -0.1288577003E+00    0.0000000000E+00    0.0000000000E+00   -0.2206168674E-01
   -0.1911870002E-02    0.3966719457E-01   -0.3515178913E-02    0.1368204096E-01    0.6444294147E-01    0.0000000000E+00    0.0000000000E+00   -0.8286723564E-02
    0.9633181336E-03    0.2010522820E-01    0.3274665539E-01    0.2261370869E-01   -0.9219783765E-01    0.0000000000E+00    0.0000000000E+00   -0.2330972871E-02
   -0.4680655659E-03    0.2229887251E-01    0.3884306754E-02    0.9961692691E-02    0.4863488756E-01    0.0000000000E+00    0.0000000000E+00   -0.8561465558E-03
    0.2241305060E-03    0.5185490639E-02    0.1589606491E-02   -0.6249831976E-02   -0.4126082337E-01    0.0000000000E+00    0.0000000000E+00   -0.1346752832E-03
   -0.1058640701E-03    0.5046879843E-02    0.5915269250E-02    0.1558876936E-01    0.1892483012E-01    0.0000000000E+00    0.0000000000E+00   -0.7232614572E-04
    0.4937725845E-04    0.1800147574E-02   -0.8055121059E-03   -0.1239809999E-01   -0.8519190040E-02    0.0000000000E+00    0.0000000000E+00    0.2051560945E-05
   -0.2275911639E-04    0.9353339302E-03   -0.7692869584E-03    0.6559318685E-02    0.9721683589E-02    0.0000000000E+00    0.0000000000E+00   -0.5092608317E-05
    0.1037013267E-04    0.1346668352E-03   -0.2011912791E-02   -0.1426051706E-01    0.2722709149E-01    0.0000000000E+00    0.0000000000E+00    0.1568115187E-05
   -0.4670587743E-05    0.3727202396E-04   -0.1530851174E-02    0.4414767628E-02   -0.3858764711E-01    0.0000000000E+00    0.0000000000E+00   -0.6052606624E-06
    0.2078028953E-05   -0.1268655468E-04    0.1083668883E-03    0.2032573495E-02    0.1658291393E-01    0.0000000000E+00    0.0000000000E+00    0.2210397417E-06
   -0.9122115095E-06    0.5147315603E-05   -0.2892697157E-04   -0.5333695786E-03   -0.3135919300E-02    0.0000000000E+00    0.0000000000E+00   -0.7819761019E-07
    0.3943265051E-06   -0.2065079706E-05    0.9225203971E-05    0.1706113329E-03    0.8720132979E-03    0.0000000000E+00    0.0000000000E+00    0.2683524268E-07
   -0.1673736311E-06    0.8091613963E-06   -0.3129493607E-05   -0.5831705728E-04   -0.2759779685E-03    0.0000000000E+00    0.0000000000E+00   -0.8947274098E-08
    0.6947389053E-07   -0.3089079108E-06    0.1085734916E-05    0.2037076008E-04    0.9192708020E-04    0.0000000000E+00    0.0000000000E+00    0.2901087678E-08
   -0.2803982777E-07    0.1146357990E-06   -0.3775120656E-06   -0.7117007072E-05   -0.3113077042E-04    0.0000000000E+00    0.0000000000E+00   -0.9141369706E-09
    0.1091512697E-07   -0.4115638358E-07    0.1295818024E-06    0.2450070322E-05    0.1049259201E-04    0.0000000000E+00    0.0000000000E+00    0.2789504190E-09
   -0.4050505071E-08    0.1416651685E-07   -0.4323444066E-07   -0.8187195768E-06   -0.3455315014E-05    0.0000000000E+00    0.0000000000E+00   -0.8180367860E-10
    0.1408440887E-08   -0.4603723921E-08    0.1374803942E-07    0.2605131844E-06    0.1088287693E-05    0.0000000000E+00    0.0000000000E+00    0.2273623422E-10
   -0.4470947105E-09    0.1377486620E-08   -0.4051625611E-08   -0.7678450547E-07   -0.3184686684E-06    0.0000000000E+00    0.0000000000E+00   -0.5850937290E-11
    0.1243841126E-09   -0.3644083258E-09    0.1060526209E-08    0.2009556051E-07    0.8292602114E-07    0.0000000000E+00    0.0000000000E+00    0.1341269856E-11
   -0.2834586456E-10    0.7964200165E-10   -0.2300638967E-09   -0.4358207294E-08   -0.1792012713E-07    0.0000000000E+00    0.0000000000E+00   -0.2564479374E-12
    0.4671040570E-11   -0.1268514143E-10    0.3645360095E-10    0.6903446932E-09    0.2831369064E-08    0.0000000000E+00    0.0000000000E+00    0.3614752797E-13
   -0.4127340439E-12    0.1090907019E-11   -0.3123539769E-11   -0.5913507804E-10   -0.2420998328E-09    0.0000000000E+00    0.0000000000E+00   -0.2787623044E-14
 l,ispin:           3           1
 psi n=1,noccmax(l):
   -0.8264864915E+01   -0.5733218728E+00    0.8685588575E+00    0.1660455623E+00   -0.2373069036E+01    0.0000000000E+00    0.0000000000E+00
    0.2480133760E+02    0.1722596144E+01   -0.2572215548E+01   -0.6735224839E+00    0.6275875145E+01    0.0000000000E+00    0.0000000000E+00
   -0.4158525632E+02   -0.2892640180E+01    0.4250423460E+01    0.1453373498E+01   -0.8962729212E+01    0.0000000000E+00    0.0000000000E+00
    0.5008736151E+02    0.3487921285E+01   -0.5069346460E+01   -0.2014783083E+01    0.9526710617E+01    0.0000000000E+00    0.0000000000E+00
   -0.4338146196E+02   -0.3018260030E+01    0.4428781913E+01    0.1548012771E+01   -0.9202160986E+01    0.0000000000E+00    0.0000000000E+00
    0.2414610427E+02    0.1666856298E+01   -0.2614861667E+01   -0.5993232312E-01    0.8966617424E+01    0.0000000000E+00    0.0000000000E+00
   -0.2143640595E+02   -0.1484667323E+01    0.2269260671E+01    0.3370073810E+00   -0.6604787136E+01    0.0000000000E+00    0.0000000000E+00
    0.3825128597E+02    0.2692883892E+01   -0.3700755635E+01   -0.2599144520E+01    0.2305257163E+01    0.0000000000E+00    0.0000000000E+00
   -0.4030013204E+01   -0.2851105117E+00    0.5722080589E+00   -0.5269593075E+00   -0.4215067919E+01    0.0000000000E+00    0.0000000000E+00
   -0.9373075447E+01   -0.6710279310E+00    0.7054726873E+00    0.1646275324E+01    0.4330242299E+01    0.0000000000E+00    0.0000000000E+00
   -0.9173456792E+01   -0.6456468011E+00    0.9180443945E+00    0.4892186722E+00   -0.1221637070E+01    0.0000000000E+00    0.0000000000E+00
   -0.4859457978E+01   -0.3472750303E+00    0.3715071019E+00    0.8183895974E+00    0.2082521903E+01    0.0000000000E+00    0.0000000000E+00
   -0.2719210578E+01   -0.1902352048E+00    0.2876046643E+00    0.6852209281E-01   -0.7372239463E+00    0.0000000000E+00    0.0000000000E+00
   -0.1157620378E+01   -0.8303467407E-01    0.7314497297E-01    0.2620518655E+00    0.8328482047E+00    0.0000000000E+00    0.0000000000E+00
   -0.5289075320E+00   -0.3518474366E-01    0.6586958879E-01   -0.4404778034E-01   -0.4194182626E+00    0.0000000000E+00    0.0000000000E+00
   -0.1895118674E+00   -0.1326643756E-01    0.1363890969E-02    0.8129913814E-01    0.3383014298E+00    0.0000000000E+00    0.0000000000E+00
   -0.7832939403E-01   -0.3808023342E-02    0.1490380971E-01   -0.3683534046E-01   -0.2098427732E+00    0.0000000000E+00    0.0000000000E+00
   -0.2408397520E-01   -0.2122272926E-02   -0.4970062145E-02    0.2957167639E-01    0.1461826245E+00    0.0000000000E+00    0.0000000000E+00
   -0.9017551470E-02    0.2123239258E-02    0.1821474970E-02   -0.2228308284E-01   -0.1024599665E+00    0.0000000000E+00    0.0000000000E+00
   -0.2804507334E-02   -0.2327896282E-02    0.1320107581E-03    0.1682239147E-01    0.7205033173E-01    0.0000000000E+00    0.0000000000E+00
   -0.1049791002E-02    0.1744847365E-02   -0.1175314907E-02   -0.1388155139E-01   -0.5382312413E-01    0.0000000000E+00    0.0000000000E+00
   -0.2023282803E-03    0.6383549052E-04   -0.7765833328E-03    0.8014847537E-02    0.3672422024E-01    0.0000000000E+00    0.0000000000E+00
   -0.1009667837E-03   -0.1317730601E-04    0.3663443678E-03   -0.6283529907E-02   -0.2835250942E-01    0.0000000000E+00    0.0000000000E+00
   -0.5188828034E-05    0.3537752028E-03   -0.1246485905E-02    0.2660943374E-02    0.1893403270E-01    0.0000000000E+00    0.0000000000E+00
   -0.6769214297E-05    0.2096776146E-03    0.1201871181E-03   -0.3137460298E-02   -0.1801283388E-01    0.0000000000E+00    0.0000000000E+00
    0.1509037243E-05    0.2242784826E-03   -0.9677433223E-03    0.4030935508E-03    0.1396940889E-01    0.0000000000E+00    0.0000000000E+00
   -0.6293298776E-06    0.1167482277E-03    0.4620381988E-03    0.1564047875E-02   -0.5559080403E-02    0.0000000000E+00    0.0000000000E+00
    0.2294883039E-06   -0.8754116569E-05    0.6681411438E-04   -0.8305411984E-03    0.6966331858E-03    0.0000000000E+00    0.0000000000E+00
   -0.8099946692E-07    0.2149002738E-05   -0.1501316068E-04    0.1567657579E-03    0.1820522016E-03    0.0000000000E+00    0.0000000000E+00
    0.2771126528E-07   -0.6134183069E-06    0.4028988335E-05   -0.3949361831E-04   -0.7292518892E-04    0.0000000000E+00    0.0000000000E+00
   -0.9208044221E-08    0.1827471425E-06   -0.1151579013E-05    0.1092147966E-04    0.2362508996E-04    0.0000000000E+00    0.0000000000E+00
    0.2975614988E-08   -0.5495492011E-07    0.3366467340E-06   -0.3127544566E-05   -0.7281332978E-05    0.0000000000E+00    0.0000000000E+00
   -0.9347164432E-09    0.1642668856E-07   -0.9867308252E-07    0.9039197850E-06    0.2187007935E-05    0.0000000000E+00    0.0000000000E+00
    0.2844567300E-09   -0.4826818084E-08    0.2859728666E-07   -0.2593814180E-06   -0.6411450380E-06    0.0000000000E+00    0.0000000000E+00
   -0.8322795007E-10    0.1377319400E-08   -0.8080960689E-08    0.7277263589E-07    0.1821075665E-06    0.0000000000E+00    0.0000000000E+00
    0.2308892896E-10   -0.3752775383E-09    0.2186608111E-08   -0.1958945353E-07   -0.4937461522E-07    0.0000000000E+00    0.0000000000E+00
   -0.5932849347E-11    0.9518830299E-10   -0.5518976718E-09    0.4925758510E-08    0.1246779718E-07    0.0000000000E+00    0.0000000000E+00
    0.1358459965E-11   -0.2159297922E-10    0.1247555528E-09   -0.1110417112E-08   -0.2817604827E-08    0.0000000000E+00    0.0000000000E+00
   -0.2595006699E-12    0.4097180706E-11   -0.2361258073E-10    0.2097530463E-09    0.5330030218E-09    0.0000000000E+00    0.0000000000E+00
    0.3655271488E-13   -0.5743372330E-12    0.3304069936E-11   -0.2930830995E-10   -0.7453713035E-10    0.0000000000E+00    0.0000000000E+00
   -0.2817411788E-14    0.4411538474E-13   -0.2534658951E-12    0.2246007069E-11    0.5714736196E-11    0.0000000000E+00    0.0000000000E+00
 l,ispin:           3           2
 psi n=1,noccmax(l):
   -0.8623256638E+01   -0.4884429418E+00    0.7910895063E+00    0.1020061646E+00   -0.2351724674E+01    0.0000000000E+00    0.0000000000E+00
    0.2593041164E+02    0.1470995685E+01   -0.2344397129E+01   -0.4861044058E+00    0.6225731981E+01    0.0000000000E+00    0.0000000000E+00
   -0.4361099745E+02   -0.2478456522E+01    0.3879616994E+01    0.1150981186E+01   -0.8900895860E+01    0.0000000000E+00    0.0000000000E+00
    0.5269887907E+02    0.2998989540E+01   -0.4636719841E+01   -0.1666023127E+01    0.9463875025E+01    0.0000000000E+00    0.0000000000E+00
   -0.4566909569E+02   -0.2596193994E+01    0.4055333342E+01    0.1248279468E+01   -0.9123648093E+01    0.0000000000E+00    0.0000000000E+00
    0.2497639854E+02    0.1406076625E+01   -0.2370172092E+01    0.1472036369E+00    0.8880534848E+01    0.0000000000E+00    0.0000000000E+00
   -0.2159141520E+02   -0.1219867411E+01    0.2008737981E+01    0.1006025497E+00   -0.6616751793E+01    0.0000000000E+00    0.0000000000E+00
    0.4060334521E+02    0.2341434994E+01   -0.3403029061E+01   -0.2367541031E+01    0.2329921099E+01    0.0000000000E+00    0.0000000000E+00
   -0.5319524870E+01   -0.3086391559E+00    0.6190185609E+00   -0.4547232760E+00   -0.4020076955E+01    0.0000000000E+00    0.0000000000E+00
   -0.1042925796E+02   -0.6124787624E+00    0.6721206775E+00    0.1631983892E+01    0.4259836117E+01    0.0000000000E+00    0.0000000000E+00
   -0.9735012016E+01   -0.5614396019E+00    0.8464190630E+00    0.4341195843E+00   -0.1211636738E+01    0.0000000000E+00    0.0000000000E+00
   -0.5063875871E+01   -0.2971231035E+00    0.3278036730E+00    0.7797753348E+00    0.2015242502E+01    0.0000000000E+00    0.0000000000E+00
   -0.2794189571E+01   -0.1599515472E+00    0.2590605608E+00    0.4383995093E-01   -0.7349350520E+00    0.0000000000E+00    0.0000000000E+00
   -0.1169595159E+01   -0.6884241915E-01    0.5990634055E-01    0.2491305721E+00    0.8049243416E+00    0.0000000000E+00    0.0000000000E+00
   -0.5275786187E+00   -0.2830150189E-01    0.5881025182E-01   -0.5041117574E-01   -0.4144770800E+00    0.0000000000E+00    0.0000000000E+00
   -0.1847107214E+00   -0.1045627991E-01   -0.1367728471E-02    0.7828237267E-01    0.3279805189E+00    0.0000000000E+00    0.0000000000E+00
   -0.7527292885E-01   -0.2595227151E-02    0.1351102858E-01   -0.3805795635E-01   -0.2060580009E+00    0.0000000000E+00    0.0000000000E+00
   -0.2206168674E-01   -0.1625653492E-02   -0.5475487881E-02    0.2886176345E-01    0.1420241052E+00    0.0000000000E+00    0.0000000000E+00
   -0.8286723564E-02    0.2294772903E-02    0.1590537586E-02   -0.2240853395E-01   -0.1002342664E+00    0.0000000000E+00    0.0000000000E+00
   -0.2330972871E-02   -0.2246921782E-02    0.4979088006E-04    0.1662226672E-01    0.7018483882E-01    0.0000000000E+00    0.0000000000E+00
   -0.8561465558E-03    0.1788460267E-02   -0.1254443653E-02   -0.1390946973E-01   -0.5271026480E-01    0.0000000000E+00    0.0000000000E+00
   -0.1346752832E-03    0.7368603552E-04   -0.7699734816E-03    0.7983683501E-02    0.3588836025E-01    0.0000000000E+00    0.0000000000E+00
   -0.7232614572E-04   -0.3052884097E-05    0.3312055426E-03   -0.6312095139E-02   -0.2782477248E-01    0.0000000000E+00    0.0000000000E+00
    0.2051560945E-05    0.3565191595E-03   -0.1237209409E-02    0.2668678433E-02    0.1854433947E-01    0.0000000000E+00    0.0000000000E+00
   -0.5092608317E-05    0.2110987987E-03    0.1097103785E-03   -0.3147915583E-02   -0.1770687359E-01    0.0000000000E+00    0.0000000000E+00
    0.1568115187E-05    0.2239870614E-03   -0.9549642615E-03    0.4519583661E-03    0.1385692539E-01    0.0000000000E+00    0.0000000000E+00
   -0.6052606624E-06    0.1157995147E-03    0.4616238788E-03    0.1530903397E-02   -0.5568896051E-02    0.0000000000E+00    0.0000000000E+00
    0.2210397417E-06   -0.8711469016E-05    0.6530500946E-04   -0.8219969760E-03    0.7206340231E-03    0.0000000000E+00    0.0000000000E+00
   -0.7819761019E-07    0.2139313025E-05   -0.1467821997E-04    0.1555543391E-03    0.1719180939E-03    0.0000000000E+00    0.0000000000E+00
    0.2683524268E-07   -0.6107753708E-06    0.3939019603E-05   -0.3923078194E-04   -0.6996449272E-04    0.0000000000E+00    0.0000000000E+00
   -0.8947274098E-08    0.1819839225E-06   -0.1125824595E-05    0.1085508084E-04    0.2276134620E-04    0.0000000000E+00    0.0000000000E+00
    0.2901087678E-08   -0.5473043537E-07    0.3291114751E-06   -0.3109616298E-05   -0.7028342007E-05    0.0000000000E+00    0.0000000000E+00
   -0.9141369706E-09    0.1636064483E-07   -0.9646382831E-07    0.8989398262E-06    0.2113172242E-05    0.0000000000E+00    0.0000000000E+00
    0.2789504190E-09   -0.4807631746E-08    0.2795702637E-07   -0.2579909034E-06   -0.6198742593E-06    0.0000000000E+00    0.0000000000E+00
   -0.8180367860E-10    0.1371889146E-08   -0.7900070694E-08    0.7238984047E-07    0.1761325166E-06    0.0000000000E+00    0.0000000000E+00
    0.2273623422E-10   -0.3738065656E-09    0.2137673038E-08   -0.1948776537E-07   -0.4776624224E-07    0.0000000000E+00    0.0000000000E+00
   -0.5850937290E-11    0.9481674267E-10   -0.5395494090E-09    0.4900424882E-08    0.1206358913E-07    0.0000000000E+00    0.0000000000E+00
    0.1341269856E-11   -0.2150894179E-10    0.1219648357E-09   -0.1104743084E-08   -0.2726547356E-08    0.0000000000E+00    0.0000000000E+00
   -0.2564479374E-12    0.4081268453E-11   -0.2308447332E-10    0.2086861125E-09    0.5158145155E-09    0.0000000000E+00    0.0000000000E+00
    0.3614752797E-13   -0.5721100039E-12    0.3230183374E-11   -0.2915970478E-10   -0.7213688846E-10    0.0000000000E+00    0.0000000000E+00
   -0.2787623044E-14    0.4394449033E-13   -0.2477984626E-12    0.2234644368E-11    0.5530890364E-11    0.0000000000E+00    0.0000000000E+00
