   40             4.00000 ng, rij 
     0.800     8.000                                       rcov,rprb 
 r                           (non)relativistic calculation
 PBE                         XC-functional
  2.000  2.000    0.2000000000   -0.9069854078E+01    0.1676625542E+01    0.0000000000E+00    0.0000000000E+00  znuc,zion,rloc,gpot()
  -1                                                       lpx, (Projectors for l=0..lpx)
 ---------------------------------------------
 Additional information (last calculation):
 gaussian exponents:
 xp():   141.42135623730948        100.00000000000000        70.710678118654755        50.000000000000028        35.355339059327392        25.000000000000007        17.677669529663703        12.500000000000009        8.8388347648318515        6.2500000000000071        4.4194173824159275        3.1250000000000036        2.2097086912079633        1.5625000000000018        1.1048543456039821       0.78125000000000122       0.55242717280199116       0.39062500000000083       0.27621358640099575       0.19531250000000042       0.13810679320049787        9.7656250000000236E-002   6.9053396600248951E-002   4.8828125000000125E-002   3.4526698300124482E-002   2.4414062500000066E-002   1.7263349150062245E-002   1.2207031250000036E-002   8.6316745750311223E-003   6.1035156250000191E-003   4.3158372875155638E-003   3.0517578125000104E-003   2.1579186437577823E-003   1.5258789062500054E-003   1.0789593218788914E-003   7.6293945312500293E-004   5.3947966093944580E-004   3.8146972656250152E-004   2.6973983046972290E-004   1.9073486328125081E-004
 orbital coefficients (one orbital per column)
 l,ispin:           0           1
 psi n=1,noccmax(l):
    0.2946181363E-03   -0.2446870070E-03   -0.6368397176E-04   -0.5902757527E-03
   -0.1190682469E-02    0.1316987027E-02    0.3048202346E-03    0.3277299738E-02
    0.4499676912E-02   -0.4039915309E-02   -0.1018998553E-02   -0.9826582299E-02
   -0.7912831924E-02    0.8322793846E-02    0.1974702468E-02    0.2056591979E-01
    0.1706390660E-01   -0.1474228438E-01   -0.3814519538E-02   -0.3556471526E-01
   -0.2653524245E-01    0.2220735295E-01    0.5900760034E-02    0.5312334917E-01
   -0.4159004361E-02   -0.2482251206E-01   -0.3454308604E-02   -0.6762208002E-01
   -0.2219549109E+00    0.6393683024E-01    0.3220946686E-01    0.1125754612E+00
   -0.4156071298E+00    0.1657118076E-01    0.4194149219E-01   -0.5923992271E-01
   -0.2577406644E+00    0.8045845264E-01    0.3610959580E-01    0.1515584000E+00
   -0.3220664452E+00   -0.7909526393E-02    0.3159468872E-01   -0.1047904431E+00
   -0.3296698000E+00    0.1077670848E+00    0.4853978860E-01    0.2000632307E+00
   -0.3574765519E+00   -0.1873312268E-01    0.3439164748E-01   -0.1397460343E+00
   -0.3503782199E+00    0.1317289338E+00    0.5583309271E-01    0.2464373300E+00
   -0.3342854256E+00   -0.4313340475E-01    0.2883768266E-01   -0.1863133641E+00
   -0.3282974907E+00    0.1656084031E+00    0.6754326193E-01    0.3019488019E+00
   -0.2783861542E+00   -0.8107029359E-01    0.1767651687E-01   -0.2436252858E+00
   -0.2067880456E+00    0.1711234843E+00    0.4535435407E-01    0.3295532294E+00
   -0.1672091635E+00   -0.1177750931E+00    0.2049487174E-01   -0.2912025325E+00
   -0.1134819921E+00    0.2271208352E+00    0.5635155525E-01    0.3969695582E+00
   -0.6888526745E-01   -0.1916627510E+00   -0.4981103886E-02   -0.3801043956E+00
   -0.3081959571E-01    0.2499137502E+00    0.4807804421E-01    0.4684262863E+00
   -0.1199029797E-01   -0.2384511025E+00   -0.5035522744E-01   -0.5340593838E+00
   -0.2246216490E-02    0.2025769157E+00    0.6249279498E-01    0.6389487207E+00
   -0.7647699401E-03   -0.1641109934E+00   -0.9051396950E-01   -0.7856852931E+00
    0.2304284586E-03    0.9256508225E-01    0.8826073257E-01    0.9376579706E+00
   -0.1748642862E-03   -0.7428100469E-01   -0.1153864489E+00   -0.1161628620E+01
    0.1160150556E-03    0.3102594406E-01    0.1142858166E+00    0.1504557698E+01
   -0.7557893288E-04   -0.3335973639E-01   -0.1912395629E+00   -0.2506026834E+01
    0.4809579934E-04   -0.2923829113E-01   -0.1710361986E+00    0.2191075671E+01
   -0.2979686762E-04   -0.1847929484E-01    0.2869276378E+00   -0.4221456130E+00
    0.1788768200E-04    0.8381192807E-02   -0.6987763826E-01   -0.3178257496E+00
   -0.1033804044E-04   -0.4320258077E-02    0.2742048635E-01    0.1672083949E+00
    0.5699713217E-05    0.2197955781E-02   -0.1196220540E-01   -0.8082067163E-01
   -0.2958717006E-05   -0.1066432519E-02    0.5273777384E-02    0.3737637378E-01
    0.1418648646E-05    0.4817719808E-03   -0.2237167552E-02   -0.1625579491E-01
   -0.6106378781E-06   -0.1967728106E-03    0.8755988150E-03    0.6450165604E-02
    0.2258595945E-06    0.6955035355E-04   -0.3005095934E-03   -0.2230892054E-02
   -0.6688389843E-07   -0.1981991497E-04    0.8389523228E-04    0.6255513158E-03
    0.1395559418E-07    0.4006365817E-05   -0.1671521834E-04   -0.1249447872E-03
   -0.1517693023E-08   -0.4246821650E-06    0.1753863072E-05    0.1312830922E-04
 l,ispin:           1           1
 psi n=1,noccmax(l):
    0.4340119126E-03    0.5210267372E-03    0.3911627622E-02    0.2854738202E-01
   -0.1909618922E-02   -0.2301565354E-02   -0.1725044555E-01   -0.1258604735E+00
    0.4502440755E-02    0.5383011895E-02    0.4050628711E-01    0.2958116276E+00
   -0.7617965188E-02   -0.9118545273E-02   -0.6860240660E-01   -0.5010488960E+00
    0.1061387126E-01    0.1255751056E-01    0.9503543825E-01    0.6951118765E+00
   -0.1295659580E-01   -0.1523555945E-01   -0.1157197450E+00   -0.8473066254E+00
    0.1407474859E-01    0.1757324128E-01    0.1299894551E+00    0.9469867460E+00
   -0.1656146531E-01   -0.1598509642E-01   -0.1341658625E+00   -0.1002827851E+01
    0.8219384333E-02    0.2845896377E-01    0.1501915269E+00    0.1002472858E+01
   -0.1585076206E-01   -0.1678779022E-01   -0.1352011974E+00   -0.1004989277E+01
    0.1122797270E-01    0.2199069235E-01    0.1375893282E+00    0.9683386307E+00
   -0.1493318995E-01   -0.1464958877E-01   -0.1241741246E+00   -0.9366806680E+00
    0.8475874858E-02    0.2161751948E-01    0.1265560431E+00    0.8812755715E+00
   -0.1291138778E-01   -0.1258054555E-01   -0.1100250612E+00   -0.8438151918E+00
    0.5315121153E-02    0.2066148710E-01    0.1131015300E+00    0.7848245263E+00
   -0.8402576310E-02   -0.1300951186E-01   -0.9785518878E-01   -0.7472929822E+00
   -0.1729371586E-02    0.2427313884E-01    0.1046394963E+00    0.6879470433E+00
   -0.3409518172E-02   -0.1306492431E-01   -0.8537208062E-01   -0.6600184994E+00
   -0.3657474749E-02    0.1886001318E-01    0.8554322564E-01    0.6144282404E+00
    0.4331775403E-02   -0.1465572792E-01   -0.7370072345E-01   -0.5859541725E+00
   -0.1393452480E-01    0.2379661155E-01    0.7819047761E-01    0.5424080305E+00
    0.1144244056E-01   -0.1552900161E-01   -0.6246972842E-01   -0.5251860622E+00
   -0.2008309071E-01    0.2619904027E-01    0.7137283985E-01    0.4828945670E+00
    0.1290658146E-01   -0.1680259383E-01   -0.5920850043E-01   -0.4666777557E+00
   -0.1352971535E-01    0.2211787395E-01    0.6789804038E-01    0.4287477671E+00
    0.5168716843E-02   -0.1385581692E-01   -0.6119112266E-01   -0.4129814273E+00
   -0.4733298805E-02    0.1688012818E-01    0.7138232726E-01    0.3795667129E+00
    0.6848544573E-03   -0.1163378360E-01   -0.7227190178E-01   -0.3701859479E+00
   -0.1191692824E-02    0.1980146944E-01    0.1315916627E+00    0.1803377849E+00
   -0.4671112066E-02    0.6655810813E-02   -0.1282763685E+00    0.1307590716E+00
   -0.1363316804E-02   -0.1568269253E-01    0.3846637113E-01   -0.2244838943E+00
    0.4296932797E-03    0.3338063111E-02    0.3901179314E-02    0.1259322718E+00
   -0.1733269766E-03   -0.1114805382E-02   -0.2376659013E-02   -0.4421428132E-01
    0.7180222396E-04    0.4126742230E-03    0.1053628448E-02    0.1640474333E-01
   -0.2894818234E-04   -0.1547762157E-03   -0.4290306559E-03   -0.6107934075E-02
    0.1102217094E-04    0.5615694893E-04    0.1625771254E-03    0.2195603884E-02
   -0.3841937812E-05   -0.1894081971E-04   -0.5620480618E-04   -0.7339518202E-03
    0.1173478704E-05    0.5655220313E-05    0.1702783308E-04    0.2174413134E-03
   -0.2928404866E-06   -0.1389078405E-05   -0.4219592310E-05   -0.5306789165E-04
    0.5258023437E-07    0.2466619794E-06    0.7533570760E-06    0.9375203428E-05
   -0.5026009975E-08   -0.2339486484E-07   -0.7169364377E-07   -0.8856496600E-06
 l,ispin:           1           2
 psi n=1,noccmax(l):
    0.4340119126E-03    0.5210267372E-03    0.3911627622E-02    0.2854738202E-01
   -0.1909618922E-02   -0.2301565354E-02   -0.1725044555E-01   -0.1258604735E+00
    0.4502440755E-02    0.5383011895E-02    0.4050628711E-01    0.2958116276E+00
   -0.7617965188E-02   -0.9118545273E-02   -0.6860240660E-01   -0.5010488960E+00
    0.1061387126E-01    0.1255751056E-01    0.9503543825E-01    0.6951118765E+00
   -0.1295659580E-01   -0.1523555945E-01   -0.1157197450E+00   -0.8473066254E+00
    0.1407474859E-01    0.1757324128E-01    0.1299894551E+00    0.9469867460E+00
   -0.1656146531E-01   -0.1598509642E-01   -0.1341658625E+00   -0.1002827851E+01
    0.8219384333E-02    0.2845896377E-01    0.1501915269E+00    0.1002472858E+01
   -0.1585076206E-01   -0.1678779022E-01   -0.1352011974E+00   -0.1004989277E+01
    0.1122797270E-01    0.2199069235E-01    0.1375893282E+00    0.9683386307E+00
   -0.1493318995E-01   -0.1464958877E-01   -0.1241741246E+00   -0.9366806680E+00
    0.8475874858E-02    0.2161751948E-01    0.1265560431E+00    0.8812755715E+00
   -0.1291138778E-01   -0.1258054555E-01   -0.1100250612E+00   -0.8438151918E+00
    0.5315121153E-02    0.2066148710E-01    0.1131015300E+00    0.7848245263E+00
   -0.8402576310E-02   -0.1300951186E-01   -0.9785518878E-01   -0.7472929822E+00
   -0.1729371586E-02    0.2427313884E-01    0.1046394963E+00    0.6879470433E+00
   -0.3409518172E-02   -0.1306492431E-01   -0.8537208062E-01   -0.6600184994E+00
   -0.3657474749E-02    0.1886001318E-01    0.8554322564E-01    0.6144282404E+00
    0.4331775403E-02   -0.1465572792E-01   -0.7370072345E-01   -0.5859541725E+00
   -0.1393452480E-01    0.2379661155E-01    0.7819047761E-01    0.5424080305E+00
    0.1144244056E-01   -0.1552900161E-01   -0.6246972842E-01   -0.5251860622E+00
   -0.2008309071E-01    0.2619904027E-01    0.7137283985E-01    0.4828945670E+00
    0.1290658146E-01   -0.1680259383E-01   -0.5920850043E-01   -0.4666777557E+00
   -0.1352971535E-01    0.2211787395E-01    0.6789804038E-01    0.4287477671E+00
    0.5168716843E-02   -0.1385581692E-01   -0.6119112266E-01   -0.4129814273E+00
   -0.4733298805E-02    0.1688012818E-01    0.7138232726E-01    0.3795667129E+00
    0.6848544573E-03   -0.1163378360E-01   -0.7227190178E-01   -0.3701859479E+00
   -0.1191692824E-02    0.1980146944E-01    0.1315916627E+00    0.1803377849E+00
   -0.4671112066E-02    0.6655810813E-02   -0.1282763685E+00    0.1307590716E+00
   -0.1363316804E-02   -0.1568269253E-01    0.3846637113E-01   -0.2244838943E+00
    0.4296932797E-03    0.3338063111E-02    0.3901179314E-02    0.1259322718E+00
   -0.1733269766E-03   -0.1114805382E-02   -0.2376659013E-02   -0.4421428132E-01
    0.7180222396E-04    0.4126742230E-03    0.1053628448E-02    0.1640474333E-01
   -0.2894818234E-04   -0.1547762157E-03   -0.4290306559E-03   -0.6107934075E-02
    0.1102217094E-04    0.5615694893E-04    0.1625771254E-03    0.2195603884E-02
   -0.3841937812E-05   -0.1894081971E-04   -0.5620480618E-04   -0.7339518202E-03
    0.1173478704E-05    0.5655220313E-05    0.1702783308E-04    0.2174413134E-03
   -0.2928404866E-06   -0.1389078405E-05   -0.4219592310E-05   -0.5306789165E-04
    0.5258023437E-07    0.2466619794E-06    0.7533570760E-06    0.9375203428E-05
   -0.5026009975E-08   -0.2339486484E-07   -0.7169364377E-07   -0.8856496600E-06
 l,ispin:           2           1
 psi n=1,noccmax(l):
    0.8756765257E-02    0.3590491766E-02    0.8098369990E-01   -0.2478290670E+00    0.0000000000E+00
   -0.3032979252E-01   -0.1243839770E-01   -0.2805145315E+00    0.8584405215E+00    0.0000000000E+00
    0.5676712715E-01    0.2328595016E-01    0.5250786276E+00   -0.1606871267E+01    0.0000000000E+00
   -0.7752532743E-01   -0.3181378775E-01   -0.7171950594E+00    0.2194798012E+01    0.0000000000E+00
    0.8762094669E-01    0.3597530125E-01    0.8107574880E+00   -0.2481139392E+01    0.0000000000E+00
   -0.8777794812E-01   -0.3606951707E-01   -0.8124664943E+00    0.2486378155E+01    0.0000000000E+00
    0.8124627541E-01    0.3344689357E-01    0.7524653842E+00   -0.2302651348E+01    0.0000000000E+00
   -0.7138757919E-01   -0.2938301839E-01   -0.6613041375E+00    0.2024008868E+01    0.0000000000E+00
    0.6032542604E-01    0.2538468770E-01    0.5619356076E+00   -0.1717191105E+01    0.0000000000E+00
   -0.5007533539E-01   -0.2086212425E-01   -0.4656186600E+00    0.1424436645E+01    0.0000000000E+00
    0.4073959437E-01    0.1719706884E-01    0.3802867281E+00   -0.1162670640E+01    0.0000000000E+00
   -0.3285744647E-01   -0.1387878109E-01   -0.3071164137E+00    0.9395249151E+00    0.0000000000E+00
    0.2612747085E-01    0.1144468110E-01    0.2467687840E+00   -0.7533911546E+00    0.0000000000E+00
   -0.2079324666E-01   -0.9118294646E-02   -0.1969373090E+00    0.6020505156E+00    0.0000000000E+00
    0.1624373383E-01    0.7675079923E-02    0.1573249976E+00   -0.4789632395E+00    0.0000000000E+00
   -0.1272359602E-01   -0.6238869285E-02   -0.1251178547E+00    0.3809201819E+00    0.0000000000E+00
    0.9620387563E-02    0.5624701661E-02    0.1002067676E+00   -0.3016869273E+00    0.0000000000E+00
   -0.7437470009E-02   -0.4540017386E-02   -0.7946153723E-01    0.2400116576E+00    0.0000000000E+00
    0.5433831906E-02    0.4136923637E-02    0.6364338068E-01   -0.1903058761E+00    0.0000000000E+00
   -0.3808487301E-02   -0.3817202411E-02   -0.5105098913E-01    0.1511167302E+00    0.0000000000E+00
    0.2292078011E-02    0.3967056737E-02    0.4168340600E-01   -0.1193368700E+00    0.0000000000E+00
   -0.1330415789E-02   -0.3600950136E-02   -0.3352857996E-01    0.9526597494E-01    0.0000000000E+00
    0.3175376214E-03    0.3899443062E-02    0.2812341861E-01   -0.7469650111E-01    0.0000000000E+00
   -0.7166797829E-04   -0.3236728035E-02   -0.2271606746E-01    0.5977149952E-01    0.0000000000E+00
   -0.1306035377E-03    0.2951842581E-02    0.1914674283E-01   -0.4666624759E-01    0.0000000000E+00
   -0.6975503499E-04   -0.2122713407E-02   -0.1565189477E-01    0.3697112338E-01    0.0000000000E+00
    0.7917767862E-04    0.1779179931E-02    0.1370800656E-01   -0.2771470440E-01    0.0000000000E+00
   -0.1501066716E-03   -0.1366213754E-02   -0.1255471868E-01    0.1880619617E-01    0.0000000000E+00
    0.1673331950E-03    0.1320144158E-02    0.1494445464E-01    0.3649681987E-02    0.0000000000E+00
   -0.5322627850E-03    0.1462185956E-02   -0.9102703687E-02   -0.1972941602E-01    0.0000000000E+00
   -0.1184799229E-03   -0.1342569850E-02    0.1289261274E-02    0.1607863448E-01    0.0000000000E+00
    0.2576851339E-04    0.2222737535E-03    0.6748607228E-03   -0.6575491764E-02    0.0000000000E+00
   -0.7863095403E-05   -0.6111895636E-04   -0.2517704673E-03    0.1839782670E-02    0.0000000000E+00
    0.2579013958E-05    0.1890598622E-04    0.8661828725E-04   -0.5592570509E-03    0.0000000000E+00
   -0.8461899573E-06   -0.5974913090E-05   -0.2874709470E-04    0.1732514997E-03    0.0000000000E+00
    0.2673846762E-06    0.1840658123E-05    0.9081006311E-05   -0.5244209872E-04    0.0000000000E+00
   -0.7859849462E-07   -0.5315895206E-06   -0.2658349335E-05    0.1492884625E-04    0.0000000000E+00
    0.2054717169E-07    0.1372461098E-06    0.6914677902E-06   -0.3810682123E-05    0.0000000000E+00
   -0.4453496203E-08   -0.2948517008E-07   -0.1491647770E-06    0.8114842727E-06    0.0000000000E+00
    0.7051365495E-09    0.4639123742E-08    0.2352236468E-07   -0.1268233592E-06    0.0000000000E+00
   -0.6037989694E-10   -0.3954583325E-09   -0.2007583639E-08    0.1075654905E-07    0.0000000000E+00
 l,ispin:           2           2
 psi n=1,noccmax(l):
    0.8756765257E-02    0.3590491766E-02    0.8098369990E-01   -0.2478290670E+00    0.0000000000E+00
   -0.3032979252E-01   -0.1243839770E-01   -0.2805145315E+00    0.8584405215E+00    0.0000000000E+00
    0.5676712715E-01    0.2328595016E-01    0.5250786276E+00   -0.1606871267E+01    0.0000000000E+00
   -0.7752532743E-01   -0.3181378775E-01   -0.7171950594E+00    0.2194798012E+01    0.0000000000E+00
    0.8762094669E-01    0.3597530125E-01    0.8107574880E+00   -0.2481139392E+01    0.0000000000E+00
   -0.8777794812E-01   -0.3606951707E-01   -0.8124664943E+00    0.2486378155E+01    0.0000000000E+00
    0.8124627541E-01    0.3344689357E-01    0.7524653842E+00   -0.2302651348E+01    0.0000000000E+00
   -0.7138757919E-01   -0.2938301839E-01   -0.6613041375E+00    0.2024008868E+01    0.0000000000E+00
    0.6032542604E-01    0.2538468770E-01    0.5619356076E+00   -0.1717191105E+01    0.0000000000E+00
   -0.5007533539E-01   -0.2086212425E-01   -0.4656186600E+00    0.1424436645E+01    0.0000000000E+00
    0.4073959437E-01    0.1719706884E-01    0.3802867281E+00   -0.1162670640E+01    0.0000000000E+00
   -0.3285744647E-01   -0.1387878109E-01   -0.3071164137E+00    0.9395249151E+00    0.0000000000E+00
    0.2612747085E-01    0.1144468110E-01    0.2467687840E+00   -0.7533911546E+00    0.0000000000E+00
   -0.2079324666E-01   -0.9118294646E-02   -0.1969373090E+00    0.6020505156E+00    0.0000000000E+00
    0.1624373383E-01    0.7675079923E-02    0.1573249976E+00   -0.4789632395E+00    0.0000000000E+00
   -0.1272359602E-01   -0.6238869285E-02   -0.1251178547E+00    0.3809201819E+00    0.0000000000E+00
    0.9620387563E-02    0.5624701661E-02    0.1002067676E+00   -0.3016869273E+00    0.0000000000E+00
   -0.7437470009E-02   -0.4540017386E-02   -0.7946153723E-01    0.2400116576E+00    0.0000000000E+00
    0.5433831906E-02    0.4136923637E-02    0.6364338068E-01   -0.1903058761E+00    0.0000000000E+00
   -0.3808487301E-02   -0.3817202411E-02   -0.5105098913E-01    0.1511167302E+00    0.0000000000E+00
    0.2292078011E-02    0.3967056737E-02    0.4168340600E-01   -0.1193368700E+00    0.0000000000E+00
   -0.1330415789E-02   -0.3600950136E-02   -0.3352857996E-01    0.9526597494E-01    0.0000000000E+00
    0.3175376214E-03    0.3899443062E-02    0.2812341861E-01   -0.7469650111E-01    0.0000000000E+00
   -0.7166797829E-04   -0.3236728035E-02   -0.2271606746E-01    0.5977149952E-01    0.0000000000E+00
   -0.1306035377E-03    0.2951842581E-02    0.1914674283E-01   -0.4666624759E-01    0.0000000000E+00
   -0.6975503499E-04   -0.2122713407E-02   -0.1565189477E-01    0.3697112338E-01    0.0000000000E+00
    0.7917767862E-04    0.1779179931E-02    0.1370800656E-01   -0.2771470440E-01    0.0000000000E+00
   -0.1501066716E-03   -0.1366213754E-02   -0.1255471868E-01    0.1880619617E-01    0.0000000000E+00
    0.1673331950E-03    0.1320144158E-02    0.1494445464E-01    0.3649681987E-02    0.0000000000E+00
   -0.5322627850E-03    0.1462185956E-02   -0.9102703687E-02   -0.1972941602E-01    0.0000000000E+00
   -0.1184799229E-03   -0.1342569850E-02    0.1289261274E-02    0.1607863448E-01    0.0000000000E+00
    0.2576851339E-04    0.2222737535E-03    0.6748607228E-03   -0.6575491764E-02    0.0000000000E+00
   -0.7863095403E-05   -0.6111895636E-04   -0.2517704673E-03    0.1839782670E-02    0.0000000000E+00
    0.2579013958E-05    0.1890598622E-04    0.8661828725E-04   -0.5592570509E-03    0.0000000000E+00
   -0.8461899573E-06   -0.5974913090E-05   -0.2874709470E-04    0.1732514997E-03    0.0000000000E+00
    0.2673846762E-06    0.1840658123E-05    0.9081006311E-05   -0.5244209872E-04    0.0000000000E+00
   -0.7859849462E-07   -0.5315895206E-06   -0.2658349335E-05    0.1492884625E-04    0.0000000000E+00
    0.2054717169E-07    0.1372461098E-06    0.6914677902E-06   -0.3810682123E-05    0.0000000000E+00
   -0.4453496203E-08   -0.2948517008E-07   -0.1491647770E-06    0.8114842727E-06    0.0000000000E+00
    0.7051365495E-09    0.4639123742E-08    0.2352236468E-07   -0.1268233592E-06    0.0000000000E+00
   -0.6037989694E-10   -0.3954583325E-09   -0.2007583639E-08    0.1075654905E-07    0.0000000000E+00
 l,ispin:           3           1
 psi n=1,noccmax(l):
   -0.5206684779E-01   -0.7336889339E-01   -0.8369388492E+00    0.1856076998E+01    0.0000000000E+00
    0.1423736298E+00    0.2006238305E+00    0.2288588359E+01   -0.5075414889E+01    0.0000000000E+00
   -0.2132617481E+00   -0.3005169486E+00   -0.3428143836E+01    0.7602651056E+01    0.0000000000E+00
    0.2359133665E+00    0.3324396449E+00    0.3792362221E+01   -0.8410439301E+01    0.0000000000E+00
   -0.2181989678E+00   -0.3074811750E+00   -0.3507725067E+01    0.7779258160E+01    0.0000000000E+00
    0.1803968613E+00    0.2542157307E+00    0.2900171676E+01   -0.6431928795E+01    0.0000000000E+00
   -0.1387496362E+00   -0.1955319562E+00   -0.2230787953E+01    0.4947453639E+01    0.0000000000E+00
    0.1018045605E+00    0.1434692501E+00    0.1636939724E+01   -0.3630489566E+01    0.0000000000E+00
   -0.7240975097E-01   -0.1020789657E+00   -0.1164622515E+01    0.2582903043E+01    0.0000000000E+00
    0.5046981917E-01    0.7114343401E-01    0.8118479583E+00   -0.1800603749E+01    0.0000000000E+00
   -0.3470287499E-01   -0.4892724404E-01   -0.5584065981E+00    0.1238510856E+01    0.0000000000E+00
    0.2365184031E-01    0.3334735743E-01    0.3807154336E+00   -0.8444405035E+00    0.0000000000E+00
   -0.1602034592E-01   -0.2260798483E-01   -0.2581096056E+00    0.5724501252E+00    0.0000000000E+00
    0.1081342796E-01    0.1526042957E-01    0.1743399023E+00   -0.3866824762E+00    0.0000000000E+00
   -0.7272545696E-02   -0.1029239034E-01   -0.1175272091E+00    0.2605820852E+00    0.0000000000E+00
    0.4883488296E-02    0.6929166722E-02    0.7913050598E-01   -0.1753993024E+00    0.0000000000E+00
   -0.3262442916E-02   -0.4687629266E-02   -0.5329972009E-01    0.1179429796E+00    0.0000000000E+00
    0.2181566430E-02    0.3158491643E-02    0.3588688658E-01   -0.7935233712E-01    0.0000000000E+00
   -0.1444912831E-02   -0.2151034256E-02   -0.2421588848E-01    0.5337769105E-01    0.0000000000E+00
    0.9431224193E-03    0.1486185113E-02    0.1639152607E-01   -0.3591196330E-01    0.0000000000E+00
   -0.5931287367E-03   -0.1064937928E-02   -0.1117472410E-01    0.2412277852E-01    0.0000000000E+00
    0.3631412199E-03    0.7684637895E-03    0.7642933648E-02   -0.1623889739E-01    0.0000000000E+00
   -0.1962324986E-03   -0.5991883445E-03   -0.5323341156E-02    0.1084132100E-01    0.0000000000E+00
    0.1077279361E-03    0.4420801026E-03    0.3700780968E-02   -0.7276202443E-02    0.0000000000E+00
   -0.5439925350E-04   -0.3347802411E-03   -0.2624397091E-02    0.4813143431E-02    0.0000000000E+00
    0.3832888673E-04    0.2272488297E-03    0.1856812108E-02   -0.3177983252E-02    0.0000000000E+00
   -0.2599338162E-04   -0.1612484415E-03   -0.1371212122E-02    0.1977648029E-02    0.0000000000E+00
    0.2032533869E-04    0.1134004704E-03    0.1080725381E-02   -0.1001971891E-02    0.0000000000E+00
   -0.1789138562E-04   -0.8690152273E-04   -0.1050749667E-02   -0.5585336802E-03    0.0000000000E+00
    0.3882074738E-04   -0.1024006054E-03    0.5071442020E-03    0.1180211973E-02    0.0000000000E+00
    0.6998009404E-05    0.7363953222E-04   -0.5017104398E-04   -0.7446101239E-03    0.0000000000E+00
   -0.1225549492E-05   -0.1017419678E-04   -0.3184092509E-04    0.2505268199E-03    0.0000000000E+00
    0.3058117261E-06    0.2352495211E-05    0.9738907251E-05   -0.5790511527E-04    0.0000000000E+00
   -0.8295048625E-07   -0.6134161874E-06   -0.2795172827E-05    0.1466776168E-04    0.0000000000E+00
    0.2272336972E-07    0.1639513211E-06    0.7797643634E-06   -0.3814111767E-05    0.0000000000E+00
   -0.6049755382E-08   -0.4292607742E-07   -0.2085163615E-06    0.9764314574E-06    0.0000000000E+00
    0.1512653134E-08    0.1060726278E-07    0.5208750145E-07   -0.2370847137E-06    0.0000000000E+00
   -0.3398862013E-09   -0.2363336415E-08   -0.1167070169E-07    0.5212085593E-07    0.0000000000E+00
    0.6406592621E-10    0.4427592479E-09    0.2192717004E-08   -0.9666789957E-08    0.0000000000E+00
   -0.8938085369E-11   -0.6149884051E-10   -0.3049903142E-09    0.1332691361E-08    0.0000000000E+00
    0.6841699372E-12    0.4692449901E-11    0.2328544413E-10   -0.1011260227E-09    0.0000000000E+00
 l,ispin:           3           2
 psi n=1,noccmax(l):
   -0.5206684779E-01   -0.7336889339E-01   -0.8369388492E+00    0.1856076998E+01    0.0000000000E+00
    0.1423736298E+00    0.2006238305E+00    0.2288588359E+01   -0.5075414889E+01    0.0000000000E+00
   -0.2132617481E+00   -0.3005169486E+00   -0.3428143836E+01    0.7602651056E+01    0.0000000000E+00
    0.2359133665E+00    0.3324396449E+00    0.3792362221E+01   -0.8410439301E+01    0.0000000000E+00
   -0.2181989678E+00   -0.3074811750E+00   -0.3507725067E+01    0.7779258160E+01    0.0000000000E+00
    0.1803968613E+00    0.2542157307E+00    0.2900171676E+01   -0.6431928795E+01    0.0000000000E+00
   -0.1387496362E+00   -0.1955319562E+00   -0.2230787953E+01    0.4947453639E+01    0.0000000000E+00
    0.1018045605E+00    0.1434692501E+00    0.1636939724E+01   -0.3630489566E+01    0.0000000000E+00
   -0.7240975097E-01   -0.1020789657E+00   -0.1164622515E+01    0.2582903043E+01    0.0000000000E+00
    0.5046981917E-01    0.7114343401E-01    0.8118479583E+00   -0.1800603749E+01    0.0000000000E+00
   -0.3470287499E-01   -0.4892724404E-01   -0.5584065981E+00    0.1238510856E+01    0.0000000000E+00
    0.2365184031E-01    0.3334735743E-01    0.3807154336E+00   -0.8444405035E+00    0.0000000000E+00
   -0.1602034592E-01   -0.2260798483E-01   -0.2581096056E+00    0.5724501252E+00    0.0000000000E+00
    0.1081342796E-01    0.1526042957E-01    0.1743399023E+00   -0.3866824762E+00    0.0000000000E+00
   -0.7272545696E-02   -0.1029239034E-01   -0.1175272091E+00    0.2605820852E+00    0.0000000000E+00
    0.4883488296E-02    0.6929166722E-02    0.7913050598E-01   -0.1753993024E+00    0.0000000000E+00
   -0.3262442916E-02   -0.4687629266E-02   -0.5329972009E-01    0.1179429796E+00    0.0000000000E+00
    0.2181566430E-02    0.3158491643E-02    0.3588688658E-01   -0.7935233712E-01    0.0000000000E+00
   -0.1444912831E-02   -0.2151034256E-02   -0.2421588848E-01    0.5337769105E-01    0.0000000000E+00
    0.9431224193E-03    0.1486185113E-02    0.1639152607E-01   -0.3591196330E-01    0.0000000000E+00
   -0.5931287367E-03   -0.1064937928E-02   -0.1117472410E-01    0.2412277852E-01    0.0000000000E+00
    0.3631412199E-03    0.7684637895E-03    0.7642933648E-02   -0.1623889739E-01    0.0000000000E+00
   -0.1962324986E-03   -0.5991883445E-03   -0.5323341156E-02    0.1084132100E-01    0.0000000000E+00
    0.1077279361E-03    0.4420801026E-03    0.3700780968E-02   -0.7276202443E-02    0.0000000000E+00
   -0.5439925350E-04   -0.3347802411E-03   -0.2624397091E-02    0.4813143431E-02    0.0000000000E+00
    0.3832888673E-04    0.2272488297E-03    0.1856812108E-02   -0.3177983252E-02    0.0000000000E+00
   -0.2599338162E-04   -0.1612484415E-03   -0.1371212122E-02    0.1977648029E-02    0.0000000000E+00
    0.2032533869E-04    0.1134004704E-03    0.1080725381E-02   -0.1001971891E-02    0.0000000000E+00
   -0.1789138562E-04   -0.8690152273E-04   -0.1050749667E-02   -0.5585336802E-03    0.0000000000E+00
    0.3882074738E-04   -0.1024006054E-03    0.5071442020E-03    0.1180211973E-02    0.0000000000E+00
    0.6998009404E-05    0.7363953222E-04   -0.5017104398E-04   -0.7446101239E-03    0.0000000000E+00
   -0.1225549492E-05   -0.1017419678E-04   -0.3184092509E-04    0.2505268199E-03    0.0000000000E+00
    0.3058117261E-06    0.2352495211E-05    0.9738907251E-05   -0.5790511527E-04    0.0000000000E+00
   -0.8295048625E-07   -0.6134161874E-06   -0.2795172827E-05    0.1466776168E-04    0.0000000000E+00
    0.2272336972E-07    0.1639513211E-06    0.7797643634E-06   -0.3814111767E-05    0.0000000000E+00
   -0.6049755382E-08   -0.4292607742E-07   -0.2085163615E-06    0.9764314574E-06    0.0000000000E+00
    0.1512653134E-08    0.1060726278E-07    0.5208750145E-07   -0.2370847137E-06    0.0000000000E+00
   -0.3398862013E-09   -0.2363336415E-08   -0.1167070169E-07    0.5212085593E-07    0.0000000000E+00
    0.6406592621E-10    0.4427592479E-09    0.2192717004E-08   -0.9666789957E-08    0.0000000000E+00
   -0.8938085369E-11   -0.6149884051E-10   -0.3049903142E-09    0.1332691361E-08    0.0000000000E+00
    0.6841699372E-12    0.4692449901E-11    0.2328544413E-10   -0.1011260227E-09    0.0000000000E+00
