 Initial weight-guess from atomic-program
 ----------------------------------------
   0.0E+00     weight_psir0
   n   l  so     eigval  chrg    dchrg  ddchrg  res    rnode dnode ddnode
   1   0  0.50   1.0e3   1.0e3   1.0e-1 1.0e0   1.0e0  1.0e0 0.0e0 0.0e0
   2   0  0.50   2.0e1   2.0e1   0.0e0  0.0e0   0.0e0  0.0e0 0.0e0 0.0e0
   3   0  0.50   4.0e0   4.0e0   0.0e0  0.0e0   0.0e0  0.0e0 0.0e0 0.0e0
   4   0  0.50   1.0e0   1.0e0   0.0e0  0.0e0   0.0e0  0.0e0 0.0e0 0.0e0
   2   1 -0.50   1.0e2   1.0e2   0.0e0  0.0e0   0.0e0  0.0e0 0.0e0 0.0e0
   2   1  0.50   1.0e2   1.0e2   0.0e0  0.0e0   0.0e0  0.0e0 0.0e0 0.0e0
   3   1 -0.50   2.0e1   2.0e1   0.0e0  0.0e0   0.0e0  0.0e0 0.0e0 0.0e0
   3   1  0.50   2.0e1   2.0e1   0.0e0  0.0e0   0.0e0  0.0e0 0.0e0 0.0e0
   4   1 -0.50   4.0e0   4.0e0   0.0e0  0.0e0   0.0e0  0.0e0 0.0e0 0.0e0
   4   1  0.50   4.0e0   4.0e0   0.0e0  0.0e0   0.0e0  0.0e0 0.0e0 0.0e0
   3   2 -0.50   1.0e2   1.0e2   0.0e0  0.0e0   0.0e0  0.0e0 0.0e0 0.0e0
   3   2  0.50   1.0e2   1.0e2   0.0e0  0.0e0   0.0e0  0.0e0 0.0e0 0.0e0
   4   2 -0.50   4.0e0   4.0e0   0.0e0  0.0e0   0.0e0  0.0e0 0.0e0 0.0e0
   4   2  0.50   4.0e0   4.0e0   0.0e0  0.0e0   0.0e0  0.0e0 0.0e0 0.0e0
   5   2 -0.50   1.0e0   1.0e0   0.0e0  0.0e0   0.0e0  0.0e0 0.0e0 0.0e0
   5   2  0.50   1.0e0   1.0e0   0.0e0  0.0e0   0.0e0  0.0e0 0.0e0 0.0e0
   4   3 -0.50   1.0e1   1.0e1   0.0e0  0.0e0   0.0e0  0.0e0 0.0e0 0.0e0
   4   3  0.50   1.0e1   1.0e1   0.0e0  0.0e0   0.0e0  0.0e0 0.0e0 0.0e0
   5   3 -0.50   1.0e0   1.0e0   0.0e0  0.0e0   0.0e0  0.0e0 0.0e0 0.0e0
   5   3  0.50   1.0e0   1.0e0   0.0e0  0.0e0   0.0e0  0.0e0 0.0e0 0.0e0
