   40             4.00000 ng, rij 
     2.410     4.820                                       rcov,rprb 
 r                           (non)relativistic calculation
 PBE                         XC-functional
101.000 23.000    0.4350000000    0.3862992726E+02   -0.1082476531E+01    0.0000000000E+00    0.0000000000E+00  znuc,zion,rloc,gpot()
   3                                                       lpx, (Projectors for l=0..lpx)
    0.4497697011   -0.2003045977E+01    0.1796247947E+01   -0.5975810867E+00    0.1058324570E+01   -0.2732582289E+01    0.2168919952E+01  r_l(),hsep(), so=+0.5
    0.4307109684    0.9573821654E+00    0.1652474720E+01   -0.4180013551E+01   -0.1336326062E+01    0.3162324641E+01   -0.2247480921E+01  r_l(),hsep(), so=+0.5
   -0.2050210073E+01    0.1955859545E+00    0.3087582529E+01    0.1993577771E+01   -0.4717666058E+01    0.3352870329E+01         hsep(), so=-0.5
    0.5842515460    0.4527698922E+00    0.4436598053E+00   -0.5030629335E+00    0.0000000000E+00   -0.0000000000E+00    0.0000000000E+00  r_l(),hsep(), so=+0.5
    0.2590735871E+00    0.4136949764E+00   -0.4690860113E+00    0.0000000000E+00   -0.0000000000E+00    0.0000000000E+00         hsep(), so=-0.5
    0.2904472159   -0.1798023112E+02   -0.0000000000E+00    0.0000000000E+00    0.0000000000E+00   -0.0000000000E+00    0.0000000000E+00  r_l(),hsep(), so=+0.5
   -0.1817440170E+02   -0.0000000000E+00    0.0000000000E+00    0.0000000000E+00   -0.0000000000E+00    0.0000000000E+00         hsep(), so=-0.5
 ---------------------------------------------
 Additional information (last calculation):
 gaussian exponents:
 xp():   29.894856649451086        21.138855859426609        14.947428324725546        10.569427929713310        7.4737141623627741        5.2847139648566541        3.7368570811813870        2.6423569824283279        1.8684285405906935        1.3211784912141646       0.93421427029534720       0.66058924560708232       0.46710713514767360       0.33029462280354122       0.23355356757383694       0.16514731140177066       0.11677678378691850        8.2573655700885373E-002   5.8388391893459270E-002   4.1286827850442694E-002   2.9194195946729635E-002   2.0643413925221343E-002   1.4597097973364828E-002   1.0321706962610675E-002   7.2985489866824122E-003   5.1608534813053393E-003   3.6492744933412070E-003   2.5804267406526701E-003   1.8246372466706037E-003   1.2902133703263355E-003   9.1231862333530228E-004   6.4510668516316785E-004   4.5615931166765114E-004   3.2255334258158392E-004   2.2807965583382562E-004   1.6127667129079204E-004   1.1403982791691283E-004   8.0638335645396021E-005   5.7019913958456440E-005   4.0319167822698024E-005
 orbital coefficients (one orbital per column)
 l,ispin:           0           1
 psi n=1,noccmax(l):
    0.4184981555E-01    0.8873118713E-02    0.3922386305E-02    0.4539550586E-02    0.0000000000E+00    0.0000000000E+00    0.0000000000E+00    0.5906155451E-01    0.1677746591E-01
   -0.3458572072E+00   -0.9283596044E-01   -0.4665122388E-01   -0.4771470147E-01    0.0000000000E+00    0.0000000000E+00    0.0000000000E+00   -0.1477777590E+00   -0.4122985643E-01
    0.1223510013E+01    0.3620413523E+00    0.1884888523E+00    0.1869144637E+00    0.0000000000E+00    0.0000000000E+00    0.0000000000E+00    0.1716363379E-01    0.2089128058E-03
   -0.2494809587E+01   -0.7680902808E+00   -0.4017574256E+00   -0.3989164176E+00    0.0000000000E+00    0.0000000000E+00    0.0000000000E+00    0.4313620177E+00    0.1351274915E+00
    0.3319141432E+01    0.1031075367E+01    0.5289329333E+00    0.5416097600E+00    0.0000000000E+00    0.0000000000E+00    0.0000000000E+00   -0.8281186313E+00   -0.2563898400E+00
   -0.2837159830E+01   -0.8609038491E+00   -0.4071342089E+00   -0.4665261938E+00    0.0000000000E+00    0.0000000000E+00    0.0000000000E+00    0.7029808505E+00    0.2235133973E+00
    0.1237697754E+01    0.3294179931E+00    0.7688316726E-01    0.2062931332E+00    0.0000000000E+00    0.0000000000E+00    0.0000000000E+00   -0.2790766270E+00   -0.7000319544E-01
   -0.3382301388E+01   -0.1104052899E+01   -0.4856027923E+00   -0.6077628763E+00    0.0000000000E+00    0.0000000000E+00    0.0000000000E+00    0.1701328977E+01    0.4223400686E+00
    0.7567815970E+01    0.2539271377E+01    0.1277090506E+01    0.1355807165E+01    0.0000000000E+00    0.0000000000E+00    0.0000000000E+00   -0.2825141307E+01   -0.8402356772E+00
   -0.2213605817E+01   -0.5970208491E+00   -0.1477978882E+00   -0.3787229027E+00    0.0000000000E+00    0.0000000000E+00    0.0000000000E+00   -0.4224685044E+00   -0.1151370010E-01
    0.9606672989E+00    0.2148109857E+00   -0.1022267111E+00    0.1815936400E+00    0.0000000000E+00    0.0000000000E+00    0.0000000000E+00    0.1540870762E+00   -0.1244195803E-01
   -0.2277756033E+01   -0.7970860112E+00   -0.1914463343E+00   -0.4615327158E+00    0.0000000000E+00    0.0000000000E+00    0.0000000000E+00    0.6109362853E+00    0.2373795556E+00
    0.1495829018E+00   -0.1384872695E+00   -0.3970917829E+00   -0.7531418931E-01    0.0000000000E+00    0.0000000000E+00    0.0000000000E+00    0.3831714876E+00    0.6475555074E-01
   -0.1056830251E+01   -0.7117928372E+00   -0.1344227873E+00   -0.4198476835E+00    0.0000000000E+00    0.0000000000E+00    0.0000000000E+00    0.3519328003E+00    0.2219026975E+00
    0.3482490002E+00    0.5521566339E+00    0.2188053338E+00    0.5589192235E+00    0.0000000000E+00    0.0000000000E+00    0.0000000000E+00    0.1056830806E+00   -0.1158007008E+00
   -0.3805903927E+00   -0.7321613637E+00   -0.7642846183E+00   -0.1299051109E+01    0.0000000000E+00    0.0000000000E+00    0.0000000000E+00    0.9352885465E-01    0.1884082336E+00
    0.2415970961E+00    0.4421763003E+00    0.9463219478E+00    0.1813268927E+01    0.0000000000E+00    0.0000000000E+00    0.0000000000E+00    0.8797266584E-02   -0.6813183387E-01
   -0.1708751434E+00   -0.4351055162E-01   -0.7105222031E+00   -0.1988372177E+01    0.0000000000E+00    0.0000000000E+00    0.0000000000E+00    0.1346017556E-01    0.4082922431E-03
    0.1171252450E+00    0.1557678486E+00    0.5100181269E+00    0.2087999351E+01    0.0000000000E+00    0.0000000000E+00    0.0000000000E+00   -0.3826930297E-02   -0.1395546630E-02
   -0.7926056514E-01    0.7518218022E-01    0.7888402488E-01   -0.1350144232E+01    0.0000000000E+00    0.0000000000E+00    0.0000000000E+00    0.2720283377E-02   -0.2303037241E-01
    0.5286553690E-01    0.8268905733E-01    0.1993407883E+00    0.1883186386E+01    0.0000000000E+00    0.0000000000E+00    0.0000000000E+00   -0.1505800076E-02   -0.1668077036E-01
   -0.3474050347E-01    0.4300804839E-02    0.1904840724E-01   -0.1130770018E+01    0.0000000000E+00    0.0000000000E+00    0.0000000000E+00    0.8337146039E-03   -0.1255424156E-01
    0.2248447913E-01    0.9464616165E-02   -0.2775217038E+00   -0.1378673267E+01    0.0000000000E+00    0.0000000000E+00    0.0000000000E+00   -0.4513495952E-03   -0.2265283384E-02
   -0.1432620692E-01   -0.5585828843E-02   -0.1474009372E-01    0.1535231241E+01    0.0000000000E+00    0.0000000000E+00    0.0000000000E+00    0.2389187046E-03    0.2332399635E-03
    0.8981944247E-02    0.3382348642E-02    0.1246292900E-01   -0.5409473756E+00    0.0000000000E+00    0.0000000000E+00    0.0000000000E+00   -0.1236517698E-03   -0.5601684854E-04
   -0.5538001201E-02   -0.2002761860E-02   -0.8083089611E-02    0.2446252880E+00    0.0000000000E+00    0.0000000000E+00    0.0000000000E+00    0.6259644613E-04    0.1586369769E-04
    0.3355740176E-02    0.1159107198E-02    0.4859970425E-02   -0.1205535329E+00    0.0000000000E+00    0.0000000000E+00    0.0000000000E+00   -0.3101990742E-04   -0.4757328726E-05
   -0.1996753584E-02   -0.6569028377E-03   -0.2801265052E-02    0.6150050560E-01    0.0000000000E+00    0.0000000000E+00    0.0000000000E+00    0.1506189579E-04    0.1461281286E-05
    0.1165494777E-02    0.3651860035E-03    0.1567879184E-02   -0.3179871132E-01    0.0000000000E+00    0.0000000000E+00    0.0000000000E+00   -0.7171613809E-05   -0.4542094385E-06
   -0.6663763915E-03   -0.1993166418E-03   -0.8572430681E-03    0.1648523630E-01    0.0000000000E+00    0.0000000000E+00    0.0000000000E+00    0.3349621310E-05    0.1422435850E-06
    0.3724097694E-03    0.1067524610E-03    0.4588266163E-03   -0.8507715565E-02    0.0000000000E+00    0.0000000000E+00    0.0000000000E+00   -0.1533818043E-05   -0.4482237554E-07
   -0.2027571334E-03   -0.5597590597E-04   -0.2401756694E-03    0.4342219609E-02    0.0000000000E+00    0.0000000000E+00    0.0000000000E+00    0.6872312104E-06    0.1420552627E-07
    0.1069893346E-03    0.2859785499E-04    0.1224558765E-03   -0.2175101924E-02    0.0000000000E+00    0.0000000000E+00    0.0000000000E+00   -0.3000834639E-06   -0.4523148212E-08
   -0.5427933556E-04   -0.1412093506E-04   -0.6034578987E-04    0.1058627860E-02    0.0000000000E+00    0.0000000000E+00    0.0000000000E+00    0.1268127794E-06    0.1441858785E-08
    0.2615306803E-04    0.6654150934E-05    0.2838601123E-04   -0.4936134272E-03    0.0000000000E+00    0.0000000000E+00    0.0000000000E+00   -0.5128291875E-07   -0.4563999379E-09
   -0.1174595894E-04   -0.2935406898E-05   -0.1250329025E-04    0.2160773526E-03    0.0000000000E+00    0.0000000000E+00    0.0000000000E+00    0.1949977014E-07    0.1411887399E-09
    0.4779433124E-05    0.1177522882E-05    0.5009412977E-05   -0.8619078992E-04    0.0000000000E+00    0.0000000000E+00    0.0000000000E+00   -0.6784375715E-08   -0.4152195134E-10
   -0.1686024223E-05   -0.4107798735E-06   -0.1745802044E-05    0.2994430331E-04    0.0000000000E+00    0.0000000000E+00    0.0000000000E+00    0.2069574903E-08    0.1109383129E-10
    0.4801437073E-06    0.1159748874E-06    0.4925045624E-06   -0.8428852472E-05    0.0000000000E+00    0.0000000000E+00    0.0000000000E+00   -0.5161520563E-09   -0.2499850932E-11
   -0.9706419515E-07   -0.2329050288E-07   -0.9884669601E-07    0.1689034458E-05    0.0000000000E+00    0.0000000000E+00    0.0000000000E+00    0.9266781151E-10    0.4160813671E-12
    0.1029398169E-07    0.2457687252E-08    0.1042578808E-07   -0.1779514278E-06    0.0000000000E+00    0.0000000000E+00    0.0000000000E+00   -0.8859721215E-11   -0.3763651464E-13
 l,ispin:           1           1
 psi n=1,noccmax(l):
    0.5906155451E-01    0.1677746591E-01    0.1670952169E-01   -0.6266394231E-02    0.0000000000E+00    0.0000000000E+00    0.0000000000E+00   -0.6429309695E-01   -0.3896261936E-01
   -0.1477777590E+00   -0.4122985643E-01   -0.4660123131E-01    0.1718793433E-02    0.0000000000E+00    0.0000000000E+00    0.0000000000E+00    0.2030194099E+00    0.1216211558E+00
    0.1716363379E-01    0.2089128058E-03    0.2947548583E-01    0.7262475836E-01    0.0000000000E+00    0.0000000000E+00    0.0000000000E+00   -0.2979479828E+00   -0.1711931244E+00
    0.4313620177E+00    0.1351274915E+00    0.6226202767E-01   -0.2306461982E+00    0.0000000000E+00    0.0000000000E+00    0.0000000000E+00    0.2540997730E+00    0.1281499908E+00
   -0.8281186313E+00   -0.2563898400E+00   -0.1434342365E+00    0.3752074689E+00    0.0000000000E+00    0.0000000000E+00    0.0000000000E+00   -0.1410563535E+00   -0.4340400370E-01
    0.7029808505E+00    0.2235133973E+00    0.1007689477E+00   -0.3873407780E+00    0.0000000000E+00    0.0000000000E+00    0.0000000000E+00    0.1016844826E+00    0.1476572051E-01
   -0.2790766270E+00   -0.7000319544E-01    0.4095234790E-01    0.2840107395E+00    0.0000000000E+00    0.0000000000E+00    0.0000000000E+00   -0.1851967851E+00   -0.7629211902E-01
    0.1701328977E+01    0.4223400686E+00    0.2368760937E+00   -0.5611636651E+00    0.0000000000E+00    0.0000000000E+00    0.0000000000E+00   -0.1360235848E-01   -0.4721734172E-01
   -0.2825141307E+01   -0.8402356772E+00   -0.5920997558E+00    0.9130717266E+00    0.0000000000E+00    0.0000000000E+00    0.0000000000E+00    0.3798670697E+00    0.2959693752E+00
   -0.4224685044E+00   -0.1151370010E-01   -0.1011554111E+00   -0.2551474566E+00    0.0000000000E+00    0.0000000000E+00    0.0000000000E+00    0.5846470181E-01    0.7476368322E-03
    0.1540870762E+00   -0.1244195803E-01    0.8693332498E-01    0.2508222129E+00    0.0000000000E+00    0.0000000000E+00    0.0000000000E+00    0.1971610333E-01    0.3765684258E-01
    0.6109362853E+00    0.2373795556E+00    0.1016098601E+00   -0.4130896032E+00    0.0000000000E+00    0.0000000000E+00    0.0000000000E+00   -0.1075202360E+00   -0.9722623696E-01
    0.3831714876E+00    0.6475555074E-01    0.1486017516E+00    0.1506297079E+00    0.0000000000E+00    0.0000000000E+00    0.0000000000E+00   -0.7416451258E-01   -0.2816530951E-01
    0.3519328003E+00    0.2219026975E+00    0.1074605790E+00   -0.3821354362E+00    0.0000000000E+00    0.0000000000E+00    0.0000000000E+00   -0.8069032706E-01   -0.7958357690E-01
    0.1056830806E+00   -0.1158007008E+00   -0.5128456477E-01    0.3252195993E+00    0.0000000000E+00    0.0000000000E+00    0.0000000000E+00   -0.3899176204E-01   -0.7607318289E-03
    0.9352885465E-01    0.1884082336E+00    0.1730444056E+00   -0.4691729535E+00    0.0000000000E+00    0.0000000000E+00    0.0000000000E+00   -0.1501019037E-01   -0.3132547600E-01
    0.8797266584E-02   -0.6813183387E-01   -0.1156255470E+00    0.4419502686E+00    0.0000000000E+00    0.0000000000E+00    0.0000000000E+00   -0.2487539146E-01   -0.1036901533E-01
    0.1346017556E-01    0.4082922431E-03    0.6156355081E-01   -0.4052792047E+00    0.0000000000E+00    0.0000000000E+00    0.0000000000E+00   -0.5548645094E-02   -0.9728490006E-03
   -0.3826930297E-02   -0.1395546630E-02   -0.2773706665E-01    0.3584704921E+00    0.0000000000E+00    0.0000000000E+00    0.0000000000E+00   -0.5694937348E-02   -0.8455453056E-02
    0.2720283377E-02   -0.2303037241E-01   -0.4861256897E-01   -0.2173290572E+00    0.0000000000E+00    0.0000000000E+00    0.0000000000E+00   -0.2777598545E-02   -0.9286997811E-04
   -0.1505800076E-02   -0.1668077036E-01   -0.1310703866E-01    0.2940971414E+00    0.0000000000E+00    0.0000000000E+00    0.0000000000E+00   -0.1482219623E-02   -0.2146557190E-04
    0.8337146039E-03   -0.1255424156E-01   -0.4834444286E-01   -0.9505979597E-01    0.0000000000E+00    0.0000000000E+00    0.0000000000E+00   -0.4139982676E-03    0.2147659518E-02
   -0.4513495952E-03   -0.2265283384E-02    0.5302097718E-01   -0.2075599934E+00    0.0000000000E+00    0.0000000000E+00    0.0000000000E+00   -0.5860610224E-04    0.2131784340E-02
    0.2389187046E-03    0.2332399635E-03    0.2260560040E-02    0.1657084408E+00    0.0000000000E+00    0.0000000000E+00    0.0000000000E+00    0.1355789516E-04   -0.1800004907E-03
   -0.1236517698E-03   -0.5601684854E-04   -0.8807046736E-03   -0.4733829949E-01    0.0000000000E+00    0.0000000000E+00    0.0000000000E+00   -0.5081866381E-05    0.5082073579E-04
    0.6259644613E-04    0.1586369769E-04    0.3755019617E-03    0.1755748907E-01    0.0000000000E+00    0.0000000000E+00    0.0000000000E+00    0.1987147255E-05   -0.1702743532E-04
   -0.3101990742E-04   -0.4757328726E-05   -0.1667771715E-03   -0.7136777785E-02    0.0000000000E+00    0.0000000000E+00    0.0000000000E+00   -0.7757531211E-06    0.6039876725E-05
    0.1506189579E-04    0.1461281286E-05    0.7489769689E-04    0.3015496068E-02    0.0000000000E+00    0.0000000000E+00    0.0000000000E+00    0.2998271067E-06   -0.2191725630E-05
   -0.7171613809E-05   -0.4542094385E-06   -0.3359370812E-04   -0.1295868989E-02    0.0000000000E+00    0.0000000000E+00    0.0000000000E+00   -0.1145597687E-06    0.8023439923E-06
    0.3349621310E-05    0.1422435850E-06    0.1496687277E-04    0.5601481594E-03    0.0000000000E+00    0.0000000000E+00    0.0000000000E+00    0.4326246357E-07   -0.2941817251E-06
   -0.1533818043E-05   -0.4482237554E-07   -0.6600293642E-05   -0.2417893076E-03    0.0000000000E+00    0.0000000000E+00    0.0000000000E+00   -0.1613597518E-07    0.1074903189E-06
    0.6872312104E-06    0.1420552627E-07    0.2870121377E-05    0.1035581916E-03    0.0000000000E+00    0.0000000000E+00    0.0000000000E+00    0.5931907300E-08   -0.3895081567E-07
   -0.3000834639E-06   -0.4523148212E-08   -0.1224032742E-05   -0.4369235460E-04    0.0000000000E+00    0.0000000000E+00    0.0000000000E+00   -0.2140687850E-08    0.1391505847E-07
    0.1268127794E-06    0.1441858785E-08    0.5078173942E-06    0.1798902232E-04    0.0000000000E+00    0.0000000000E+00    0.0000000000E+00    0.7531672845E-09   -0.4861094518E-08
   -0.5128291875E-07   -0.4563999379E-09   -0.2024505734E-06   -0.7132970421E-05    0.0000000000E+00    0.0000000000E+00    0.0000000000E+00   -0.2555428808E-09    0.1641082766E-08
    0.1949977014E-07    0.1411887399E-09    0.7614105547E-07    0.2672423157E-05    0.0000000000E+00    0.0000000000E+00    0.0000000000E+00    0.8220618715E-10   -0.5260625364E-09
   -0.6784375715E-08   -0.4152195134E-10   -0.2627106155E-07   -0.9195674030E-06    0.0000000000E+00    0.0000000000E+00    0.0000000000E+00   -0.2442323857E-10    0.1559029673E-09
    0.2069574903E-08    0.1109383129E-10    0.7963639113E-08    0.2782151793E-06    0.0000000000E+00    0.0000000000E+00    0.0000000000E+00    0.6429293737E-11   -0.4096861054E-10
   -0.5161520563E-09   -0.2499850932E-11   -0.1976756508E-08   -0.6896510871E-07    0.0000000000E+00    0.0000000000E+00    0.0000000000E+00   -0.1400341424E-11    0.8912167855E-11
    0.9266781151E-10    0.4160813671E-12    0.3536484140E-09    0.1232615817E-07    0.0000000000E+00    0.0000000000E+00    0.0000000000E+00    0.2225161605E-12   -0.1414916662E-11
   -0.8859721215E-11   -0.3763651464E-13   -0.3372304658E-10   -0.1174586713E-08    0.0000000000E+00    0.0000000000E+00    0.0000000000E+00   -0.1910492790E-13    0.1214077356E-12
 l,ispin:           1           2
 psi n=1,noccmax(l):
   -0.1493037887E+00   -0.4008342895E-01   -0.3243830039E-01    0.2254275997E-01    0.0000000000E+00    0.0000000000E+00    0.0000000000E+00   -0.9146032517E-01   -0.5000170162E-01
    0.4298490670E+00    0.1180385464E+00    0.9990652551E-01   -0.5928926319E-01    0.0000000000E+00    0.0000000000E+00    0.0000000000E+00    0.2914217578E+00    0.1581106480E+00
   -0.3294279408E+00   -0.9713963741E-01   -0.1019799397E+00    0.1557452066E-01    0.0000000000E+00    0.0000000000E+00    0.0000000000E+00   -0.4298750412E+00   -0.2263917830E+00
   -0.4105142768E+00   -0.9671260394E-01   -0.2000846056E-01    0.1535182097E+00    0.0000000000E+00    0.0000000000E+00    0.0000000000E+00    0.3661814130E+00    0.1757941073E+00
    0.1126664463E+01    0.2915266665E+00    0.1441274662E+00   -0.3221191052E+00    0.0000000000E+00    0.0000000000E+00    0.0000000000E+00   -0.1992494736E+00   -0.6874166217E-01
   -0.8993317947E+00   -0.2513797143E+00   -0.1000054876E+00    0.3235833041E+00    0.0000000000E+00    0.0000000000E+00    0.0000000000E+00    0.1296900116E+00    0.2554665433E-01
   -0.9977232656E+00   -0.1915356923E+00   -0.2341952028E+00   -0.4207608864E-01    0.0000000000E+00    0.0000000000E+00    0.0000000000E+00   -0.2460885442E+00   -0.9981433921E-01
    0.1119531717E+01    0.1837171040E+00    0.2341398034E+00    0.5620626070E-01    0.0000000000E+00    0.0000000000E+00    0.0000000000E+00    0.5051627482E-01   -0.5453940520E-02
    0.3608072441E+01    0.9692599181E+00    0.6078311736E+00   -0.8391960913E+00    0.0000000000E+00    0.0000000000E+00    0.0000000000E+00    0.4667173760E+00    0.3145859372E+00
   -0.1660816632E+01   -0.4087969400E+00   -0.1939545791E+00    0.4492278025E+00    0.0000000000E+00    0.0000000000E+00    0.0000000000E+00    0.3748238854E-01   -0.1531656716E-01
   -0.2472008741E+00   -0.1077858747E+00   -0.1876920836E+00   -0.8199631646E-01    0.0000000000E+00    0.0000000000E+00    0.0000000000E+00   -0.2010601574E-01    0.1104256891E-01
   -0.1149519564E+01   -0.3255608399E+00   -0.1360362561E+00    0.3694979586E+00    0.0000000000E+00    0.0000000000E+00    0.0000000000E+00   -0.1467919781E+00   -0.1105865257E+00
   -0.2556334888E+00   -0.1039421845E+00   -0.1885200244E+00   -0.4098883793E-01    0.0000000000E+00    0.0000000000E+00    0.0000000000E+00   -0.9485441515E-01   -0.3570770494E-01
   -0.3713099369E+00   -0.1636392746E+00   -0.2008840379E-01    0.2172527312E+00    0.0000000000E+00    0.0000000000E+00    0.0000000000E+00   -0.9473141117E-01   -0.8072523261E-01
    0.4400856205E-03    0.1123757992E+00    0.8586650771E-02   -0.1951925654E+00    0.0000000000E+00    0.0000000000E+00    0.0000000000E+00   -0.4148222702E-01    0.8820290680E-03
   -0.7949672450E-01   -0.1549704175E+00   -0.1048742965E+00    0.3052617019E+00    0.0000000000E+00    0.0000000000E+00    0.0000000000E+00   -0.2031356471E-01   -0.3389203484E-01
    0.2677180649E-01    0.1014999260E+00    0.1309504789E+00   -0.3671780090E+00    0.0000000000E+00    0.0000000000E+00    0.0000000000E+00   -0.2409820436E-01   -0.6998273813E-02
   -0.1912377619E-01    0.1526277802E-04   -0.6738116318E-01    0.3319719786E+00    0.0000000000E+00    0.0000000000E+00    0.0000000000E+00   -0.5989374892E-02   -0.1248731807E-02
    0.1071088676E-01    0.2304963783E-01    0.6539376830E-01   -0.3456971620E+00    0.0000000000E+00    0.0000000000E+00    0.0000000000E+00   -0.5486287224E-02   -0.7387575803E-02
   -0.6118696378E-02    0.2140837088E-01    0.2940083885E-01    0.2017947893E+00    0.0000000000E+00    0.0000000000E+00    0.0000000000E+00   -0.2410037517E-02    0.5847213817E-03
    0.3429662515E-02    0.1642083163E-01    0.2050369455E-01   -0.2688737644E+00    0.0000000000E+00    0.0000000000E+00    0.0000000000E+00   -0.1196834690E-02    0.4704242091E-03
   -0.1889221194E-02    0.6661138460E-02    0.1333172912E-01    0.1848668002E+00    0.0000000000E+00    0.0000000000E+00    0.0000000000E+00   -0.2709833201E-03    0.2352288126E-02
    0.1021841964E-02    0.1175173634E-02   -0.4085682981E-01    0.9193365562E-01    0.0000000000E+00    0.0000000000E+00    0.0000000000E+00   -0.3794168271E-04    0.1846759605E-02
   -0.5423951986E-03   -0.2823112431E-03    0.6236967096E-03   -0.1167896454E+00    0.0000000000E+00    0.0000000000E+00    0.0000000000E+00    0.1032812161E-04   -0.1669771503E-03
    0.2824460131E-03    0.1208039353E-03   -0.5494113127E-04    0.3499260386E-01    0.0000000000E+00    0.0000000000E+00    0.0000000000E+00   -0.4037223383E-05    0.4726962094E-04
   -0.1442721265E-03   -0.5534208687E-04   -0.1669036987E-04   -0.1323280713E-01    0.0000000000E+00    0.0000000000E+00    0.0000000000E+00    0.1607450084E-05   -0.1584463147E-04
    0.7228688695E-04    0.2558306333E-04    0.1891166812E-04    0.5435100733E-02    0.0000000000E+00    0.0000000000E+00    0.0000000000E+00   -0.6337069930E-06    0.5622074717E-05
   -0.3552980480E-04   -0.1176606910E-04   -0.1191692998E-04   -0.2311192270E-02    0.0000000000E+00    0.0000000000E+00    0.0000000000E+00    0.2464057402E-06   -0.2040804332E-05
    0.1713027460E-04    0.5360695143E-05    0.6371213338E-05    0.9973996768E-03    0.0000000000E+00    0.0000000000E+00    0.0000000000E+00   -0.9452202369E-07    0.7473440646E-06
   -0.8098531920E-05   -0.2414975995E-05   -0.3145944113E-05   -0.4323844551E-03    0.0000000000E+00    0.0000000000E+00    0.0000000000E+00    0.3579230770E-07   -0.2740981180E-06
    0.3750139848E-05    0.1073776193E-05    0.1478997034E-05    0.1870206530E-03    0.0000000000E+00    0.0000000000E+00    0.0000000000E+00   -0.1337510872E-07    0.1001775070E-06
   -0.1697065279E-05   -0.4698405019E-06   -0.6702046673E-06   -0.8021713266E-04    0.0000000000E+00    0.0000000000E+00    0.0000000000E+00    0.4923565072E-08   -0.3630842962E-07
    0.7474064250E-06    0.2013264936E-06    0.2936898626E-06    0.3387971160E-04    0.0000000000E+00    0.0000000000E+00    0.0000000000E+00   -0.1778502340E-08    0.1297320773E-07
   -0.3181214369E-06   -0.8382711386E-07   -0.1240723156E-06   -0.1395939250E-04    0.0000000000E+00    0.0000000000E+00    0.0000000000E+00    0.6261667377E-09   -0.4532648046E-08
    0.1294058267E-06    0.3351110865E-07    0.5007149555E-07    0.5538131108E-05    0.0000000000E+00    0.0000000000E+00    0.0000000000E+00   -0.2125570416E-09    0.1530351125E-08
   -0.4943798793E-07   -0.1262965414E-07   -0.1898833774E-07   -0.2075709381E-05    0.0000000000E+00    0.0000000000E+00    0.0000000000E+00    0.6840204300E-10   -0.4906031977E-09
    0.1726484297E-07    0.4364454898E-08    0.6588624083E-08    0.7144408931E-06    0.0000000000E+00    0.0000000000E+00    0.0000000000E+00   -0.2032719395E-10    0.1454024645E-09
   -0.5282004361E-08   -0.1324564923E-08   -0.2004940830E-08   -0.2161976620E-06    0.0000000000E+00    0.0000000000E+00    0.0000000000E+00    0.5351998912E-11   -0.3821086303E-10
    0.1320292500E-08    0.3290746482E-09    0.4989863512E-09    0.5359971857E-07    0.0000000000E+00    0.0000000000E+00    0.0000000000E+00   -0.1165850778E-11    0.8312516224E-11
   -0.2374459103E-09   -0.5891072824E-10   -0.8943207086E-10   -0.9580894088E-08    0.0000000000E+00    0.0000000000E+00    0.0000000000E+00    0.1852724619E-12   -0.1319744945E-11
    0.2273091488E-10    0.5620268352E-11    0.8538645767E-11    0.9130527001E-09    0.0000000000E+00    0.0000000000E+00    0.0000000000E+00   -0.1590829085E-13    0.1132433873E-12
 l,ispin:           2           1
 psi n=1,noccmax(l):
   -0.6429309695E-01   -0.3896261936E-01   -0.5084740486E-01    0.1334962554E-02    0.0000000000E+00    0.0000000000E+00    0.0000000000E+00   -0.2571782760E+01
    0.2030194099E+00    0.1216211558E+00    0.1640585345E+00    0.7757819017E-02    0.0000000000E+00    0.0000000000E+00    0.0000000000E+00    0.1074518929E+02
   -0.2979479828E+00   -0.1711931244E+00   -0.2550766456E+00   -0.6771227102E-01    0.0000000000E+00    0.0000000000E+00    0.0000000000E+00   -0.1915226079E+02
    0.2540997730E+00    0.1281499908E+00    0.2505686673E+00    0.1925930374E+00    0.0000000000E+00    0.0000000000E+00    0.0000000000E+00    0.1914141581E+02
   -0.1410563535E+00   -0.4340400370E-01   -0.1892044088E+00   -0.3144765255E+00    0.0000000000E+00    0.0000000000E+00    0.0000000000E+00   -0.1306367126E+02
    0.1016844826E+00    0.1476572051E-01    0.1626679690E+00    0.3445862938E+00    0.0000000000E+00    0.0000000000E+00    0.0000000000E+00    0.1101689771E+02
   -0.1851967851E+00   -0.7629211902E-01   -0.2095001994E+00   -0.2608648121E+00    0.0000000000E+00    0.0000000000E+00    0.0000000000E+00   -0.1786505568E+02
   -0.1360235848E-01   -0.4721734172E-01    0.8399243570E-01    0.3259382123E+00    0.0000000000E+00    0.0000000000E+00    0.0000000000E+00   -0.6660485639E+01
    0.3798670697E+00    0.2959693752E+00    0.1674070525E+00   -0.5189879675E+00    0.0000000000E+00    0.0000000000E+00    0.0000000000E+00   -0.3378857161E+01
    0.5846470181E-01    0.7476368322E-03    0.8229060065E-01    0.2149315976E+00    0.0000000000E+00    0.0000000000E+00    0.0000000000E+00   -0.1263487173E+01
    0.1971610333E-01    0.3765684258E-01   -0.3829839325E-01   -0.1988501271E+00    0.0000000000E+00    0.0000000000E+00    0.0000000000E+00   -0.6327647582E+00
   -0.1075202360E+00   -0.9722623696E-01   -0.3312595507E-01    0.2272631277E+00    0.0000000000E+00    0.0000000000E+00    0.0000000000E+00   -0.1871531499E+00
   -0.7416451258E-01   -0.2816530951E-01   -0.6967066321E-01   -0.8744463152E-01    0.0000000000E+00    0.0000000000E+00    0.0000000000E+00   -0.9189542735E-01
   -0.8069032706E-01   -0.7958357690E-01   -0.4330328779E-01    0.1736095886E+00    0.0000000000E+00    0.0000000000E+00    0.0000000000E+00   -0.2085239090E-01
   -0.3899176204E-01   -0.7607318289E-03   -0.1809210888E-01   -0.9310811141E-01    0.0000000000E+00    0.0000000000E+00    0.0000000000E+00   -0.1097186397E-01
   -0.1501019037E-01   -0.3132547600E-01   -0.2036328401E-01    0.1177257035E+00    0.0000000000E+00    0.0000000000E+00    0.0000000000E+00   -0.1921161675E-02
   -0.2487539146E-01   -0.1036901533E-01   -0.1869435379E-01   -0.6184913038E-01    0.0000000000E+00    0.0000000000E+00    0.0000000000E+00   -0.1320501112E-02
   -0.5548645094E-02   -0.9728490006E-03    0.1064004243E-01    0.5412137200E-01    0.0000000000E+00    0.0000000000E+00    0.0000000000E+00   -0.3289494973E-04
   -0.5694937348E-02   -0.8455453056E-02   -0.2249002993E-01   -0.2449228577E-01    0.0000000000E+00    0.0000000000E+00    0.0000000000E+00   -0.1466606319E-03
   -0.2777598545E-02   -0.9286997811E-04    0.1496571481E-01    0.1613625273E-01    0.0000000000E+00    0.0000000000E+00    0.0000000000E+00    0.2307590155E-04
   -0.1482219623E-02   -0.2146557190E-04   -0.1051413567E-01   -0.1322643981E-01    0.0000000000E+00    0.0000000000E+00    0.0000000000E+00   -0.1553899608E-04
   -0.4139982676E-03    0.2147659518E-02    0.1918433557E-01   -0.3530720332E-01    0.0000000000E+00    0.0000000000E+00    0.0000000000E+00    0.5357279464E-05
   -0.5860610224E-04    0.2131784340E-02   -0.5527052031E-02    0.4795164139E-01    0.0000000000E+00    0.0000000000E+00    0.0000000000E+00   -0.2049683623E-05
    0.1355789516E-04   -0.1800004907E-03   -0.2405465745E-02   -0.2067063854E-01    0.0000000000E+00    0.0000000000E+00    0.0000000000E+00    0.7499111096E-06
   -0.5081866381E-05    0.5082073579E-04    0.6541925638E-03    0.4214954680E-02    0.0000000000E+00    0.0000000000E+00    0.0000000000E+00   -0.2662219965E-06
    0.1987147255E-05   -0.1702743532E-04   -0.2120763462E-03   -0.1210924683E-02    0.0000000000E+00    0.0000000000E+00    0.0000000000E+00    0.9194680370E-07
   -0.7757531211E-06    0.6039876725E-05    0.7357014517E-04    0.3933564743E-03    0.0000000000E+00    0.0000000000E+00    0.0000000000E+00   -0.3100188516E-07
    0.2998271067E-06   -0.2191725630E-05   -0.2629261762E-04   -0.1350004605E-03    0.0000000000E+00    0.0000000000E+00    0.0000000000E+00    0.1024140925E-07
   -0.1145597687E-06    0.8023439923E-06    0.9521222936E-05    0.4760211507E-04    0.0000000000E+00    0.0000000000E+00    0.0000000000E+00   -0.3325095785E-08
    0.4326246357E-07   -0.2941817251E-06   -0.3463348430E-05   -0.1700369233E-04    0.0000000000E+00    0.0000000000E+00    0.0000000000E+00    0.1063312676E-08
   -0.1613597518E-07    0.1074903189E-06    0.1258009518E-05    0.6098848695E-05    0.0000000000E+00    0.0000000000E+00    0.0000000000E+00   -0.3351994435E-09
    0.5931907300E-08   -0.3895081567E-07   -0.4538489997E-06   -0.2180827526E-05    0.0000000000E+00    0.0000000000E+00    0.0000000000E+00    0.1040856674E-09
   -0.2140687850E-08    0.1391505847E-07    0.1616002562E-06    0.7716609200E-06    0.0000000000E+00    0.0000000000E+00    0.0000000000E+00   -0.3174500728E-10
    0.7531672845E-09   -0.4861094518E-08   -0.5631396494E-07   -0.2677112478E-06    0.0000000000E+00    0.0000000000E+00    0.0000000000E+00    0.9455678138E-11
   -0.2555428808E-09    0.1641082766E-08    0.1897629050E-07    0.8992636026E-07    0.0000000000E+00    0.0000000000E+00    0.0000000000E+00   -0.2724331181E-11
    0.8220618715E-10   -0.5260625364E-09   -0.6074677284E-08   -0.2872239571E-07    0.0000000000E+00    0.0000000000E+00    0.0000000000E+00    0.7475564544E-12
   -0.2442323857E-10    0.1559029673E-09    0.1798456813E-08    0.8489871682E-08    0.0000000000E+00    0.0000000000E+00    0.0000000000E+00   -0.1906124225E-12
    0.6429293737E-11   -0.4096861054E-10   -0.4722504735E-09   -0.2226782595E-08    0.0000000000E+00    0.0000000000E+00    0.0000000000E+00    0.4340904366E-13
   -0.1400341424E-11    0.8912167855E-11    0.1026753628E-09    0.4837476306E-09    0.0000000000E+00    0.0000000000E+00    0.0000000000E+00   -0.8260822311E-14
    0.2225161605E-12   -0.1414916662E-11   -0.1629443856E-10   -0.7672571999E-10    0.0000000000E+00    0.0000000000E+00    0.0000000000E+00    0.1160518951E-14
   -0.1910492790E-13    0.1214077356E-12    0.1397744512E-11    0.6578862801E-11    0.0000000000E+00    0.0000000000E+00    0.0000000000E+00   -0.8928495722E-16
 l,ispin:           2           2
 psi n=1,noccmax(l):
   -0.9146032517E-01   -0.5000170162E-01    0.5907500907E-01    0.6847899215E-02    0.0000000000E+00    0.0000000000E+00    0.0000000000E+00   -0.2633672609E+01
    0.2914217578E+00    0.1581106480E+00   -0.1910311611E+00   -0.9887855734E-02    0.0000000000E+00    0.0000000000E+00    0.0000000000E+00    0.1103355364E+02
   -0.4298750412E+00   -0.2263917830E+00    0.2939804591E+00   -0.4579571976E-01    0.0000000000E+00    0.0000000000E+00    0.0000000000E+00   -0.1968918455E+02
    0.3661814130E+00    0.1757941073E+00   -0.2791273263E+00    0.1862748893E+00    0.0000000000E+00    0.0000000000E+00    0.0000000000E+00    0.1968764774E+02
   -0.1992494736E+00   -0.6874166217E-01    0.1962022983E+00   -0.3316624308E+00    0.0000000000E+00    0.0000000000E+00    0.0000000000E+00   -0.1344327954E+02
    0.1296900116E+00    0.2554665433E-01   -0.1566575869E+00    0.3744340771E+00    0.0000000000E+00    0.0000000000E+00    0.0000000000E+00    0.1136848887E+02
   -0.2460885442E+00   -0.9981433921E-01    0.2160357199E+00   -0.2768400855E+00    0.0000000000E+00    0.0000000000E+00    0.0000000000E+00   -0.1849102781E+02
    0.5051627482E-01   -0.5453940520E-02   -0.1094112633E+00    0.3201214324E+00    0.0000000000E+00    0.0000000000E+00    0.0000000000E+00   -0.6930410133E+01
    0.4667173760E+00    0.3145859372E+00   -0.1937401595E+00   -0.5600084098E+00    0.0000000000E+00    0.0000000000E+00    0.0000000000E+00   -0.3486871083E+01
    0.3748238854E-01   -0.1531656716E-01   -0.5886688549E-01    0.2515502883E+00    0.0000000000E+00    0.0000000000E+00    0.0000000000E+00   -0.1280770215E+01
   -0.2010601574E-01    0.1104256891E-01    0.5540856281E-01   -0.1929621531E+00    0.0000000000E+00    0.0000000000E+00    0.0000000000E+00   -0.6327710517E+00
   -0.1467919781E+00   -0.1105865257E+00    0.5037681158E-01    0.2525442920E+00    0.0000000000E+00    0.0000000000E+00    0.0000000000E+00   -0.1813539213E+00
   -0.9485441515E-01   -0.3570770494E-01    0.7247002365E-01   -0.9128209576E-01    0.0000000000E+00    0.0000000000E+00    0.0000000000E+00   -0.8839864153E-01
   -0.9473141117E-01   -0.8072523261E-01    0.4693965439E-01    0.1816375041E+00    0.0000000000E+00    0.0000000000E+00    0.0000000000E+00   -0.1846829011E-01
   -0.4148222702E-01    0.8820290680E-03    0.1434356755E-01   -0.1002643837E+00    0.0000000000E+00    0.0000000000E+00    0.0000000000E+00   -0.1011823053E-01
   -0.2031356471E-01   -0.3389203484E-01    0.2491900625E-01    0.1250588299E+00    0.0000000000E+00    0.0000000000E+00    0.0000000000E+00   -0.1380031911E-02
   -0.2409820436E-01   -0.6998273813E-02    0.1256685834E-01   -0.7139088290E-01    0.0000000000E+00    0.0000000000E+00    0.0000000000E+00   -0.1118615820E-02
   -0.5989374892E-02   -0.1248731807E-02   -0.7395486782E-02    0.6095676058E-01    0.0000000000E+00    0.0000000000E+00    0.0000000000E+00    0.3940989725E-04
   -0.5486287224E-02   -0.7387575803E-02    0.1856097385E-01   -0.3269414915E-01    0.0000000000E+00    0.0000000000E+00    0.0000000000E+00   -0.1200027470E-03
   -0.2410037517E-02    0.5847213817E-03   -0.1387662134E-01    0.2076961291E-01    0.0000000000E+00    0.0000000000E+00    0.0000000000E+00    0.2922806424E-04
   -0.1196834690E-02    0.4704242091E-03    0.8217170084E-02   -0.2032117386E-01    0.0000000000E+00    0.0000000000E+00    0.0000000000E+00   -0.1431640948E-04
   -0.2709833201E-03    0.2352288126E-02   -0.1770407161E-01   -0.2634693226E-01    0.0000000000E+00    0.0000000000E+00    0.0000000000E+00    0.5356418646E-05
   -0.3794168271E-04    0.1846759605E-02    0.5971722945E-02    0.4330318304E-01    0.0000000000E+00    0.0000000000E+00    0.0000000000E+00   -0.2026341617E-05
    0.1032812161E-04   -0.1669771503E-03    0.1972518593E-02   -0.1970151458E-01    0.0000000000E+00    0.0000000000E+00    0.0000000000E+00    0.7424157905E-06
   -0.4037223383E-05    0.4726962094E-04   -0.5392319152E-03    0.4156995602E-02    0.0000000000E+00    0.0000000000E+00    0.0000000000E+00   -0.2642641272E-06
    0.1607450084E-05   -0.1584463147E-04    0.1749702549E-03   -0.1214561752E-02    0.0000000000E+00    0.0000000000E+00    0.0000000000E+00    0.9158815654E-07
   -0.6337069930E-06    0.5622074717E-05   -0.6071669794E-04    0.3983626121E-03    0.0000000000E+00    0.0000000000E+00    0.0000000000E+00   -0.3099975833E-07
    0.2464057402E-06   -0.2040804332E-05    0.2170375862E-04   -0.1375342998E-03    0.0000000000E+00    0.0000000000E+00    0.0000000000E+00    0.1028000537E-07
   -0.9452202369E-07    0.7473440646E-06   -0.7861064586E-05    0.4868148240E-04    0.0000000000E+00    0.0000000000E+00    0.0000000000E+00   -0.3349512050E-08
    0.3579230770E-07   -0.2740981180E-06    0.2859995393E-05   -0.1743321318E-04    0.0000000000E+00    0.0000000000E+00    0.0000000000E+00    0.1074476741E-08
   -0.1337510872E-07    0.1001775070E-06   -0.1039019224E-05    0.6263506074E-05    0.0000000000E+00    0.0000000000E+00    0.0000000000E+00   -0.3396160593E-09
    0.4923565072E-08   -0.3630842962E-07    0.3748954705E-06   -0.2242277046E-05    0.0000000000E+00    0.0000000000E+00    0.0000000000E+00    0.1056861767E-09
   -0.1778502340E-08    0.1297320773E-07   -0.1335023552E-06    0.7940253669E-06    0.0000000000E+00    0.0000000000E+00    0.0000000000E+00   -0.3228921606E-10
    0.6261667377E-09   -0.4532648046E-08    0.4652658205E-07   -0.2756178986E-06    0.0000000000E+00    0.0000000000E+00    0.0000000000E+00    0.9630929697E-11
   -0.2125570416E-09    0.1530351125E-08   -0.1567928050E-07    0.9261640676E-07    0.0000000000E+00    0.0000000000E+00    0.0000000000E+00   -0.2777762731E-11
    0.6840204300E-10   -0.4906031977E-09    0.5019505403E-08   -0.2958910859E-07    0.0000000000E+00    0.0000000000E+00    0.0000000000E+00    0.7628358164E-12
   -0.2032719395E-10    0.1454024645E-09   -0.1486124403E-08    0.8747591092E-08    0.0000000000E+00    0.0000000000E+00    0.0000000000E+00   -0.1946278014E-12
    0.5351998912E-11   -0.3821086303E-10    0.3902480221E-09   -0.2294657001E-08    0.0000000000E+00    0.0000000000E+00    0.0000000000E+00    0.4434393253E-13
   -0.1165850778E-11    0.8312516224E-11   -0.8484854620E-10    0.4985344998E-09    0.0000000000E+00    0.0000000000E+00    0.0000000000E+00   -0.8441637096E-14
    0.1852724619E-12   -0.1319744945E-11    0.1346557449E-10   -0.7907561295E-10    0.0000000000E+00    0.0000000000E+00    0.0000000000E+00    0.1186223038E-14
   -0.1590829085E-13    0.1132433873E-12   -0.1155097637E-11    0.6780628173E-11    0.0000000000E+00    0.0000000000E+00    0.0000000000E+00   -0.9127965086E-16
 l,ispin:           3           1
 psi n=1,noccmax(l):
   -0.2571782760E+01   -0.1395128141E+00    0.2040186298E+00    0.2337350282E-01    0.0000000000E+00    0.0000000000E+00    0.0000000000E+00
    0.1074518929E+02    0.5840327143E+00   -0.8222407424E+00   -0.3713101601E+00    0.0000000000E+00    0.0000000000E+00    0.0000000000E+00
   -0.1915226079E+02   -0.1041642602E+01    0.1449585960E+01    0.8082748540E+00    0.0000000000E+00    0.0000000000E+00    0.0000000000E+00
    0.1914141581E+02    0.1040777734E+01   -0.1458604102E+01   -0.7217417697E+00    0.0000000000E+00    0.0000000000E+00    0.0000000000E+00
   -0.1306367126E+02   -0.7094329636E+00    0.1019319900E+01    0.2793468097E+00    0.0000000000E+00    0.0000000000E+00    0.0000000000E+00
    0.1101689771E+02    0.5961395713E+00   -0.8549103369E+00   -0.2417410654E+00    0.0000000000E+00    0.0000000000E+00    0.0000000000E+00
   -0.1786505568E+02   -0.9611453216E+00    0.1309866893E+01    0.9418027919E+00    0.0000000000E+00    0.0000000000E+00    0.0000000000E+00
   -0.6660485639E+01   -0.3626993994E+00    0.4273510834E+00    0.9267789533E+00    0.0000000000E+00    0.0000000000E+00    0.0000000000E+00
   -0.3378857161E+01   -0.1924460569E+00    0.2869951072E+00    0.3389252908E-01    0.0000000000E+00    0.0000000000E+00    0.0000000000E+00
   -0.1263487173E+01   -0.7369624741E-01    0.7470756898E-01    0.3021561979E+00    0.0000000000E+00    0.0000000000E+00    0.0000000000E+00
   -0.6327647582E+00   -0.3435201502E-01    0.6115786089E-01   -0.7510548417E-01    0.0000000000E+00    0.0000000000E+00    0.0000000000E+00
   -0.1871531499E+00   -0.1036290085E-01    0.1930778599E-02    0.1021205541E+00    0.0000000000E+00    0.0000000000E+00    0.0000000000E+00
   -0.9189542735E-01   -0.3596926879E-02    0.1254239488E-01   -0.5342045303E-01    0.0000000000E+00    0.0000000000E+00    0.0000000000E+00
   -0.2085239090E-01   -0.1552397455E-02   -0.4114173700E-02    0.4040296337E-01    0.0000000000E+00    0.0000000000E+00    0.0000000000E+00
   -0.1097186397E-01    0.2264765647E-02    0.5575994420E-03   -0.3066824287E-01    0.0000000000E+00    0.0000000000E+00    0.0000000000E+00
   -0.1921161675E-02   -0.2290026284E-02    0.8654369181E-03    0.2257669469E-01    0.0000000000E+00    0.0000000000E+00    0.0000000000E+00
   -0.1320501112E-02    0.1769761227E-02   -0.1820230992E-02   -0.1825334418E-01    0.0000000000E+00    0.0000000000E+00    0.0000000000E+00
   -0.3289494973E-04    0.1962094353E-03   -0.5766164869E-03    0.1087564085E-01    0.0000000000E+00    0.0000000000E+00    0.0000000000E+00
   -0.1466606319E-03   -0.8850957864E-04    0.2290943230E-03   -0.8444794536E-02    0.0000000000E+00    0.0000000000E+00    0.0000000000E+00
    0.2307590155E-04    0.4324294329E-03   -0.1309440102E-02    0.3983415996E-02    0.0000000000E+00    0.0000000000E+00    0.0000000000E+00
   -0.1553899608E-04    0.2236791541E-03    0.4034875264E-04   -0.4493679673E-02    0.0000000000E+00    0.0000000000E+00    0.0000000000E+00
    0.5357279464E-05    0.2833923705E-03   -0.1142715854E-02    0.1063201521E-02    0.0000000000E+00    0.0000000000E+00    0.0000000000E+00
   -0.2049683623E-05    0.1312731052E-03    0.5951069854E-03    0.1609063081E-02    0.0000000000E+00    0.0000000000E+00    0.0000000000E+00
    0.7499111096E-06   -0.1161028425E-04    0.5256003627E-04   -0.9520951773E-03    0.0000000000E+00    0.0000000000E+00    0.0000000000E+00
   -0.2662219965E-06    0.2872952225E-05   -0.1251602859E-04    0.1940102521E-03    0.0000000000E+00    0.0000000000E+00    0.0000000000E+00
    0.9194680370E-07   -0.8296759813E-06    0.3409068714E-05   -0.5047184692E-04    0.0000000000E+00    0.0000000000E+00    0.0000000000E+00
   -0.3100188516E-07    0.2512122411E-06   -0.9859207619E-06    0.1430102214E-04    0.0000000000E+00    0.0000000000E+00    0.0000000000E+00
    0.1024140925E-07   -0.7729671644E-07    0.2934518601E-06   -0.4206118734E-05    0.0000000000E+00    0.0000000000E+00    0.0000000000E+00
   -0.3325095785E-08    0.2389037107E-07   -0.8858311516E-07    0.1259413149E-05    0.0000000000E+00    0.0000000000E+00    0.0000000000E+00
    0.1063312676E-08   -0.7377169742E-08    0.2690137457E-07   -0.3801977565E-06    0.0000000000E+00    0.0000000000E+00    0.0000000000E+00
   -0.3351994435E-09    0.2267830238E-08   -0.8173015475E-08    0.1149939316E-06    0.0000000000E+00    0.0000000000E+00    0.0000000000E+00
    0.1040856674E-09   -0.6915178886E-09    0.2471538025E-08   -0.3465682090E-07    0.0000000000E+00    0.0000000000E+00    0.0000000000E+00
   -0.3174500728E-10    0.2081471394E-09   -0.7395858329E-09    0.1034421517E-07    0.0000000000E+00    0.0000000000E+00    0.0000000000E+00
    0.9455678138E-11   -0.6141108429E-10    0.2173044452E-09   -0.3033473797E-08    0.0000000000E+00    0.0000000000E+00    0.0000000000E+00
   -0.2724331181E-11    0.1757184477E-10   -0.6199714452E-10    0.8642045092E-09    0.0000000000E+00    0.0000000000E+00    0.0000000000E+00
    0.7475564544E-12   -0.4797727942E-11    0.1689256147E-10   -0.2352196974E-09    0.0000000000E+00    0.0000000000E+00    0.0000000000E+00
   -0.1906124225E-12    0.1218932583E-11   -0.4285567742E-11    0.5962671249E-10    0.0000000000E+00    0.0000000000E+00    0.0000000000E+00
    0.4340904366E-13   -0.2768740409E-12    0.9724458573E-12   -0.1352206644E-10    0.0000000000E+00    0.0000000000E+00    0.0000000000E+00
   -0.8260822311E-14    0.5259140356E-13   -0.1845795208E-12    0.2565511988E-11    0.0000000000E+00    0.0000000000E+00    0.0000000000E+00
    0.1160518951E-14   -0.7378386547E-14    0.2588261726E-13   -0.3596349805E-12    0.0000000000E+00    0.0000000000E+00    0.0000000000E+00
   -0.8928495722E-16    0.5671132290E-15   -0.1988656873E-14    0.2762574276E-13    0.0000000000E+00    0.0000000000E+00    0.0000000000E+00
 l,ispin:           3           2
 psi n=1,noccmax(l):
   -0.2633672609E+01   -0.1144131599E+00   -0.1785469712E+00   -0.3422579987E-03    0.0000000000E+00    0.0000000000E+00    0.0000000000E+00
    0.1103355364E+02    0.4804634066E+00    0.7180499975E+00    0.2761999388E+00    0.0000000000E+00    0.0000000000E+00    0.0000000000E+00
   -0.1968918455E+02   -0.8580453837E+00   -0.1265495901E+01   -0.6398621031E+00    0.0000000000E+00    0.0000000000E+00    0.0000000000E+00
    0.1968764774E+02    0.8577121093E+00    0.1275064560E+01    0.5544617407E+00    0.0000000000E+00    0.0000000000E+00    0.0000000000E+00
   -0.1344327954E+02   -0.5848020519E+00   -0.8941312222E+00   -0.1665016474E+00    0.0000000000E+00    0.0000000000E+00    0.0000000000E+00
    0.1136848887E+02    0.4923276101E+00    0.7510975631E+00    0.1486087133E+00    0.0000000000E+00    0.0000000000E+00    0.0000000000E+00
   -0.1849102781E+02   -0.7948471363E+00   -0.1145131063E+01   -0.7917248200E+00    0.0000000000E+00    0.0000000000E+00    0.0000000000E+00
   -0.6930410133E+01   -0.3024706375E+00   -0.3693560720E+00   -0.8717091963E+00    0.0000000000E+00    0.0000000000E+00    0.0000000000E+00
   -0.3486871083E+01   -0.1610491680E+00   -0.2558065767E+00   -0.6635505108E-02    0.0000000000E+00    0.0000000000E+00    0.0000000000E+00
   -0.1280770215E+01   -0.6088230479E-01   -0.6202403187E-01   -0.2890285341E+00    0.0000000000E+00    0.0000000000E+00    0.0000000000E+00
   -0.6327710517E+00   -0.2753206293E-01   -0.5388427660E-01    0.8148737956E-01    0.0000000000E+00    0.0000000000E+00    0.0000000000E+00
   -0.1813539213E+00   -0.8023669197E-02    0.4836487650E-03   -0.9914538239E-01    0.0000000000E+00    0.0000000000E+00    0.0000000000E+00
   -0.8839864153E-01   -0.2424502373E-02   -0.1116577016E-01    0.5449205293E-01    0.0000000000E+00    0.0000000000E+00    0.0000000000E+00
   -0.1846829011E-01   -0.1165408852E-02    0.4535727765E-02   -0.3966938397E-01    0.0000000000E+00    0.0000000000E+00    0.0000000000E+00
   -0.1011823053E-01    0.2435701900E-02   -0.3286070851E-03    0.3072705580E-01    0.0000000000E+00    0.0000000000E+00    0.0000000000E+00
   -0.1380031911E-02   -0.2230623935E-02   -0.8002592022E-03   -0.2234984917E-01    0.0000000000E+00    0.0000000000E+00    0.0000000000E+00
   -0.1118615820E-02    0.1810625777E-02    0.1893572384E-02    0.1824545894E-01    0.0000000000E+00    0.0000000000E+00    0.0000000000E+00
    0.3940989725E-04    0.2026079430E-03    0.5697240770E-03   -0.1082255896E-01    0.0000000000E+00    0.0000000000E+00    0.0000000000E+00
   -0.1200027470E-03   -0.7911949052E-04   -0.1974997329E-03    0.8453244592E-02    0.0000000000E+00    0.0000000000E+00    0.0000000000E+00
    0.2922806424E-04    0.4343105018E-03    0.1301194028E-02   -0.3976809432E-02    0.0000000000E+00    0.0000000000E+00    0.0000000000E+00
   -0.1431640948E-04    0.2251285167E-03   -0.3061784094E-04    0.4493562675E-02    0.0000000000E+00    0.0000000000E+00    0.0000000000E+00
    0.5356418646E-05    0.2829813340E-03    0.1130373616E-02   -0.1103939127E-02    0.0000000000E+00    0.0000000000E+00    0.0000000000E+00
   -0.2026341617E-05    0.1304921132E-03   -0.5940439425E-03   -0.1578728418E-02    0.0000000000E+00    0.0000000000E+00    0.0000000000E+00
    0.7424157905E-06   -0.1156485325E-04   -0.5140657335E-04    0.9435569018E-03    0.0000000000E+00    0.0000000000E+00    0.0000000000E+00
   -0.2642641272E-06    0.2863006306E-05    0.1224725577E-04   -0.1925718343E-03    0.0000000000E+00    0.0000000000E+00    0.0000000000E+00
    0.9158815654E-07   -0.8270130324E-06   -0.3335397473E-05    0.5013022561E-04    0.0000000000E+00    0.0000000000E+00    0.0000000000E+00
   -0.3099975833E-07    0.2504459478E-06    0.9644500810E-06   -0.1420918735E-04    0.0000000000E+00    0.0000000000E+00    0.0000000000E+00
    0.1028000537E-07   -0.7706906867E-07   -0.2870240919E-06    0.4179996725E-05    0.0000000000E+00    0.0000000000E+00    0.0000000000E+00
   -0.3349512050E-08    0.2382171144E-07    0.8663516053E-07   -0.1251764217E-05    0.0000000000E+00    0.0000000000E+00    0.0000000000E+00
    0.1074476741E-08   -0.7356327426E-08   -0.2630830336E-07    0.3779237298E-06    0.0000000000E+00    0.0000000000E+00    0.0000000000E+00
   -0.3396160593E-09    0.2261499149E-08    0.7992541838E-08   -0.1143134151E-06    0.0000000000E+00    0.0000000000E+00    0.0000000000E+00
    0.1056861767E-09   -0.6896034312E-09   -0.2416907694E-08    0.3445325074E-07    0.0000000000E+00    0.0000000000E+00    0.0000000000E+00
   -0.3228921606E-10    0.2075742373E-09    0.7232281504E-09   -0.1028377225E-07    0.0000000000E+00    0.0000000000E+00    0.0000000000E+00
    0.9630929697E-11   -0.6124274376E-10   -0.2124964665E-09    0.3015814102E-08    0.0000000000E+00    0.0000000000E+00    0.0000000000E+00
   -0.2777762731E-11    0.1752381339E-10    0.6062512417E-10   -0.8591865478E-09    0.0000000000E+00    0.0000000000E+00    0.0000000000E+00
    0.7628358164E-12   -0.4784639688E-11   -0.1651867563E-10    0.2338564162E-09    0.0000000000E+00    0.0000000000E+00    0.0000000000E+00
   -0.1946278014E-12    0.1215611924E-11    0.4190707944E-11   -0.5928157788E-10    0.0000000000E+00    0.0000000000E+00    0.0000000000E+00
    0.4434393253E-13   -0.2761205003E-12   -0.9509202607E-12    0.1344386902E-10    0.0000000000E+00    0.0000000000E+00    0.0000000000E+00
   -0.8441637096E-14    0.5244836747E-13    0.1804936848E-12   -0.2550685367E-11    0.0000000000E+00    0.0000000000E+00    0.0000000000E+00
    0.1186223038E-14   -0.7358328575E-14   -0.2530967793E-13    0.3575575262E-12    0.0000000000E+00    0.0000000000E+00    0.0000000000E+00
   -0.9127965086E-16    0.5655720547E-15    0.1944635769E-14   -0.2746621243E-13    0.0000000000E+00    0.0000000000E+00    0.0000000000E+00
