   40             4.00000 ng, rij 
     2.480     4.960                                       rcov,rprb 
 r                           (non)relativistic calculation
 PBE                         XC-functional
 99.000 21.000    0.4450000000    0.4136910069E+02   -0.1615538855E+01    0.0000000000E+00    0.0000000000E+00  znuc,zion,rloc,gpot()
   3                                                       lpx, (Projectors for l=0..lpx)
    0.4492141934   -0.2462270128E+01    0.2147055602E+01   -0.1733915386E+01    0.6381318164E+00   -0.1647649265E+01    0.1307781061E+01  r_l(),hsep(), so=+0.5
    0.3814162388    0.2487972339E+01    0.1888483230E+00   -0.2262501790E+01   -0.1224768905E+01    0.2898332224E+01   -0.2059860108E+01  r_l(),hsep(), so=+0.5
   -0.4514503567E+01    0.5622025105E+01   -0.8589471463E+01   -0.1163711187E+01    0.2753843290E+01   -0.1957171055E+01         hsep(), so=-0.5
    0.6008189900    0.4999881359E+00    0.3840926604E+00   -0.4355201400E+00    0.0000000000E+00   -0.0000000000E+00    0.0000000000E+00  r_l(),hsep(), so=+0.5
    0.3164956595E+00    0.3583460564E+00   -0.4063262351E+00    0.0000000000E+00   -0.0000000000E+00    0.0000000000E+00         hsep(), so=-0.5
    0.2983273463   -0.1777481222E+02   -0.0000000000E+00    0.0000000000E+00    0.0000000000E+00   -0.0000000000E+00    0.0000000000E+00  r_l(),hsep(), so=+0.5
   -0.1794840475E+02   -0.0000000000E+00    0.0000000000E+00    0.0000000000E+00   -0.0000000000E+00    0.0000000000E+00         hsep(), so=-0.5
 ---------------------------------------------
 Additional information (last calculation):
 gaussian exponents:
 xp():   28.566364092879091        20.199469763918703        14.283182046439546        10.099734881959353        7.1415910232197728        5.0498674409796767        3.5707955116098882        2.5249337204898397        1.7853977558049439        1.2624668602449201       0.89269887790247249       0.63123343012246003       0.44634943895123613       0.31561671506123001       0.22317471947561815       0.15780835753061509       0.11158735973780912        7.8904178765307559E-002   5.5793679868904572E-002   3.9452089382653793E-002   2.7896839934452293E-002   1.9726044691326900E-002   1.3948419967226152E-002   9.8630223456634535E-003   6.9742099836130758E-003   4.9315111728317285E-003   3.4871049918065392E-003   2.4657555864158638E-003   1.7435524959032696E-003   1.2328777932079323E-003   8.7177624795163535E-004   6.1643889660396628E-004   4.3588812397581767E-004   3.0821944830198325E-004   2.1794406198790886E-004   1.5410972415099165E-004   1.0897203099395446E-004   7.7054862075495826E-005   5.4486015496977243E-005   3.8527431037747933E-005
 orbital coefficients (one orbital per column)
 l,ispin:           0           1
 psi n=1,noccmax(l):
    0.6901375763E-01    0.2013664414E-01    0.1025588611E-01    0.9998684178E-02    0.0000000000E+00    0.0000000000E+00    0.0000000000E+00   -0.2943875370E-01    0.7334655629E-02
   -0.4527282431E+00   -0.1393471492E+00   -0.7255419343E-01   -0.6960710122E-01    0.0000000000E+00    0.0000000000E+00    0.0000000000E+00    0.3133125620E-01   -0.3560428851E-02
    0.1373147432E+01    0.4364557279E+00    0.2288769782E+00    0.2189869179E+00    0.0000000000E+00    0.0000000000E+00    0.0000000000E+00    0.1725710549E+00   -0.6388388594E-01
   -0.2491784465E+01   -0.8019967580E+00   -0.4169872438E+00   -0.4038903782E+00    0.0000000000E+00    0.0000000000E+00    0.0000000000E+00   -0.5420893270E+00    0.1824234944E+00
    0.2954223245E+01    0.9431554460E+00    0.4729453480E+00    0.4772913707E+00    0.0000000000E+00    0.0000000000E+00    0.0000000000E+00    0.6564926306E+00   -0.2288251088E+00
   -0.2013191711E+01   -0.5915815158E+00   -0.2465021106E+00   -0.3027465038E+00    0.0000000000E+00    0.0000000000E+00    0.0000000000E+00   -0.5367684784E-01    0.6721176613E-01
    0.2807088273E+00   -0.4335862254E-01   -0.1449061418E+00   -0.1851584586E-01    0.0000000000E+00    0.0000000000E+00    0.0000000000E+00   -0.7238116508E+00    0.1726233050E+00
   -0.2959692330E+01   -0.9561129039E+00   -0.3872778637E+00   -0.4851107677E+00    0.0000000000E+00    0.0000000000E+00    0.0000000000E+00   -0.1414710344E+01    0.3934219335E+00
    0.7072467464E+01    0.2542136591E+01    0.1262555867E+01    0.1300051016E+01    0.0000000000E+00    0.0000000000E+00    0.0000000000E+00    0.3254679059E+01   -0.9759040397E+00
   -0.1720490174E+01   -0.5662799164E+00   -0.1158550659E+00   -0.3035548281E+00    0.0000000000E+00    0.0000000000E+00    0.0000000000E+00   -0.4176677376E-01    0.8263411577E-01
    0.8460159360E+00    0.2398245690E+00   -0.1064985106E+00    0.1236251921E+00    0.0000000000E+00    0.0000000000E+00    0.0000000000E+00    0.1219667850E+00   -0.7332373148E-01
   -0.2064352605E+01   -0.7665285262E+00   -0.1497953442E+00   -0.3605784046E+00    0.0000000000E+00    0.0000000000E+00    0.0000000000E+00   -0.6979247870E+00    0.2560902213E+00
    0.1630098391E-01   -0.1593485102E+00   -0.4351333304E+00   -0.1798550833E+00    0.0000000000E+00    0.0000000000E+00    0.0000000000E+00   -0.2979253795E+00    0.5003668740E-01
   -0.9654715340E+00   -0.7049150630E+00   -0.9768405345E-01   -0.3036454214E+00    0.0000000000E+00    0.0000000000E+00    0.0000000000E+00   -0.3786964717E+00    0.2264096295E+00
    0.2684486892E+00    0.5518844356E+00    0.1858203736E+00    0.4338710011E+00    0.0000000000E+00    0.0000000000E+00    0.0000000000E+00   -0.7629508910E-01   -0.1220498721E+00
   -0.3304922634E+00   -0.7497770056E+00   -0.7460120806E+00   -0.1169619453E+01    0.0000000000E+00    0.0000000000E+00    0.0000000000E+00   -0.1038747286E+00    0.1932810790E+00
    0.2035806386E+00    0.4523910178E+00    0.9335593378E+00    0.1669462620E+01    0.0000000000E+00    0.0000000000E+00    0.0000000000E+00    0.8514319636E-03   -0.7488650590E-01
   -0.1446548828E+00   -0.5385655734E-01   -0.7104654833E+00   -0.1836473898E+01    0.0000000000E+00    0.0000000000E+00    0.0000000000E+00   -0.1780354072E-01    0.5223669898E-02
    0.9905275046E-01    0.1595907130E+00    0.5147145533E+00    0.1922127829E+01    0.0000000000E+00    0.0000000000E+00    0.0000000000E+00    0.6714773976E-02   -0.5018112537E-02
   -0.6701852095E-01    0.7068548345E-01    0.6858479451E-01   -0.1181849015E+01    0.0000000000E+00    0.0000000000E+00    0.0000000000E+00   -0.4310133223E-02   -0.2116871711E-01
    0.4470163781E-01    0.8129836962E-01    0.1917152247E+00    0.1636999463E+01    0.0000000000E+00    0.0000000000E+00    0.0000000000E+00    0.2405584395E-02   -0.1647949210E-01
   -0.2938054222E-01    0.2509973024E-02    0.1408410660E-01   -0.8759186176E+00    0.0000000000E+00    0.0000000000E+00    0.0000000000E+00   -0.1330628016E-02   -0.1100839711E-01
    0.1902019184E-01    0.9873358674E-02   -0.2560685373E+00   -0.1469645042E+01    0.0000000000E+00    0.0000000000E+00    0.0000000000E+00    0.7203186580E-03   -0.2227245107E-02
   -0.1212246449E-01   -0.5826366429E-02   -0.2386582417E-01    0.1512938666E+01    0.0000000000E+00    0.0000000000E+00    0.0000000000E+00   -0.3814487124E-03    0.2882454890E-03
    0.7602673843E-02    0.3523937535E-02    0.1630354884E-01   -0.5150367196E+00    0.0000000000E+00    0.0000000000E+00    0.0000000000E+00    0.1975672179E-03   -0.9105103972E-04
   -0.4689074101E-02   -0.2085532196E-02   -0.1000052449E-01    0.2304733956E+00    0.0000000000E+00    0.0000000000E+00    0.0000000000E+00   -0.1001151518E-03    0.3447601212E-04
    0.2842219173E-02    0.1206899516E-02    0.5864269994E-02   -0.1130761154E+00    0.0000000000E+00    0.0000000000E+00    0.0000000000E+00    0.4966930598E-04   -0.1403226631E-04
   -0.1691698002E-02   -0.6840766632E-03   -0.3334738098E-02    0.5755901523E-01    0.0000000000E+00    0.0000000000E+00    0.0000000000E+00   -0.2414604420E-04    0.5914962363E-05
    0.9877099099E-03    0.3803789414E-03    0.1851565622E-02   -0.2972481787E-01    0.0000000000E+00    0.0000000000E+00    0.0000000000E+00    0.1151039016E-04   -0.2537470158E-05
   -0.5648709469E-03   -0.2076616939E-03   -0.1007289463E-02    0.1539908553E-01    0.0000000000E+00    0.0000000000E+00    0.0000000000E+00   -0.5381947775E-05    0.1096477512E-05
    0.3157547429E-03    0.1112491656E-03    0.5373933114E-03   -0.7943640253E-02    0.0000000000E+00    0.0000000000E+00    0.0000000000E+00    0.2466817914E-05   -0.4736717603E-06
   -0.1719460099E-03   -0.5834640588E-04   -0.2807006011E-03    0.4053153296E-02    0.0000000000E+00    0.0000000000E+00    0.0000000000E+00   -0.1106184774E-05    0.2031662526E-06
    0.9074682635E-04    0.2981440357E-04    0.1429127360E-03   -0.2029911035E-02    0.0000000000E+00    0.0000000000E+00    0.0000000000E+00    0.4833591680E-06   -0.8586457827E-07
   -0.4604566563E-04   -0.1472385428E-04   -0.7035847250E-04    0.9878326438E-03    0.0000000000E+00    0.0000000000E+00    0.0000000000E+00   -0.2043803969E-06    0.3541283548E-07
    0.2218856740E-04    0.6939100083E-05    0.3307395708E-04   -0.4605610340E-03    0.0000000000E+00    0.0000000000E+00    0.0000000000E+00    0.8268915441E-07   -0.1406397024E-07
   -0.9966386484E-05   -0.3061400524E-05   -0.1456159812E-04    0.2015958126E-03    0.0000000000E+00    0.0000000000E+00    0.0000000000E+00   -0.3145308165E-07    0.5276400981E-08
    0.4055643530E-05    0.1228155375E-05    0.5832249393E-05   -0.8041060520E-04    0.0000000000E+00    0.0000000000E+00    0.0000000000E+00    0.1094628693E-07   -0.1817665953E-08
   -0.1430784244E-05   -0.4284673802E-06   -0.2032127061E-05    0.2793525371E-04    0.0000000000E+00    0.0000000000E+00    0.0000000000E+00   -0.3339897541E-08    0.5504481458E-09
    0.4074765134E-06    0.1209737888E-06    0.5731939575E-06   -0.7863155014E-05    0.0000000000E+00    0.0000000000E+00    0.0000000000E+00    0.8331097869E-09   -0.1365486515E-09
   -0.8237711217E-07   -0.2429518799E-07   -0.1150293978E-06    0.1575649963E-05    0.0000000000E+00    0.0000000000E+00    0.0000000000E+00   -0.1495920054E-09    0.2441955547E-10
    0.8736615026E-08    0.2563766731E-08    0.1213178242E-07   -0.1660036383E-06    0.0000000000E+00    0.0000000000E+00    0.0000000000E+00    0.1430344686E-10   -0.2328032933E-11
 l,ispin:           1           1
 psi n=1,noccmax(l):
   -0.2943875370E-01    0.7334655629E-02    0.8721583088E-02    0.3507555957E-05    0.0000000000E+00    0.0000000000E+00    0.0000000000E+00   -0.5042222007E-01    0.2764255500E-01
    0.3133125620E-01   -0.3560428851E-02   -0.1512194509E-01    0.2219193802E-01    0.0000000000E+00    0.0000000000E+00    0.0000000000E+00    0.1464837853E+00   -0.7769560027E-01
    0.1725710549E+00   -0.6388388594E-01   -0.2306297232E-01   -0.1079797896E+00    0.0000000000E+00    0.0000000000E+00    0.0000000000E+00   -0.1888185464E+00    0.9027245524E-01
   -0.5420893270E+00    0.1824234944E+00    0.9925891659E-01    0.2405156159E+00    0.0000000000E+00    0.0000000000E+00    0.0000000000E+00    0.1271540075E+00   -0.3843400242E-01
    0.6564926306E+00   -0.2288251088E+00   -0.1181032094E+00   -0.3159527144E+00    0.0000000000E+00    0.0000000000E+00    0.0000000000E+00   -0.4734554286E-01   -0.1971324438E-01
   -0.5367684784E-01    0.6721176613E-01   -0.2771571753E-01    0.2234091406E+00    0.0000000000E+00    0.0000000000E+00    0.0000000000E+00    0.7605795335E-01    0.3151181401E-02
   -0.7238116508E+00    0.1726233050E+00    0.2354467143E+00   -0.5439440150E-01    0.0000000000E+00    0.0000000000E+00    0.0000000000E+00   -0.2145251999E+00    0.9019318029E-01
   -0.1414710344E+01    0.3934219335E+00    0.2103293464E+00    0.4865750848E+00    0.0000000000E+00    0.0000000000E+00    0.0000000000E+00   -0.4344584714E-01    0.6145540359E-01
    0.3254679059E+01   -0.9759040397E+00   -0.6867773075E+00   -0.9462856012E+00    0.0000000000E+00    0.0000000000E+00    0.0000000000E+00    0.4437376891E+00   -0.3163260885E+00
   -0.4176677376E-01    0.8263411577E-01   -0.3250773969E-01    0.2638115078E+00    0.0000000000E+00    0.0000000000E+00    0.0000000000E+00    0.4376646280E-01    0.8533127087E-02
    0.1219667850E+00   -0.7332373148E-01    0.4293969490E-01   -0.2395534179E+00    0.0000000000E+00    0.0000000000E+00    0.0000000000E+00    0.3227154754E-01   -0.4325165043E-01
   -0.6979247870E+00    0.2560902213E+00    0.1087898678E+00    0.3684558669E+00    0.0000000000E+00    0.0000000000E+00    0.0000000000E+00   -0.1057066595E+00    0.9013810308E-01
   -0.2979253795E+00    0.5003668740E-01    0.1405328314E+00   -0.1099858976E+00    0.0000000000E+00    0.0000000000E+00    0.0000000000E+00   -0.7101586679E-01    0.2389999547E-01
   -0.3786964717E+00    0.2264096295E+00    0.1026188170E+00    0.3297234691E+00    0.0000000000E+00    0.0000000000E+00    0.0000000000E+00   -0.8212499050E-01    0.7599431182E-01
   -0.7629508910E-01   -0.1220498721E+00   -0.4874332607E-01   -0.2762357912E+00    0.0000000000E+00    0.0000000000E+00    0.0000000000E+00   -0.3611217438E-01   -0.2351534019E-02
   -0.1038747286E+00    0.1932810790E+00    0.1679395152E+00    0.4172268440E+00    0.0000000000E+00    0.0000000000E+00    0.0000000000E+00   -0.1656483125E-01    0.3173212043E-01
    0.8514319636E-03   -0.7488650590E-01   -0.1147390626E+00   -0.3945584317E+00    0.0000000000E+00    0.0000000000E+00    0.0000000000E+00   -0.2335321957E-01    0.7526933419E-02
   -0.1780354072E-01    0.5223669898E-02    0.6207927841E-01    0.3601558349E+00    0.0000000000E+00    0.0000000000E+00    0.0000000000E+00   -0.5301694089E-02    0.1436326248E-02
    0.6714773976E-02   -0.5018112537E-02   -0.3035639918E-01   -0.3179444125E+00    0.0000000000E+00    0.0000000000E+00    0.0000000000E+00   -0.5383908697E-02    0.7294087624E-02
   -0.4310133223E-02   -0.2116871711E-01   -0.4508956657E-01    0.1813209411E+00    0.0000000000E+00    0.0000000000E+00    0.0000000000E+00   -0.2383894200E-02   -0.1472253741E-03
    0.2405584395E-02   -0.1647949210E-01   -0.1197903666E-01   -0.2476444292E+00    0.0000000000E+00    0.0000000000E+00    0.0000000000E+00   -0.1241335080E-02   -0.3076386315E-03
   -0.1330628016E-02   -0.1100839711E-01   -0.4306221021E-01    0.6599213336E-01    0.0000000000E+00    0.0000000000E+00    0.0000000000E+00   -0.2927040218E-03   -0.1974497353E-02
    0.7203186580E-03   -0.2227245107E-02    0.4735162179E-01    0.2049661556E+00    0.0000000000E+00    0.0000000000E+00    0.0000000000E+00   -0.4693482625E-04   -0.1863232970E-02
   -0.3814487124E-03    0.2882454890E-03    0.3393149365E-02   -0.1561462446E+00    0.0000000000E+00    0.0000000000E+00    0.0000000000E+00    0.1227964760E-04    0.1428540895E-03
    0.1975672179E-03   -0.9105103972E-04   -0.1251436210E-02    0.4303310353E-01    0.0000000000E+00    0.0000000000E+00    0.0000000000E+00   -0.4759389676E-05   -0.4008530298E-04
   -0.1001151518E-03    0.3447601212E-04    0.5281492044E-03   -0.1578004382E-01    0.0000000000E+00    0.0000000000E+00    0.0000000000E+00    0.1888357979E-05    0.1336188959E-04
    0.4966930598E-04   -0.1403226631E-04   -0.2333795480E-03    0.6382846298E-02    0.0000000000E+00    0.0000000000E+00    0.0000000000E+00   -0.7432126725E-06   -0.4721200752E-05
   -0.2414604420E-04    0.5914962363E-05    0.1044285587E-03   -0.2690343672E-02    0.0000000000E+00    0.0000000000E+00    0.0000000000E+00    0.2887320107E-06    0.1708419217E-05
    0.1151039016E-04   -0.2537470158E-05   -0.4671435265E-04    0.1154594887E-02    0.0000000000E+00    0.0000000000E+00    0.0000000000E+00   -0.1107024090E-06   -0.6242005755E-06
   -0.5381947775E-05    0.1096477512E-05    0.2077243064E-04   -0.4986923872E-03    0.0000000000E+00    0.0000000000E+00    0.0000000000E+00    0.4190592347E-07    0.2285618608E-06
    0.2466817914E-05   -0.4736717603E-06   -0.9148018379E-05    0.2151587219E-03    0.0000000000E+00    0.0000000000E+00    0.0000000000E+00   -0.1565632970E-07   -0.8343917522E-07
   -0.1106184774E-05    0.2031662526E-06    0.3974198044E-05   -0.9212416468E-04    0.0000000000E+00    0.0000000000E+00    0.0000000000E+00    0.5762442161E-08    0.3021749138E-07
    0.4833591680E-06   -0.8586457827E-07   -0.1693770709E-05    0.3886040172E-04    0.0000000000E+00    0.0000000000E+00    0.0000000000E+00   -0.2081294111E-08   -0.1079083178E-07
   -0.2043803969E-06    0.3541283548E-07    0.7023774886E-06   -0.1599745088E-04    0.0000000000E+00    0.0000000000E+00    0.0000000000E+00    0.7327123793E-09    0.3768687544E-08
    0.8268915441E-07   -0.1406397024E-07   -0.2799273991E-06    0.6342692714E-05    0.0000000000E+00    0.0000000000E+00    0.0000000000E+00   -0.2487095897E-09   -0.1272071275E-08
   -0.3145308165E-07    0.5276400981E-08    0.1052571254E-06   -0.2376188612E-05    0.0000000000E+00    0.0000000000E+00    0.0000000000E+00    0.8003247806E-10    0.4077264646E-09
    0.1094628693E-07   -0.1817665953E-08   -0.3631164590E-07    0.8175985272E-06    0.0000000000E+00    0.0000000000E+00    0.0000000000E+00   -0.2378262438E-10   -0.1208240645E-09
   -0.3339897541E-08    0.5504481458E-09    0.1100616017E-07   -0.2473568705E-06    0.0000000000E+00    0.0000000000E+00    0.0000000000E+00    0.6261628328E-11    0.3174892397E-10
    0.8331097869E-09   -0.1365486515E-09   -0.2731789637E-08    0.6131450200E-07    0.0000000000E+00    0.0000000000E+00    0.0000000000E+00   -0.1363973716E-11   -0.6906327979E-11
   -0.1495920054E-09    0.2441955547E-10    0.4887031101E-09   -0.1095859628E-07    0.0000000000E+00    0.0000000000E+00    0.0000000000E+00    0.2167543452E-12    0.1096441803E-11
    0.1430344686E-10   -0.2328032933E-11   -0.4660000827E-10    0.1044257580E-08    0.0000000000E+00    0.0000000000E+00    0.0000000000E+00   -0.1861126844E-13   -0.9407952468E-13
 l,ispin:           1           2
 psi n=1,noccmax(l):
   -0.4763199350E-01   -0.1409680365E-01   -0.1322482311E-01    0.5547594345E-02    0.0000000000E+00    0.0000000000E+00    0.0000000000E+00   -0.7185781285E-01   -0.3610421208E-01
    0.1208437144E-01    0.8810511406E-02    0.1957902346E-01    0.1149629761E-01    0.0000000000E+00    0.0000000000E+00    0.0000000000E+00    0.2105481813E+00    0.1034207145E+00
    0.4622210564E+00    0.1138363083E+00    0.5183126987E-01   -0.1179843408E+00    0.0000000000E+00    0.0000000000E+00    0.0000000000E+00   -0.2728155427E+00   -0.1247462199E+00
   -0.1312657500E+01   -0.3413531522E+00   -0.1959399435E+00    0.3006795875E+00    0.0000000000E+00    0.0000000000E+00    0.0000000000E+00    0.1829577337E+00    0.6239737735E-01
    0.1822519952E+01    0.4824638256E+00    0.2785474952E+00   -0.4241846481E+00    0.0000000000E+00    0.0000000000E+00    0.0000000000E+00   -0.6181827909E-01    0.1252193412E-01
   -0.1197091125E+01   -0.3231091188E+00   -0.1471564751E+00    0.3396549495E+00    0.0000000000E+00    0.0000000000E+00    0.0000000000E+00    0.8355236748E-01   -0.1831451269E-02
   -0.1208159444E+01   -0.3232047875E+00   -0.3341533247E+00    0.8250306839E-01    0.0000000000E+00    0.0000000000E+00    0.0000000000E+00   -0.2779758652E+00   -0.1126357779E+00
    0.1507601932E+01    0.4209609575E+00    0.4140753754E+00   -0.1460256397E+00    0.0000000000E+00    0.0000000000E+00    0.0000000000E+00    0.1909076662E-01   -0.2065138671E-01
    0.3094618455E+01    0.8556997481E+00    0.5142342737E+00   -0.7189503775E+00    0.0000000000E+00    0.0000000000E+00    0.0000000000E+00    0.5369853806E+00    0.3338792391E+00
   -0.1195859576E+01   -0.3622634708E+00   -0.1575882177E+00    0.3855046575E+00    0.0000000000E+00    0.0000000000E+00    0.0000000000E+00    0.2334608993E-01   -0.2179138655E-01
   -0.2660218360E+00   -0.8630245907E-01   -0.1724763210E+00   -0.6629299544E-01    0.0000000000E+00    0.0000000000E+00    0.0000000000E+00   -0.2556999430E-02    0.2006733232E-01
   -0.1055336031E+01   -0.3206547717E+00   -0.1269822645E+00    0.3309747367E+00    0.0000000000E+00    0.0000000000E+00    0.0000000000E+00   -0.1422548761E+00   -0.1015960190E+00
   -0.2717676471E+00   -0.1027446744E+00   -0.1895945429E+00   -0.1199849771E-01    0.0000000000E+00    0.0000000000E+00    0.0000000000E+00   -0.8989424034E-01   -0.3058760462E-01
   -0.3525631428E+00   -0.1640231938E+00   -0.1501815151E-01    0.1847774233E+00    0.0000000000E+00    0.0000000000E+00    0.0000000000E+00   -0.9462559647E-01   -0.7633435942E-01
   -0.9111526497E-02    0.1115172760E+00    0.2398668155E-02   -0.1624404940E+00    0.0000000000E+00    0.0000000000E+00    0.0000000000E+00   -0.3823970526E-01    0.3680156223E-02
   -0.7483034095E-01   -0.1579047288E+00   -0.1001185701E+00    0.2731430702E+00    0.0000000000E+00    0.0000000000E+00    0.0000000000E+00   -0.2130653130E-01   -0.3372856416E-01
    0.2342363473E-01    0.1032122533E+00    0.1252747826E+00   -0.3328730271E+00    0.0000000000E+00    0.0000000000E+00    0.0000000000E+00   -0.2236168377E-01   -0.4497873895E-02
   -0.1736041260E-01   -0.3521943671E-02   -0.6545217814E-01    0.3006942883E+00    0.0000000000E+00    0.0000000000E+00    0.0000000000E+00   -0.5694023677E-02   -0.1655669919E-02
    0.9672688176E-02    0.2425866926E-01    0.6352655195E-01   -0.3138681260E+00    0.0000000000E+00    0.0000000000E+00    0.0000000000E+00   -0.5073459422E-02   -0.6305442547E-02
   -0.5534502793E-02    0.1965314415E-01    0.2763581138E-01    0.1764114356E+00    0.0000000000E+00    0.0000000000E+00    0.0000000000E+00   -0.2049610593E-02    0.7227117590E-03
    0.3104933749E-02    0.1592259727E-01    0.1821350322E-01   -0.2338008453E+00    0.0000000000E+00    0.0000000000E+00    0.0000000000E+00   -0.9840223608E-03    0.7076888391E-03
   -0.1711755574E-02    0.5817031393E-02    0.1256574720E-01    0.1518926749E+00    0.0000000000E+00    0.0000000000E+00    0.0000000000E+00   -0.1861708747E-03    0.2124054161E-02
    0.9265606626E-03    0.1243326907E-02   -0.3733871516E-01    0.1005027196E+00    0.0000000000E+00    0.0000000000E+00    0.0000000000E+00   -0.3086764959E-04    0.1630035717E-02
   -0.4921679778E-03   -0.3333942968E-03   -0.3435546647E-03   -0.1135970445E+00    0.0000000000E+00    0.0000000000E+00    0.0000000000E+00    0.9332161289E-05   -0.1349855481E-03
    0.2564590109E-03    0.1483369878E-03    0.2762157129E-03    0.3297256316E-01    0.0000000000E+00    0.0000000000E+00    0.0000000000E+00   -0.3730905531E-05    0.3803169938E-04
   -0.1310773891E-03   -0.6923892581E-04   -0.1532558634E-03   -0.1234970626E-01    0.0000000000E+00    0.0000000000E+00    0.0000000000E+00    0.1499308615E-05   -0.1269958032E-04
    0.6571205353E-04    0.3235650823E-04    0.7827329023E-04    0.5052168180E-02    0.0000000000E+00    0.0000000000E+00    0.0000000000E+00   -0.5941766424E-06    0.4493125914E-05
   -0.3231431840E-04   -0.1498394917E-04   -0.3814592092E-04   -0.2144209481E-02    0.0000000000E+00    0.0000000000E+00    0.0000000000E+00    0.2318290190E-06   -0.1627632190E-05
    0.1558686945E-04    0.6857879606E-05    0.1799593922E-04    0.9243834017E-03    0.0000000000E+00    0.0000000000E+00    0.0000000000E+00   -0.8914417459E-07    0.5951902643E-06
   -0.7371717662E-05   -0.3098959476E-05   -0.8281199888E-05   -0.4004929456E-03    0.0000000000E+00    0.0000000000E+00    0.0000000000E+00    0.3381431739E-07   -0.2180829105E-06
    0.3414707487E-05    0.1380797474E-05    0.3730240469E-05    0.1731636002E-03    0.0000000000E+00    0.0000000000E+00    0.0000000000E+00   -0.1265187625E-07    0.7965352889E-07
   -0.1545700123E-05   -0.6050565262E-06   -0.1645181949E-05   -0.7425627224E-04    0.0000000000E+00    0.0000000000E+00    0.0000000000E+00    0.4661617073E-08   -0.2885731049E-07
    0.6808995234E-06    0.2595266152E-06    0.7083454769E-06    0.3135730219E-04    0.0000000000E+00    0.0000000000E+00    0.0000000000E+00   -0.1685011952E-08    0.1030795829E-07
   -0.2898677113E-06   -0.1081353307E-06   -0.2957808907E-06   -0.1291873189E-04    0.0000000000E+00    0.0000000000E+00    0.0000000000E+00    0.5935416871E-09   -0.3600777634E-08
    0.1179302440E-06    0.4324957552E-07    0.1184404668E-06    0.5124895122E-05    0.0000000000E+00    0.0000000000E+00    0.0000000000E+00   -0.2015540565E-09    0.1215576512E-08
   -0.4505914456E-07   -0.1630536696E-07   -0.4468013353E-07   -0.1920729096E-05    0.0000000000E+00    0.0000000000E+00    0.0000000000E+00    0.6487801813E-10   -0.3896609422E-09
    0.1573708631E-07    0.5635998037E-08    0.1544813777E-07    0.6610741621E-06    0.0000000000E+00    0.0000000000E+00    0.0000000000E+00   -0.1928357067E-10    0.1154796966E-09
   -0.4814940226E-08   -0.1710743656E-08   -0.4689554316E-08   -0.2000431658E-06    0.0000000000E+00    0.0000000000E+00    0.0000000000E+00    0.5077910250E-11   -0.3034631683E-10
    0.1203609274E-08    0.4250651744E-09    0.1165203161E-08    0.4959378820E-07    0.0000000000E+00    0.0000000000E+00    0.0000000000E+00   -0.1106253261E-11    0.6601491761E-11
   -0.2164699507E-09   -0.7610093058E-10   -0.2086008469E-09   -0.8864722273E-08    0.0000000000E+00    0.0000000000E+00    0.0000000000E+00    0.1758138850E-12   -0.1048077473E-11
    0.2072349488E-10    0.7260670134E-11    0.1990104168E-10    0.8447941195E-09    0.0000000000E+00    0.0000000000E+00    0.0000000000E+00   -0.1509690453E-13    0.8993157716E-13
 l,ispin:           2           1
 psi n=1,noccmax(l):
   -0.5042222007E-01    0.2764255500E-01    0.3981134157E-01    0.2002602884E-02    0.0000000000E+00    0.0000000000E+00    0.0000000000E+00    0.3874557090E+01
    0.1464837853E+00   -0.7769560027E-01   -0.1213301729E+00    0.1004502318E-01    0.0000000000E+00    0.0000000000E+00    0.0000000000E+00   -0.1286895429E+02
   -0.1888185464E+00    0.9027245524E-01    0.1760534551E+00   -0.7116091137E-01    0.0000000000E+00    0.0000000000E+00    0.0000000000E+00    0.1973706903E+02
    0.1271540075E+00   -0.3843400242E-01   -0.1616715731E+00    0.1782345931E+00    0.0000000000E+00    0.0000000000E+00    0.0000000000E+00   -0.1776576652E+02
   -0.4734554286E-01   -0.1971324438E-01    0.1240269525E+00   -0.2626874927E+00    0.0000000000E+00    0.0000000000E+00    0.0000000000E+00    0.1150364968E+02
    0.7605795335E-01    0.3151181401E-02   -0.1392948205E+00    0.2503082553E+00    0.0000000000E+00    0.0000000000E+00    0.0000000000E+00   -0.1006059123E+02
   -0.2145251999E+00    0.9019318029E-01    0.2166490755E+00   -0.1438120144E+00    0.0000000000E+00    0.0000000000E+00    0.0000000000E+00    0.1450061760E+02
   -0.4344584714E-01    0.6145540359E-01   -0.6617890378E-01    0.2468000465E+00    0.0000000000E+00    0.0000000000E+00    0.0000000000E+00    0.6011796191E+01
    0.4437376891E+00   -0.3163260885E+00   -0.1905202885E+00   -0.4600976890E+00    0.0000000000E+00    0.0000000000E+00    0.0000000000E+00    0.2839720089E+01
    0.4376646280E-01    0.8533127087E-02   -0.7089888885E-01    0.1572105798E+00    0.0000000000E+00    0.0000000000E+00    0.0000000000E+00    0.1210809267E+01
    0.3227154754E-01   -0.4325165043E-01    0.2996437039E-01   -0.1513593101E+00    0.0000000000E+00    0.0000000000E+00    0.0000000000E+00    0.5542855054E+00
   -0.1057066595E+00    0.9013810308E-01    0.2912094183E-01    0.1778742247E+00    0.0000000000E+00    0.0000000000E+00    0.0000000000E+00    0.1906080565E+00
   -0.7101586679E-01    0.2389999547E-01    0.6416713647E-01   -0.5576877143E-01    0.0000000000E+00    0.0000000000E+00    0.0000000000E+00    0.8147890652E-01
   -0.8212499050E-01    0.7599431182E-01    0.4100287528E-01    0.1410498105E+00    0.0000000000E+00    0.0000000000E+00    0.0000000000E+00    0.2328236992E-01
   -0.3611217438E-01   -0.2351534019E-02    0.1481098362E-01   -0.7134090867E-01    0.0000000000E+00    0.0000000000E+00    0.0000000000E+00    0.9448841049E-02
   -0.1656483125E-01    0.3173212043E-01    0.2114236863E-01    0.9787710870E-01    0.0000000000E+00    0.0000000000E+00    0.0000000000E+00    0.2558282267E-02
   -0.2335321957E-01    0.7526933419E-02    0.1504565189E-01   -0.4888450268E-01    0.0000000000E+00    0.0000000000E+00    0.0000000000E+00    0.1099087794E-02
   -0.5301694089E-02    0.1436326248E-02   -0.8692329223E-02    0.4280542041E-01    0.0000000000E+00    0.0000000000E+00    0.0000000000E+00    0.1553290338E-03
   -0.5383908697E-02    0.7294087624E-02    0.1955485165E-01   -0.1723609462E-01    0.0000000000E+00    0.0000000000E+00    0.0000000000E+00    0.1094650531E-03
   -0.2383894200E-02   -0.1472253741E-03   -0.1363607027E-01    0.9281378894E-02    0.0000000000E+00    0.0000000000E+00    0.0000000000E+00   -0.2569839211E-05
   -0.1241335080E-02   -0.3076386315E-03    0.8859115680E-02   -0.8135281605E-02    0.0000000000E+00    0.0000000000E+00    0.0000000000E+00    0.8742053695E-05
   -0.2927040218E-03   -0.1974497353E-02   -0.1662563127E-01   -0.3365579009E-01    0.0000000000E+00    0.0000000000E+00    0.0000000000E+00   -0.2484037961E-05
   -0.4693482625E-04   -0.1863232970E-02    0.4642870881E-02    0.4368568646E-01    0.0000000000E+00    0.0000000000E+00    0.0000000000E+00    0.9831278336E-06
    0.1227964760E-04    0.1428540895E-03    0.2323291504E-02   -0.1837752801E-01    0.0000000000E+00    0.0000000000E+00    0.0000000000E+00   -0.3600071097E-06
   -0.4759389676E-05   -0.4008530298E-04   -0.6174038859E-03    0.3540513946E-02    0.0000000000E+00    0.0000000000E+00    0.0000000000E+00    0.1278557961E-06
    0.1888357979E-05    0.1336188959E-04    0.1990407623E-03   -0.9944629080E-03    0.0000000000E+00    0.0000000000E+00    0.0000000000E+00   -0.4416014533E-07
   -0.7432126725E-06   -0.4721200752E-05   -0.6893733003E-04    0.3193298003E-03    0.0000000000E+00    0.0000000000E+00    0.0000000000E+00    0.1488673410E-07
    0.2887320107E-06    0.1708419217E-05    0.2462708968E-04   -0.1088759333E-03    0.0000000000E+00    0.0000000000E+00    0.0000000000E+00   -0.4916217082E-08
   -0.1107024090E-06   -0.6242005755E-06   -0.8917987873E-05    0.3823811866E-04    0.0000000000E+00    0.0000000000E+00    0.0000000000E+00    0.1595550990E-08
    0.4190592347E-07    0.2285618608E-06    0.3244240252E-05   -0.1362477701E-04    0.0000000000E+00    0.0000000000E+00    0.0000000000E+00   -0.5100359663E-09
   -0.1565632970E-07   -0.8343917522E-07   -0.1178553995E-05    0.4879052846E-05    0.0000000000E+00    0.0000000000E+00    0.0000000000E+00    0.1607268660E-09
    0.5762442161E-08    0.3021749138E-07    0.4252248850E-06   -0.1742813646E-05    0.0000000000E+00    0.0000000000E+00    0.0000000000E+00   -0.4989311899E-10
   -0.2081294111E-08   -0.1079083178E-07   -0.1514193836E-06    0.6162431926E-06    0.0000000000E+00    0.0000000000E+00    0.0000000000E+00    0.1521286989E-10
    0.7327123793E-09    0.3768687544E-08    0.5276901877E-07   -0.2136922516E-06    0.0000000000E+00    0.0000000000E+00    0.0000000000E+00   -0.4530386653E-11
   -0.2487095897E-09   -0.1272071275E-08   -0.1778242098E-07    0.7175830732E-07    0.0000000000E+00    0.0000000000E+00    0.0000000000E+00    0.1305052902E-11
    0.8003247806E-10    0.4077264646E-09    0.5692648594E-08   -0.2291464948E-07    0.0000000000E+00    0.0000000000E+00    0.0000000000E+00   -0.3580584023E-12
   -0.2378262438E-10   -0.1208240645E-09   -0.1685385138E-08    0.6772217179E-08    0.0000000000E+00    0.0000000000E+00    0.0000000000E+00    0.9128847688E-13
    0.6261628328E-11    0.3174892397E-10    0.4425649341E-09   -0.1776089608E-08    0.0000000000E+00    0.0000000000E+00    0.0000000000E+00   -0.2078789453E-13
   -0.1363973716E-11   -0.6906327979E-11   -0.9622203786E-10    0.3858129671E-09    0.0000000000E+00    0.0000000000E+00    0.0000000000E+00    0.3955737718E-14
    0.2167543452E-12    0.1096441803E-11    0.1527039315E-10   -0.6118980749E-10    0.0000000000E+00    0.0000000000E+00    0.0000000000E+00   -0.5556955111E-15
   -0.1861126844E-13   -0.9407952468E-13   -0.1309906556E-11    0.5246568647E-11    0.0000000000E+00    0.0000000000E+00    0.0000000000E+00    0.4275120866E-16
 l,ispin:           2           2
 psi n=1,noccmax(l):
   -0.7185781285E-01   -0.3610421208E-01   -0.4620369521E-01    0.5582913252E-02    0.0000000000E+00    0.0000000000E+00    0.0000000000E+00    0.3982757898E+01
    0.2105481813E+00    0.1034207145E+00    0.1402438775E+00    0.7701074917E-03    0.0000000000E+00    0.0000000000E+00    0.0000000000E+00   -0.1324090692E+02
   -0.2728155427E+00   -0.1247462199E+00   -0.1991346421E+00   -0.6574397230E-01    0.0000000000E+00    0.0000000000E+00    0.0000000000E+00    0.2031904781E+02
    0.1829577337E+00    0.6239737735E-01    0.1723652587E+00    0.1910463617E+00    0.0000000000E+00    0.0000000000E+00    0.0000000000E+00   -0.1829641881E+02
   -0.6181827909E-01    0.1252193412E-01   -0.1181823356E+00   -0.2946154614E+00    0.0000000000E+00    0.0000000000E+00    0.0000000000E+00    0.1185584117E+02
    0.8355236748E-01   -0.1831451269E-02    0.1281294604E+00    0.2875942615E+00    0.0000000000E+00    0.0000000000E+00    0.0000000000E+00   -0.1039461209E+02
   -0.2779758652E+00   -0.1126357779E+00   -0.2255870794E+00   -0.1596412304E+00    0.0000000000E+00    0.0000000000E+00    0.0000000000E+00    0.1500501898E+02
    0.1909076662E-01   -0.2065138671E-01    0.9343024576E-01    0.2411528307E+00    0.0000000000E+00    0.0000000000E+00    0.0000000000E+00    0.6258728106E+01
    0.5369853806E+00    0.3338792391E+00    0.2145530288E+00   -0.5009287151E+00    0.0000000000E+00    0.0000000000E+00    0.0000000000E+00    0.2936227265E+01
    0.2334608993E-01   -0.2179138655E-01    0.5190095985E-01    0.1909508729E+00    0.0000000000E+00    0.0000000000E+00    0.0000000000E+00    0.1230907495E+01
   -0.2556999430E-02    0.2006733232E-01   -0.4549676339E-01   -0.1481950159E+00    0.0000000000E+00    0.0000000000E+00    0.0000000000E+00    0.5555481594E+00
   -0.1422548761E+00   -0.1015960190E+00   -0.4374939888E-01    0.2017388567E+00    0.0000000000E+00    0.0000000000E+00    0.0000000000E+00    0.1864992450E+00
   -0.8989424034E-01   -0.3058760462E-01   -0.6728414055E-01   -0.6008860704E-01    0.0000000000E+00    0.0000000000E+00    0.0000000000E+00    0.7858764295E-01
   -0.9462559647E-01   -0.7633435942E-01   -0.4335231607E-01    0.1486184261E+00    0.0000000000E+00    0.0000000000E+00    0.0000000000E+00    0.2127464965E-01
   -0.3823970526E-01    0.3680156223E-02   -0.1204171608E-01   -0.7809495699E-01    0.0000000000E+00    0.0000000000E+00    0.0000000000E+00    0.8711035390E-02
   -0.2130653130E-01   -0.3372856416E-01   -0.2463145974E-01    0.1045925024E+00    0.0000000000E+00    0.0000000000E+00    0.0000000000E+00    0.2078138501E-02
   -0.2236168377E-01   -0.4497873895E-02   -0.9887476412E-02   -0.5763250268E-01    0.0000000000E+00    0.0000000000E+00    0.0000000000E+00    0.9071270875E-03
   -0.5694023677E-02   -0.1655669919E-02    0.6051696415E-02    0.4907038392E-01    0.0000000000E+00    0.0000000000E+00    0.0000000000E+00    0.8762594131E-04
   -0.5073459422E-02   -0.6305442547E-02   -0.1621245226E-01   -0.2469795201E-01    0.0000000000E+00    0.0000000000E+00    0.0000000000E+00    0.8199036661E-04
   -0.2049610593E-02    0.7227117590E-03    0.1276342921E-01    0.1358078787E-01    0.0000000000E+00    0.0000000000E+00    0.0000000000E+00   -0.9248369462E-05
   -0.9840223608E-03    0.7076888391E-03   -0.7018177870E-02   -0.1429921846E-01    0.0000000000E+00    0.0000000000E+00    0.0000000000E+00    0.7271470699E-05
   -0.1861708747E-03    0.2124054161E-02    0.1542090080E-01   -0.2602203618E-01    0.0000000000E+00    0.0000000000E+00    0.0000000000E+00   -0.2513344710E-05
   -0.3086764959E-04    0.1630035717E-02   -0.5048837860E-02    0.3980106067E-01    0.0000000000E+00    0.0000000000E+00    0.0000000000E+00    0.9591332529E-06
    0.9332161289E-05   -0.1349855481E-03   -0.1946692277E-02   -0.1762856690E-01    0.0000000000E+00    0.0000000000E+00    0.0000000000E+00   -0.3516604380E-06
   -0.3730905531E-05    0.3803169938E-04    0.5198602228E-03    0.3527616195E-02    0.0000000000E+00    0.0000000000E+00    0.0000000000E+00    0.1251935956E-06
    0.1499308615E-05   -0.1269958032E-04   -0.1678034401E-03   -0.1010069932E-02    0.0000000000E+00    0.0000000000E+00    0.0000000000E+00   -0.4337892792E-07
   -0.5941766424E-06    0.4493125914E-05    0.5815417436E-04    0.3279783223E-03    0.0000000000E+00    0.0000000000E+00    0.0000000000E+00    0.1467500231E-07
    0.2318290190E-06   -0.1627632190E-05   -0.2078414580E-04   -0.1126002406E-03    0.0000000000E+00    0.0000000000E+00    0.0000000000E+00   -0.4863300783E-08
   -0.8914417459E-07    0.5951902643E-06    0.7529064749E-05    0.3972252475E-04    0.0000000000E+00    0.0000000000E+00    0.0000000000E+00    0.1583499501E-08
    0.3381431739E-07   -0.2180829105E-06   -0.2739763486E-05   -0.1419527768E-04    0.0000000000E+00    0.0000000000E+00    0.0000000000E+00   -0.5076248233E-09
   -0.1265187625E-07    0.7965352889E-07    0.9955205181E-06    0.5093338190E-05    0.0000000000E+00    0.0000000000E+00    0.0000000000E+00    0.1603511634E-09
    0.4661617073E-08   -0.2885731049E-07   -0.3592514041E-06   -0.1821771270E-05    0.0000000000E+00    0.0000000000E+00    0.0000000000E+00   -0.4987430010E-10
   -0.1685011952E-08    0.1030795829E-07    0.1279447441E-06    0.6447429033E-06    0.0000000000E+00    0.0000000000E+00    0.0000000000E+00    0.1523102002E-10
    0.5935416871E-09   -0.3600777634E-08   -0.4459300608E-07   -0.2237126566E-06    0.0000000000E+00    0.0000000000E+00    0.0000000000E+00   -0.4541384515E-11
   -0.2015540565E-09    0.1215576512E-08    0.1502844362E-07    0.7515485817E-07    0.0000000000E+00    0.0000000000E+00    0.0000000000E+00    0.1309468827E-11
    0.6487801813E-10   -0.3896609422E-09   -0.4811318060E-08   -0.2400621882E-07    0.0000000000E+00    0.0000000000E+00    0.0000000000E+00   -0.3595319287E-12
   -0.1928357067E-10    0.1154796966E-09    0.1424520406E-08    0.7096232219E-08    0.0000000000E+00    0.0000000000E+00    0.0000000000E+00    0.9171475312E-13
    0.5077910250E-11   -0.3034631683E-10   -0.3740771839E-09   -0.1861321105E-08    0.0000000000E+00    0.0000000000E+00    0.0000000000E+00   -0.2089361900E-13
   -0.1106253261E-11    0.6601491761E-11    0.8133353033E-10    0.4043656542E-09    0.0000000000E+00    0.0000000000E+00    0.0000000000E+00    0.3977084098E-14
    0.1758138850E-12   -0.1048077473E-11   -0.1290783084E-10   -0.6413643880E-10    0.0000000000E+00    0.0000000000E+00    0.0000000000E+00   -0.5588220195E-15
   -0.1509690453E-13    0.8993157716E-13    0.1107258939E-11    0.5499468188E-11    0.0000000000E+00    0.0000000000E+00    0.0000000000E+00    0.4299898059E-16
 l,ispin:           3           1
 psi n=1,noccmax(l):
    0.3874557090E+01   -0.2428532458E+00   -0.3329049481E+00   -0.2032903456E+00    0.0000000000E+00    0.0000000000E+00    0.0000000000E+00
   -0.1286895429E+02    0.8069661582E+00    0.1092157816E+01    0.7639044300E+00    0.0000000000E+00    0.0000000000E+00    0.0000000000E+00
    0.1973706903E+02   -0.1237698869E+01   -0.1673125268E+01   -0.1184758237E+01    0.0000000000E+00    0.0000000000E+00    0.0000000000E+00
   -0.1776576652E+02    0.1113490320E+01    0.1526334161E+01    0.9342605466E+00    0.0000000000E+00    0.0000000000E+00    0.0000000000E+00
    0.1150364968E+02   -0.7198385640E+00   -0.1018028521E+01   -0.4080711264E+00    0.0000000000E+00    0.0000000000E+00    0.0000000000E+00
   -0.1006059123E+02    0.6265969840E+00    0.8809561412E+00    0.3789238624E+00    0.0000000000E+00    0.0000000000E+00    0.0000000000E+00
    0.1450061760E+02   -0.8978034416E+00   -0.1203052558E+01   -0.8904982414E+00    0.0000000000E+00    0.0000000000E+00    0.0000000000E+00
    0.6011796191E+01   -0.3759755787E+00   -0.4274994796E+00   -0.8498764723E+00    0.0000000000E+00    0.0000000000E+00    0.0000000000E+00
    0.2839720089E+01   -0.1870582934E+00   -0.2770754324E+00   -0.6720039252E-01    0.0000000000E+00    0.0000000000E+00    0.0000000000E+00
    0.1210809267E+01   -0.8030154193E-01   -0.7842282850E-01   -0.2704514971E+00    0.0000000000E+00    0.0000000000E+00    0.0000000000E+00
    0.5542855054E+00   -0.3494123368E-01   -0.6229639104E-01    0.5090812829E-01    0.0000000000E+00    0.0000000000E+00    0.0000000000E+00
    0.1906080565E+00   -0.1204811661E-01   -0.2748965499E-02   -0.8668636953E-01    0.0000000000E+00    0.0000000000E+00    0.0000000000E+00
    0.8147890652E-01   -0.3873720902E-02   -0.1344753361E-01    0.4141215402E-01    0.0000000000E+00    0.0000000000E+00    0.0000000000E+00
    0.2328236992E-01   -0.1802298151E-02    0.4272654492E-02   -0.3270289516E-01    0.0000000000E+00    0.0000000000E+00    0.0000000000E+00
    0.9448841049E-02    0.2102323764E-02   -0.1138369442E-02    0.2479400478E-01    0.0000000000E+00    0.0000000000E+00    0.0000000000E+00
    0.2558282267E-02   -0.2274887594E-02   -0.5528148156E-03   -0.1859765489E-01    0.0000000000E+00    0.0000000000E+00    0.0000000000E+00
    0.1099087794E-02    0.1740504435E-02    0.1517648026E-02    0.1527742945E-01    0.0000000000E+00    0.0000000000E+00    0.0000000000E+00
    0.1553290338E-03    0.1137196004E-03    0.6232686804E-03   -0.8957441536E-02    0.0000000000E+00    0.0000000000E+00    0.0000000000E+00
    0.1094650531E-03   -0.4202398651E-04   -0.2659138268E-03    0.7018831512E-02    0.0000000000E+00    0.0000000000E+00    0.0000000000E+00
   -0.2569839211E-05    0.3841749559E-03    0.1239193671E-02   -0.3125502934E-02    0.0000000000E+00    0.0000000000E+00    0.0000000000E+00
    0.8742053695E-05    0.2127193410E-03   -0.7874379088E-04    0.3622330137E-02    0.0000000000E+00    0.0000000000E+00    0.0000000000E+00
   -0.2484037961E-05    0.2446621372E-03    0.1019396334E-02   -0.6631656738E-03    0.0000000000E+00    0.0000000000E+00    0.0000000000E+00
    0.9831278336E-06    0.1205500137E-03   -0.5091330243E-03   -0.1558382393E-02    0.0000000000E+00    0.0000000000E+00    0.0000000000E+00
   -0.3600071097E-06   -0.9883784545E-05   -0.5949342472E-04    0.8686066002E-03    0.0000000000E+00    0.0000000000E+00    0.0000000000E+00
    0.1278557961E-06    0.2457232522E-05    0.1368306910E-04   -0.1704725322E-03    0.0000000000E+00    0.0000000000E+00    0.0000000000E+00
   -0.4416014533E-07   -0.7119061899E-06   -0.3702216018E-05    0.4379852784E-04    0.0000000000E+00    0.0000000000E+00    0.0000000000E+00
    0.1488673410E-07    0.2159856249E-06    0.1069529873E-05   -0.1233959663E-04    0.0000000000E+00    0.0000000000E+00    0.0000000000E+00
   -0.4916217082E-08   -0.6654230863E-07   -0.3184240787E-06    0.3618307364E-05    0.0000000000E+00    0.0000000000E+00    0.0000000000E+00
    0.1595550990E-08    0.2058343031E-07    0.9617226018E-07   -0.1081523161E-05    0.0000000000E+00    0.0000000000E+00    0.0000000000E+00
   -0.5100359663E-09   -0.6359439996E-08   -0.2922012752E-07    0.3261476639E-06    0.0000000000E+00    0.0000000000E+00    0.0000000000E+00
    0.1607268660E-09    0.1955660416E-08    0.8880745644E-08   -0.9857907881E-07    0.0000000000E+00    0.0000000000E+00    0.0000000000E+00
   -0.4989311899E-10   -0.5964682395E-09   -0.2686256846E-08    0.2969650836E-07    0.0000000000E+00    0.0000000000E+00    0.0000000000E+00
    0.1521286989E-10    0.1795645326E-09    0.8039812446E-09   -0.8861050756E-08    0.0000000000E+00    0.0000000000E+00    0.0000000000E+00
   -0.4530386653E-11   -0.5298344148E-10   -0.2362529176E-09    0.2598008941E-08    0.0000000000E+00    0.0000000000E+00    0.0000000000E+00
    0.1305052902E-11    0.1516138822E-10    0.6740835269E-10   -0.7400436070E-09    0.0000000000E+00    0.0000000000E+00    0.0000000000E+00
   -0.3580584023E-12   -0.4139763723E-11   -0.1836788225E-10    0.2014065067E-09    0.0000000000E+00    0.0000000000E+00    0.0000000000E+00
    0.9128847688E-13    0.1051795937E-11    0.4659997332E-11   -0.5105195561E-10    0.0000000000E+00    0.0000000000E+00    0.0000000000E+00
   -0.2078789453E-13   -0.2389140546E-12   -0.1057429408E-11    0.1157697195E-10    0.0000000000E+00    0.0000000000E+00    0.0000000000E+00
    0.3955737718E-14    0.4538153154E-13    0.2007127065E-12   -0.2196404618E-11    0.0000000000E+00    0.0000000000E+00    0.0000000000E+00
   -0.5556955111E-15   -0.6366913568E-14   -0.2814510560E-13    0.3078865730E-12    0.0000000000E+00    0.0000000000E+00    0.0000000000E+00
    0.4275120866E-16    0.4893722712E-15    0.2162502388E-14   -0.2365027399E-13    0.0000000000E+00    0.0000000000E+00    0.0000000000E+00
 l,ispin:           3           2
 psi n=1,noccmax(l):
    0.3982757898E+01    0.2026231908E+00    0.2942983629E+00    0.1687413758E+00    0.0000000000E+00    0.0000000000E+00    0.0000000000E+00
   -0.1324090692E+02   -0.6739826789E+00   -0.9649721574E+00   -0.6499443862E+00    0.0000000000E+00    0.0000000000E+00    0.0000000000E+00
    0.2031904781E+02    0.1034331112E+01    0.1478875802E+01    0.1010879034E+01    0.0000000000E+00    0.0000000000E+00    0.0000000000E+00
   -0.1829641881E+02   -0.9307909034E+00   -0.1351676001E+01   -0.7786374136E+00    0.0000000000E+00    0.0000000000E+00    0.0000000000E+00
    0.1185584117E+02    0.6019803571E+00    0.9050984873E+00    0.3084807019E+00    0.0000000000E+00    0.0000000000E+00    0.0000000000E+00
   -0.1039461209E+02   -0.5247260196E+00   -0.7838204260E+00   -0.2935743251E+00    0.0000000000E+00    0.0000000000E+00    0.0000000000E+00
    0.1500501898E+02    0.7517789589E+00    0.1064789078E+01    0.7676293433E+00    0.0000000000E+00    0.0000000000E+00    0.0000000000E+00
    0.6258728106E+01    0.3175117768E+00    0.3740371913E+00    0.8011681368E+00    0.0000000000E+00    0.0000000000E+00    0.0000000000E+00
    0.2936227265E+01    0.1588780863E+00    0.2504397930E+00    0.4451109210E-01    0.0000000000E+00    0.0000000000E+00    0.0000000000E+00
    0.1230907495E+01    0.6710470736E-01    0.6598007490E-01    0.2582175997E+00    0.0000000000E+00    0.0000000000E+00    0.0000000000E+00
    0.5555481594E+00    0.2849484647E-01    0.5568780960E-01   -0.5670391017E-01    0.0000000000E+00    0.0000000000E+00    0.0000000000E+00
    0.1864992450E+00    0.9523639828E-02    0.2657227905E-03    0.8386817470E-01    0.0000000000E+00    0.0000000000E+00    0.0000000000E+00
    0.7858764295E-01    0.2745018930E-02    0.1216125915E-01   -0.4246883345E-01    0.0000000000E+00    0.0000000000E+00    0.0000000000E+00
    0.2127464965E-01    0.1366331701E-02   -0.4724552267E-02    0.3202411697E-01    0.0000000000E+00    0.0000000000E+00    0.0000000000E+00
    0.8711035390E-02   -0.2263695352E-02    0.9259803627E-03   -0.2487894541E-01    0.0000000000E+00    0.0000000000E+00    0.0000000000E+00
    0.2078138501E-02    0.2205126735E-02    0.4795287116E-03    0.1839752755E-01    0.0000000000E+00    0.0000000000E+00    0.0000000000E+00
    0.9071270875E-03   -0.1780771241E-02   -0.1588780862E-02   -0.1528738880E-01    0.0000000000E+00    0.0000000000E+00    0.0000000000E+00
    0.8762594131E-04   -0.1218767744E-03   -0.6176079154E-03    0.8918515945E-02    0.0000000000E+00    0.0000000000E+00    0.0000000000E+00
    0.8199036661E-04    0.3264880508E-04    0.2344513959E-03   -0.7036817014E-02    0.0000000000E+00    0.0000000000E+00    0.0000000000E+00
   -0.9248369462E-05   -0.3864571549E-03   -0.1230996509E-02    0.3126611042E-02    0.0000000000E+00    0.0000000000E+00    0.0000000000E+00
    0.7271470699E-05   -0.2140921953E-03    0.6922042431E-04   -0.3627580445E-02    0.0000000000E+00    0.0000000000E+00    0.0000000000E+00
   -0.2513344710E-05   -0.2443304595E-03   -0.1007503187E-02    0.7052948494E-03    0.0000000000E+00    0.0000000000E+00    0.0000000000E+00
    0.9591332529E-06   -0.1197109876E-03    0.5084566457E-03    0.1528658038E-02    0.0000000000E+00    0.0000000000E+00    0.0000000000E+00
   -0.3516604380E-06    0.9839533213E-05    0.5822248641E-04   -0.8606294235E-03    0.0000000000E+00    0.0000000000E+00    0.0000000000E+00
    0.1251935956E-06   -0.2447127621E-05   -0.1339388323E-04    0.1692364470E-03    0.0000000000E+00    0.0000000000E+00    0.0000000000E+00
   -0.4337892792E-07    0.7091184433E-06    0.3623461078E-05   -0.4351621574E-04    0.0000000000E+00    0.0000000000E+00    0.0000000000E+00
    0.1467500231E-07   -0.2151668927E-06   -0.1046633182E-05    0.1226539047E-04    0.0000000000E+00    0.0000000000E+00    0.0000000000E+00
   -0.4863300783E-08    0.6629569145E-07    0.3115767738E-06   -0.3597494436E-05    0.0000000000E+00    0.0000000000E+00    0.0000000000E+00
    0.1583499501E-08   -0.2050834746E-07   -0.9409830332E-07    0.1075484695E-05    0.0000000000E+00    0.0000000000E+00    0.0000000000E+00
   -0.5076248233E-09    0.6336502348E-08    0.2858889498E-07   -0.3243635063E-06    0.0000000000E+00    0.0000000000E+00    0.0000000000E+00
    0.1603511634E-09   -0.1948662803E-08   -0.8688698843E-08    0.9804740614E-07    0.0000000000E+00    0.0000000000E+00    0.0000000000E+00
   -0.4987430010E-10    0.5943460782E-09    0.2628131564E-08   -0.2953792365E-07    0.0000000000E+00    0.0000000000E+00    0.0000000000E+00
    0.1523102002E-10   -0.1789282311E-09   -0.7865788975E-09    0.8814058744E-08    0.0000000000E+00    0.0000000000E+00    0.0000000000E+00
   -0.4541384515E-11    0.5279622533E-10    0.2311382797E-09   -0.2584298209E-08    0.0000000000E+00    0.0000000000E+00    0.0000000000E+00
    0.1309468827E-11   -0.1510792385E-10   -0.6594890822E-10    0.7361514710E-09    0.0000000000E+00    0.0000000000E+00    0.0000000000E+00
   -0.3595319287E-12    0.4125186334E-11    0.1797019019E-10   -0.2003497943E-09    0.0000000000E+00    0.0000000000E+00    0.0000000000E+00
    0.9171475312E-13   -0.1048095984E-11   -0.4559100921E-11    0.5078455716E-10    0.0000000000E+00    0.0000000000E+00    0.0000000000E+00
   -0.2089361900E-13    0.2380742168E-12    0.1034534551E-11   -0.1151640677E-10    0.0000000000E+00    0.0000000000E+00    0.0000000000E+00
    0.3977084098E-14   -0.4522208574E-13   -0.1963670477E-12    0.2184923730E-11    0.0000000000E+00    0.0000000000E+00    0.0000000000E+00
   -0.5588220195E-15    0.6344551731E-14    0.2753574078E-13   -0.3062781622E-12    0.0000000000E+00    0.0000000000E+00    0.0000000000E+00
    0.4299898059E-16   -0.4876539356E-15   -0.2115683050E-14    0.2352677555E-13    0.0000000000E+00    0.0000000000E+00    0.0000000000E+00
