   40             4.00000 ng, rij 
     2.460     4.920                                       rcov,rprb 
 r                           (non)relativistic calculation
 PBE                         XC-functional
 97.000 37.000    0.2275000000    0.1572035853E+03   -0.1501495194E+02    0.0000000000E+00    0.0000000000E+00  znuc,zion,rloc,gpot()
   3                                                       lpx, (Projectors for l=0..lpx)
    0.1741812383    0.1089717621E+02    0.2211164905E+02   -0.5588703442E+02   -0.1680972407E+02    0.4340252091E+02   -0.3444968298E+02  r_l(),hsep(), so=+0.5
    0.2104544600    0.6171693342E+01    0.1258149850E+02   -0.3895034612E+02   -0.1445400642E+02    0.3420442207E+02   -0.2430926446E+02  r_l(),hsep(), so=+0.5
    0.3029775087E+01   -0.1868656642E+02    0.5806189177E+02    0.2159455949E+02   -0.5110205473E+02    0.3631850176E+02         hsep(), so=-0.5
    0.4652774528    0.2262794600E+01   -0.1513673326E+01    0.1716344223E+01    0.0000000000E+00   -0.0000000000E+00    0.0000000000E+00  r_l(),hsep(), so=+0.5
    0.1104410932E+01   -0.7036235974E+00    0.7978341666E+00    0.0000000000E+00   -0.0000000000E+00    0.0000000000E+00         hsep(), so=-0.5
    0.2344989487   -0.2703911530E+00   -0.0000000000E+00    0.0000000000E+00    0.0000000000E+00   -0.0000000000E+00    0.0000000000E+00  r_l(),hsep(), so=+0.5
   -0.6689821691E+00   -0.0000000000E+00    0.0000000000E+00    0.0000000000E+00   -0.0000000000E+00    0.0000000000E+00         hsep(), so=-0.5
 ---------------------------------------------
 Additional information (last calculation):
 gaussian exponents:
 xp():   109.29799298620711        77.285352010626738        54.648996493103553        38.642676005313383        27.324498246551777        19.321338002656692        13.662249123275895        9.6606690013283512        6.8311245616379468        4.8303345006641756        3.4155622808189747        2.4151672503320882        1.7077811404094874        1.2075836251660443       0.85389057020474435       0.60379181258302239       0.42694528510237217       0.30189590629151131       0.21347264255118620       0.15094795314575565       0.10673632127559309        7.5473976572877854E-002   5.3368160637796563E-002   3.7736988286438934E-002   2.6684080318898285E-002   1.8868494143219471E-002   1.3342040159449144E-002   9.4342470716097387E-003   6.6710200797245739E-003   4.7171235358048694E-003   3.3355100398622882E-003   2.3585617679024356E-003   1.6677550199311448E-003   1.1792808839512176E-003   8.3387750996557217E-004   5.8964044197560911E-004   4.1693875498278636E-004   2.9482022098780455E-004   2.0846937749139318E-004   1.4741011049390236E-004
 orbital coefficients (one orbital per column)
 l,ispin:           0           1
 psi n=1,noccmax(l):
    0.7364825066E-02   -0.1994397873E-01   -0.7048055631E-02    0.3278372186E-02    0.3754206556E-02    0.0000000000E+00    0.0000000000E+00   -0.6033866334E+00    0.2601957763E+00
   -0.1617887840E+00    0.6209483825E-01    0.2488903715E-01   -0.1010604158E-01   -0.1377099206E-01    0.0000000000E+00    0.0000000000E+00    0.2503023267E+01   -0.1102532428E+01
    0.1023518507E+01    0.6965977185E-01    0.2595592879E-02   -0.1320208489E-01    0.2638227435E-02    0.0000000000E+00    0.0000000000E+00   -0.5050949564E+01    0.2268181232E+01
   -0.3530179384E+01   -0.8486365626E+00   -0.2203726075E+00    0.1495011692E+00    0.1022071141E+00    0.0000000000E+00    0.0000000000E+00    0.5927185750E+01   -0.2636876847E+01
    0.7136485328E+01    0.2104535492E+01    0.5837534497E+00   -0.3732916806E+00   -0.2791870503E+00    0.0000000000E+00    0.0000000000E+00   -0.3859332879E+01    0.1337025072E+01
   -0.4557543080E+01   -0.8140474344E-02    0.8255991950E-01    0.1826529422E-01   -0.6099000149E-01    0.0000000000E+00    0.0000000000E+00    0.4800578421E+01   -0.1201734970E+01
   -0.1170980225E+02   -0.9734707348E+01   -0.3145581065E+01    0.1693704368E+01    0.1608455710E+01    0.0000000000E+00    0.0000000000E+00   -0.1205055204E+02    0.7055933654E+01
    0.6374842966E+01    0.7581702181E+01    0.2581785626E+01   -0.1355464822E+01   -0.1339216065E+01    0.0000000000E+00    0.0000000000E+00   -0.6559279675E+01   -0.4851340557E+01
    0.2017116556E+02    0.1019039314E+02    0.3046698807E+01   -0.1865253269E+01   -0.1495238852E+01    0.0000000000E+00    0.0000000000E+00    0.3299793892E+02   -0.1012480530E+02
   -0.7640631860E+01   -0.3759486796E+01   -0.1133722766E+01    0.8144050421E+00    0.5380140608E+00    0.0000000000E+00    0.0000000000E+00   -0.6528293823E+01    0.2949435682E+01
    0.2040190902E+01   -0.6852798240E+00   -0.2875151344E+00   -0.3466576112E-01    0.1821257972E+00    0.0000000000E+00    0.0000000000E+00   -0.2115722859E+01    0.2091643214E+01
   -0.8284980748E+01   -0.5410278039E+01   -0.1754381139E+01    0.1229543394E+01    0.8568977952E+00    0.0000000000E+00    0.0000000000E+00   -0.7675767662E+01    0.3972907573E+01
    0.1238671450E+01   -0.1066247689E+01   -0.4474113374E+00   -0.5365582164E-03    0.2655995743E+00    0.0000000000E+00    0.0000000000E+00   -0.1499325078E+01    0.1421006148E+01
   -0.2970225312E+01   -0.1748426280E+01   -0.6411142291E+00    0.6674395306E+00    0.3116733153E+00    0.0000000000E+00    0.0000000000E+00   -0.2019041691E+01    0.9671493619E+00
    0.1565418457E+01    0.1315483070E+01    0.5333484178E+00   -0.6496731503E+00   -0.2805083988E+00    0.0000000000E+00    0.0000000000E+00    0.2627457124E+00   -0.4000963410E+00
   -0.1188691473E+01    0.3447609786E+00    0.1497210174E+00    0.3054406267E+00   -0.3253103965E-01    0.0000000000E+00    0.0000000000E+00   -0.3701099044E+00   -0.3120564849E+00
    0.8236528728E+00    0.1190399446E+01    0.6131308216E+00   -0.8213436887E+00   -0.4569302599E+00    0.0000000000E+00    0.0000000000E+00    0.1904325561E+00   -0.4979732301E+00
   -0.5691221918E+00    0.1022827557E+00    0.3889752731E+00    0.2063986398E+00   -0.9336031796E-01    0.0000000000E+00    0.0000000000E+00   -0.1138461787E+00   -0.2336026861E+00
    0.3891383743E+00    0.3698815877E+00   -0.3378839317E+00   -0.5195752315E-01    0.2769966266E+00    0.0000000000E+00    0.0000000000E+00    0.6594130838E-01   -0.1523629083E+00
   -0.2635158445E+00   -0.1126795502E+00    0.6352338440E+00   -0.6189733767E+00   -0.1133204491E+01    0.0000000000E+00    0.0000000000E+00   -0.3781319011E-01   -0.5154016090E-01
    0.1768460073E+00    0.1123521937E+00   -0.3745913471E+00    0.8979043061E+00    0.1764725805E+01    0.0000000000E+00    0.0000000000E+00    0.2145363579E-01   -0.2771348767E-01
   -0.1176962178E+00   -0.7445941424E-01   -0.1358169456E-02   -0.7499708506E+00   -0.2093608677E+01    0.0000000000E+00    0.0000000000E+00   -0.1204990094E-01    0.3106695115E-03
    0.7772695417E-01    0.5132733461E-01   -0.1134405021E+00    0.5888151057E+00    0.2344531448E+01    0.0000000000E+00    0.0000000000E+00    0.6704133758E-02   -0.3577861324E-02
   -0.5095861024E-01   -0.3468557316E-01   -0.1076767399E+00    0.2659456404E-01   -0.1679885418E+01    0.0000000000E+00    0.0000000000E+00   -0.3696509052E-02    0.1667091862E-02
    0.3317330351E-01    0.2306262194E-01   -0.5286812170E-01    0.2404778864E+00    0.2392180700E+01    0.0000000000E+00    0.0000000000E+00    0.2020499691E-02   -0.9610794712E-03
   -0.2144019811E-01   -0.1507625916E-01   -0.1783704775E-01   -0.5298075706E-01   -0.1998250302E+01    0.0000000000E+00    0.0000000000E+00   -0.1094814402E-02    0.5292208100E-03
    0.1374980028E-01    0.9680973816E-02    0.2369339828E-02   -0.2570639221E+00   -0.5514981681E+00    0.0000000000E+00    0.0000000000E+00    0.5878397187E-03   -0.2845855468E-03
   -0.8740121034E-02   -0.6099276813E-02   -0.1650723709E-02    0.1247704314E-01    0.1178116709E+01    0.0000000000E+00    0.0000000000E+00   -0.3124751910E-03    0.1492466127E-03
    0.5496971591E-02    0.3764380537E-02    0.1031421468E-02    0.6797702784E-03   -0.4651444941E+00    0.0000000000E+00    0.0000000000E+00    0.1641860888E-03   -0.7627392819E-04
   -0.3411671726E-02   -0.2271147000E-02   -0.6168301538E-03   -0.2108139928E-02    0.2150840010E+00    0.0000000000E+00    0.0000000000E+00   -0.8507455169E-04    0.3795510174E-04
    0.2081632534E-02    0.1335573845E-02    0.3545184139E-03    0.1655251785E-02   -0.1050917546E+00    0.0000000000E+00    0.0000000000E+00    0.4332466512E-04   -0.1836839524E-04
   -0.1242003267E-02   -0.7624075380E-03   -0.1961009023E-03   -0.1041771506E-02    0.5211067566E-01    0.0000000000E+00    0.0000000000E+00   -0.2158128571E-04    0.8627479720E-05
    0.7192825188E-03    0.4200174491E-03    0.1042672452E-03    0.5906826909E-03   -0.2567014293E-01    0.0000000000E+00    0.0000000000E+00    0.1044586474E-04   -0.3918437984E-05
   -0.4001608272E-03   -0.2214220690E-03   -0.5302395881E-04   -0.3110020249E-03    0.1236234567E-01    0.0000000000E+00    0.0000000000E+00   -0.4867435309E-05    0.1710074992E-05
    0.2107670091E-03    0.1103089908E-03    0.2553044502E-04    0.1527025601E-03   -0.5723049978E-02    0.0000000000E+00    0.0000000000E+00    0.2154879219E-05   -0.7096849491E-06
   -0.1029429982E-03   -0.5097171262E-04   -0.1144010172E-04   -0.6919934172E-04    0.2492419944E-02    0.0000000000E+00    0.0000000000E+00   -0.8893137320E-06    0.2754373504E-06
    0.4524064417E-04    0.2123850164E-04    0.4641311654E-05    0.2825788629E-04   -0.9904374738E-03    0.0000000000E+00    0.0000000000E+00    0.3326501995E-06   -0.9737719685E-07
   -0.1709793293E-04   -0.7639175852E-05   -0.1632351601E-05   -0.9975704244E-05    0.3431184304E-03    0.0000000000E+00    0.0000000000E+00   -0.1080272787E-06    0.3007450325E-07
    0.5170732339E-05    0.2209705373E-05    0.4635572941E-06    0.2838983847E-05   -0.9637473312E-04    0.0000000000E+00    0.0000000000E+00    0.2840415425E-07   -0.7571790134E-08
   -0.1100088761E-05   -0.4522533466E-06   -0.9348302844E-07   -0.5732065830E-06    0.1928083922E-04    0.0000000000E+00    0.0000000000E+00   -0.5327130899E-08    0.1369165703E-08
    0.1217145489E-06    0.4842577139E-07    0.9894112054E-08    0.6070660007E-07   -0.2028878342E-05    0.0000000000E+00    0.0000000000E+00    0.5276112031E-09   -0.1316065912E-09
 l,ispin:           1           1
 psi n=1,noccmax(l):
   -0.6033866334E+00    0.2601957763E+00    0.7189191007E-01   -0.5367539616E-01   -0.6316877088E-01    0.0000000000E+00    0.0000000000E+00    0.4282383641E+01    0.6357049608E+00
    0.2503023267E+01   -0.1102532428E+01   -0.3056874756E+00    0.2277155860E+00    0.2704418425E+00    0.0000000000E+00    0.0000000000E+00   -0.1531731672E+02   -0.2297753819E+01
   -0.5050949564E+01    0.2268181232E+01    0.6329573579E+00   -0.4672132488E+00   -0.5728791041E+00    0.0000000000E+00    0.0000000000E+00    0.2900161392E+02    0.4399531954E+01
    0.5927185750E+01   -0.2636876847E+01   -0.7471281524E+00    0.5324355352E+00    0.7297919454E+00    0.0000000000E+00    0.0000000000E+00   -0.3660031907E+02   -0.5570883632E+01
   -0.3859332879E+01    0.1337025072E+01    0.4012678390E+00   -0.2314667211E+00   -0.5397359875E+00    0.0000000000E+00    0.0000000000E+00    0.3010166534E+02    0.4426492033E+01
    0.4800578421E+01   -0.1201734970E+01   -0.3597577932E+00    0.1767923875E+00    0.5596493114E+00    0.0000000000E+00    0.0000000000E+00   -0.1552066592E+02   -0.1893626743E+01
   -0.1205055204E+02    0.7055933654E+01    0.2015154896E+01   -0.1490216600E+01   -0.1839636803E+01    0.0000000000E+00    0.0000000000E+00    0.2400622537E+02    0.3693018288E+01
   -0.6559279675E+01   -0.4851340557E+01   -0.1596883065E+01    0.1173187130E+01    0.1585923074E+01    0.0000000000E+00    0.0000000000E+00   -0.3903588643E+02   -0.7375379363E+01
    0.3299793892E+02   -0.1012480530E+02   -0.2523724805E+01    0.2119334776E+01    0.1486142265E+01    0.0000000000E+00    0.0000000000E+00   -0.6519218427E+01   -0.6176399225E+00
   -0.6528293823E+01    0.2949435682E+01    0.7273647951E+00   -0.7072575287E+00   -0.1884040618E+00    0.0000000000E+00    0.0000000000E+00    0.1116273634E+02    0.2230507619E+01
   -0.2115722859E+01    0.2091643214E+01    0.6705717421E+00   -0.4137960164E+00   -0.8463889124E+00    0.0000000000E+00    0.0000000000E+00    0.1012509443E+02    0.1961427917E+01
   -0.7675767662E+01    0.3972907573E+01    0.1023688474E+01   -0.9379208156E+00   -0.4404623222E+00    0.0000000000E+00    0.0000000000E+00    0.7066850162E+01    0.1343444516E+01
   -0.1499325078E+01    0.1421006148E+01    0.4692358447E+00   -0.2603706835E+00   -0.6577619182E+00    0.0000000000E+00    0.0000000000E+00    0.2582534608E+01    0.3622024840E+00
   -0.2019041691E+01    0.9671493619E+00    0.2109843572E+00   -0.2812059788E+00    0.1236785135E+00    0.0000000000E+00    0.0000000000E+00    0.1010910488E+01    0.2606888328E+00
    0.2627457124E+00   -0.4000963410E+00   -0.7863920663E-01    0.1749995572E+00   -0.1938940222E+00    0.0000000000E+00    0.0000000000E+00    0.2712749291E+00    0.2039990531E-02
   -0.3701099044E+00   -0.3120564849E+00   -0.1515168695E+00    0.1579310025E-01    0.3473600913E+00    0.0000000000E+00    0.0000000000E+00    0.9225548135E-01   -0.8664653867E-01
    0.1904325561E+00   -0.4979732301E+00   -0.1151709352E+00    0.2026381388E+00   -0.1076472616E+00    0.0000000000E+00    0.0000000000E+00    0.1185137746E-02   -0.7566037637E-01
   -0.1138461787E+00   -0.2336026861E+00   -0.1896662373E+00    0.6326051530E-01    0.3402431320E+00    0.0000000000E+00    0.0000000000E+00    0.6879912241E-02   -0.8001281177E-01
    0.6594130838E-01   -0.1523629083E+00    0.1069105287E+00   -0.2879737381E-01   -0.2991156309E+00    0.0000000000E+00    0.0000000000E+00   -0.2756128982E-02   -0.3502637891E-01
   -0.3781319011E-01   -0.5154016090E-01   -0.1944601533E+00    0.1686951736E+00    0.4593428267E+00    0.0000000000E+00    0.0000000000E+00    0.1403087873E-02   -0.1713831274E-01
    0.2145363579E-01   -0.2771348767E-01    0.8282140341E-01   -0.1313165344E+00   -0.4568892179E+00    0.0000000000E+00    0.0000000000E+00   -0.6824433408E-03   -0.2287044153E-01
   -0.1204990094E-01    0.3106695115E-03   -0.1068539563E-01    0.8544604223E-01    0.4394748373E+00    0.0000000000E+00    0.0000000000E+00    0.3272917101E-03   -0.4510792883E-02
    0.6704133758E-02   -0.3577861324E-02    0.8204094245E-02   -0.5557656034E-01   -0.4131852384E+00    0.0000000000E+00    0.0000000000E+00   -0.1547717836E-03   -0.5434914602E-02
   -0.3696509052E-02    0.1667091862E-02    0.2171110634E-01   -0.2905638033E-01    0.2762944495E+00    0.0000000000E+00    0.0000000000E+00    0.7223212662E-04   -0.1896158631E-02
    0.2020499691E-02   -0.9610794712E-03    0.1619789506E-01   -0.2790813802E-01   -0.3714656109E+00    0.0000000000E+00    0.0000000000E+00   -0.3328873505E-04   -0.1074336829E-02
   -0.1094814402E-02    0.5292208100E-03    0.1006193155E-01   -0.2731035095E-01    0.2290098461E+00    0.0000000000E+00    0.0000000000E+00    0.1515248785E-04   -0.1393769977E-03
    0.5878397187E-03   -0.2845855468E-03    0.1128241558E-02    0.4874013351E-01    0.8889982948E-01    0.0000000000E+00    0.0000000000E+00   -0.6810860807E-05   -0.3923199352E-04
   -0.3124751910E-03    0.1492466127E-03   -0.1429300835E-03   -0.3129144954E-02   -0.1204530300E+00    0.0000000000E+00    0.0000000000E+00    0.3021018513E-05    0.1501044247E-04
    0.1641860888E-03   -0.7627392819E-04    0.3740679924E-04    0.8684670705E-03    0.3931355169E-01    0.0000000000E+00    0.0000000000E+00   -0.1320664975E-05   -0.6177975102E-05
   -0.8507455169E-04    0.3795510174E-04   -0.1165299625E-04   -0.3073523097E-03   -0.1509290031E-01    0.0000000000E+00    0.0000000000E+00    0.5679054762E-06    0.2485697125E-05
    0.4332466512E-04   -0.1836839524E-04    0.3903423684E-05    0.1181937223E-03    0.6142583939E-02    0.0000000000E+00    0.0000000000E+00   -0.2395444822E-06   -0.9735748876E-06
   -0.2158128571E-04    0.8627479720E-05   -0.1360984476E-05   -0.4701392205E-04   -0.2546337724E-02    0.0000000000E+00    0.0000000000E+00    0.9872178315E-07    0.3711522407E-06
    0.1044586474E-04   -0.3918437984E-05    0.4860563557E-06    0.1887604278E-04    0.1053084455E-02    0.0000000000E+00    0.0000000000E+00   -0.3953293823E-07   -0.1375186454E-06
   -0.4867435309E-05    0.1710074992E-05   -0.1753282365E-06   -0.7511960366E-05   -0.4278797497E-03    0.0000000000E+00    0.0000000000E+00    0.1526224102E-07    0.4930177323E-07
    0.2154879219E-05   -0.7096849491E-06    0.6277203331E-07    0.2909338920E-05    0.1680951440E-03    0.0000000000E+00    0.0000000000E+00   -0.5616274811E-08   -0.1695037897E-07
   -0.8893137320E-06    0.2754373504E-06   -0.2178058177E-07   -0.1072290467E-05   -0.6255422918E-04    0.0000000000E+00    0.0000000000E+00    0.1936892858E-08    0.5503320006E-08
    0.3326501995E-06   -0.9737719685E-07    0.7084015458E-08    0.3647721068E-06    0.2141682228E-04    0.0000000000E+00    0.0000000000E+00   -0.6100918674E-09   -0.1645493928E-08
   -0.1080272787E-06    0.3007450325E-07   -0.2058033718E-08   -0.1094820791E-06   -0.6455302287E-05    0.0000000000E+00    0.0000000000E+00    0.1685343018E-09    0.4350779228E-09
    0.2840415425E-07   -0.7571790134E-08    0.4956639935E-09    0.2698716886E-07    0.1595639507E-05    0.0000000000E+00    0.0000000000E+00   -0.3816847751E-10   -0.9504961939E-10
   -0.5327130899E-08    0.1369165703E-08   -0.8681415151E-10   -0.4804509355E-08   -0.2845831602E-06    0.0000000000E+00    0.0000000000E+00    0.6256260141E-11    0.1513485664E-10
    0.5276112031E-09   -0.1316065912E-09    0.8156559680E-11    0.4565715827E-09    0.2707545912E-07    0.0000000000E+00    0.0000000000E+00   -0.5503650334E-12   -0.1301305987E-11
 l,ispin:           1           2
 psi n=1,noccmax(l):
    0.8149295486E+00   -0.3088250654E+00    0.7620861140E-01    0.5102758441E-01    0.5618816397E-01    0.0000000000E+00    0.0000000000E+00   -0.4265583578E+01    0.7514911550E+00
   -0.3426146652E+01    0.1344893521E+01   -0.3334169369E+00   -0.2231782512E+00   -0.2463041648E+00    0.0000000000E+00    0.0000000000E+00    0.1525504214E+02   -0.2718650671E+01
    0.6880366260E+01   -0.2839542642E+01    0.7092966480E+00    0.4711250243E+00    0.5304789710E+00    0.0000000000E+00    0.0000000000E+00   -0.2888192654E+02    0.5211072321E+01
   -0.7251739299E+01    0.3273537004E+01   -0.8312068248E+00   -0.5311809709E+00   -0.6546451010E+00    0.0000000000E+00    0.0000000000E+00    0.3646064712E+02   -0.6603948318E+01
    0.6678614029E+00   -0.9712769762E+00    0.2797984818E+00    0.1066565821E+00    0.3306008362E+00    0.0000000000E+00    0.0000000000E+00   -0.3003611101E+02    0.5241030169E+01
    0.5713714940E+01   -0.8708934327E+00    0.1603208761E+00    0.2321402435E+00   -0.7149513946E-01    0.0000000000E+00    0.0000000000E+00    0.1555838941E+02   -0.2209398601E+01
    0.1461753395E+02   -0.8785114360E+01    0.2253306660E+01    0.1497658430E+01    0.1696141056E+01    0.0000000000E+00    0.0000000000E+00   -0.2383956146E+02    0.4356407854E+01
   -0.3747424379E+02    0.1622260523E+02   -0.4105844011E+01   -0.2828912587E+01   -0.2938376224E+01    0.0000000000E+00    0.0000000000E+00    0.3860830955E+02   -0.8853098938E+01
   -0.4527784244E+01    0.5674505442E+01   -0.1373856859E+01   -0.1135130219E+01   -0.7016643117E+00    0.0000000000E+00    0.0000000000E+00    0.6411777128E+01   -0.6462128582E+00
    0.1107568673E+02   -0.6634049605E+01    0.1623016485E+01    0.1315624905E+01    0.8732190688E+00    0.0000000000E+00    0.0000000000E+00   -0.1099191812E+02    0.2668390560E+01
    0.4422552136E+01   -0.4267339216E+01    0.1169230649E+01    0.7116885414E+00    0.9835451153E+00    0.0000000000E+00    0.0000000000E+00   -0.9982722208E+01    0.2352449873E+01
    0.6980792051E+01   -0.4110416190E+01    0.1025823118E+01    0.8792056556E+00    0.5000951164E+00    0.0000000000E+00    0.0000000000E+00   -0.6859098945E+01    0.1576777149E+01
    0.6744654415E+00   -0.9722770341E+00    0.3025920311E+00    0.9124686081E-01    0.3782513383E+00    0.0000000000E+00    0.0000000000E+00   -0.2689723078E+01    0.5510525047E+00
    0.1383323325E+01   -0.1343072597E+00   -0.6299169628E-02    0.1202990080E+00   -0.1632779963E+00    0.0000000000E+00    0.0000000000E+00   -0.1083940522E+01    0.2390244427E+00
   -0.4066761738E+00    0.8705087954E+00   -0.2552429849E+00   -0.3133731968E+00   -0.3997116307E-01    0.0000000000E+00    0.0000000000E+00   -0.2576227122E+00   -0.4247594947E-01
    0.3078711696E+00    0.5822459074E+00   -0.1991463343E+00   -0.2424619772E-01   -0.2527810747E+00    0.0000000000E+00    0.0000000000E+00   -0.8824232243E-01   -0.1144874064E+00
   -0.1761531670E+00    0.5217388552E+00   -0.1793442923E+00   -0.2629807587E+00   -0.4666964090E-01    0.0000000000E+00    0.0000000000E+00    0.2410099326E-02   -0.9544807914E-01
    0.1028026495E+00    0.1888083362E+00   -0.1205126770E+00    0.3301928776E-01   -0.1443682719E+00    0.0000000000E+00    0.0000000000E+00   -0.7055454360E-02   -0.8933179450E-01
   -0.5918342625E-01    0.1073625695E+00    0.8600215982E-01   -0.3207803226E-01    0.1298122377E+00    0.0000000000E+00    0.0000000000E+00    0.3041341789E-02   -0.3754619153E-01
    0.3370445398E-01    0.1684618370E-01   -0.1528355136E+00   -0.8716462793E-01   -0.2604399027E+00    0.0000000000E+00    0.0000000000E+00   -0.1515677049E-02   -0.2092712992E-01
   -0.1900190747E-01    0.1192430681E-01    0.1037149944E+00    0.1257984589E+00    0.3369707802E+00    0.0000000000E+00    0.0000000000E+00    0.7335020914E-03   -0.2179618965E-01
    0.1061405110E-01   -0.3230457128E-02   -0.6390450032E-02   -0.7660057430E-01   -0.3236751318E+00    0.0000000000E+00    0.0000000000E+00   -0.3502264399E-03   -0.4817487291E-02
   -0.5878412292E-02    0.2301580965E-02    0.2499520068E-01    0.7886630644E-01    0.3546132163E+00    0.0000000000E+00    0.0000000000E+00    0.1650621726E-03   -0.5045374436E-02
    0.3229895578E-02   -0.1296664675E-02    0.1991048966E-01    0.1696598330E-01   -0.2208147347E+00    0.0000000000E+00    0.0000000000E+00   -0.7684392385E-04   -0.1583230070E-02
   -0.1761235015E-02    0.7269737454E-03    0.1502440957E-01    0.2801897755E-01    0.2995847565E+00    0.0000000000E+00    0.0000000000E+00    0.3535399827E-04   -0.8545280651E-03
    0.9531380685E-03   -0.3991899298E-03    0.5221974136E-02    0.4472487457E-03   -0.2590138427E+00    0.0000000000E+00    0.0000000000E+00   -0.1607682113E-04   -0.6906296288E-04
   -0.5117218559E-03    0.2146230621E-03    0.6672381660E-03   -0.3554844973E-01   -0.1032741408E-01    0.0000000000E+00    0.0000000000E+00    0.7224177534E-05   -0.3317712971E-04
    0.2723075341E-03   -0.1128819283E-03   -0.1970652320E-03    0.3225079945E-02    0.7992055217E-01    0.0000000000E+00    0.0000000000E+00   -0.3205459100E-05    0.1351515867E-04
   -0.1434049286E-03    0.5801809889E-04    0.8733360464E-04   -0.9303248623E-03   -0.2684605807E-01    0.0000000000E+00    0.0000000000E+00    0.1402633887E-05   -0.5614911018E-05
    0.7456365310E-04   -0.2910110371E-04   -0.4008709121E-04    0.3301833878E-03    0.1042291627E-01    0.0000000000E+00    0.0000000000E+00   -0.6040694513E-06    0.2267759124E-05
   -0.3814803808E-04    0.1421833962E-04    0.1826724202E-04   -0.1266378977E-03   -0.4267732935E-02    0.0000000000E+00    0.0000000000E+00    0.2553134608E-06   -0.8903101384E-06
    0.1911228540E-04   -0.6747798084E-05   -0.8170081828E-05    0.5022894350E-04    0.1775905460E-02    0.0000000000E+00    0.0000000000E+00   -0.1054774213E-06    0.3399969566E-06
   -0.9313757857E-05    0.3097052643E-05    0.3562713332E-05   -0.2012310437E-04   -0.7363720277E-03    0.0000000000E+00    0.0000000000E+00    0.4235478380E-07   -0.1261442996E-06
    0.4373253600E-05   -0.1365256790E-05   -0.1503249938E-05    0.7996339045E-05    0.2997482834E-03    0.0000000000E+00    0.0000000000E+00   -0.1640002573E-07    0.4527170846E-07
   -0.1952241850E-05    0.5718156345E-06    0.6068461544E-06   -0.3093939292E-05   -0.1179147691E-03    0.0000000000E+00    0.0000000000E+00    0.6053234504E-08   -0.1557767613E-07
    0.8127048651E-06   -0.2237319525E-06   -0.2303265057E-06    0.1139634741E-05    0.4392284220E-04    0.0000000000E+00    0.0000000000E+00   -0.2093789242E-08    0.5060887669E-08
   -0.3066596114E-06    0.7964539339E-07    0.7999541470E-07   -0.3875375510E-06   -0.1504859555E-04    0.0000000000E+00    0.0000000000E+00    0.6613599825E-09   -0.1513953444E-08
    0.1004332447E-06   -0.2473953225E-07   -0.2436410981E-07    0.1162894036E-06    0.4538182049E-05    0.0000000000E+00    0.0000000000E+00   -0.1831623625E-09    0.4004484082E-09
   -0.2661702140E-07    0.6257656934E-08    0.6068135400E-08   -0.2866160187E-07   -0.1122183472E-05    0.0000000000E+00    0.0000000000E+00    0.4157423250E-10   -0.8750911000E-10
    0.5027636700E-08   -0.1135731849E-08   -0.1088212680E-08    0.5102265661E-08    0.2001970027E-06    0.0000000000E+00    0.0000000000E+00   -0.6827498715E-11    0.1393713984E-10
   -0.5010419076E-09    0.1094844865E-09    0.1039456758E-09   -0.4848510637E-09   -0.1905069752E-07    0.0000000000E+00    0.0000000000E+00    0.6015646945E-12   -0.1198515253E-11
 l,ispin:           2           1
 psi n=1,noccmax(l):
    0.4282383641E+01    0.6357049608E+00    0.3809728393E+00   -0.3217409392E+00   -0.4978149380E+00    0.0000000000E+00    0.0000000000E+00   -0.8546136685E+01
   -0.1531731672E+02   -0.2297753819E+01   -0.1376079244E+01    0.1165271861E+01    0.1776360610E+01    0.0000000000E+00    0.0000000000E+00    0.2538227773E+02
    0.2900161392E+02    0.4399531954E+01    0.2634558384E+01   -0.2234161646E+01   -0.3382167904E+01    0.0000000000E+00    0.0000000000E+00   -0.4192148843E+02
   -0.3660031907E+02   -0.5570883632E+01   -0.3343718715E+01    0.2822007325E+01    0.4403499660E+01    0.0000000000E+00    0.0000000000E+00    0.4955418955E+02
    0.3010166534E+02    0.4426492033E+01    0.2685854778E+01   -0.2203341366E+01   -0.4022697134E+01    0.0000000000E+00    0.0000000000E+00   -0.4231180113E+02
   -0.1552066592E+02   -0.1893626743E+01   -0.1202348953E+01    0.8635074950E+00    0.2724325156E+01    0.0000000000E+00    0.0000000000E+00    0.2399713008E+02
    0.2400622537E+02    0.3693018288E+01    0.2254100074E+01   -0.1830577221E+01   -0.3538664295E+01    0.0000000000E+00    0.0000000000E+00   -0.2109940109E+02
   -0.3903588643E+02   -0.7375379363E+01   -0.4420421706E+01    0.3822107370E+01    0.5288936779E+01    0.0000000000E+00    0.0000000000E+00    0.3424580538E+02
   -0.6519218427E+01   -0.6176399225E+00   -0.2745795019E+00    0.3866990184E+00   -0.9433477549E+00    0.0000000000E+00    0.0000000000E+00   -0.2351511221E+01
    0.1116273634E+02    0.2230507619E+01    0.1247956448E+01   -0.1250628059E+01   -0.1348493084E+00    0.0000000000E+00    0.0000000000E+00   -0.8183851540E+01
    0.1012509443E+02    0.1961427917E+01    0.1205523303E+01   -0.9908040817E+00   -0.1861229210E+01    0.0000000000E+00    0.0000000000E+00   -0.8275315754E+01
    0.7066850162E+01    0.1343444516E+01    0.7457559349E+00   -0.7541963360E+00   -0.1911026352E-01    0.0000000000E+00    0.0000000000E+00   -0.4497611723E+01
    0.2582534608E+01    0.3622024840E+00    0.2491496162E+00   -0.1614488813E+00   -0.7357551673E+00    0.0000000000E+00    0.0000000000E+00   -0.2527231639E+01
    0.1010910488E+01    0.2606888328E+00    0.1221093677E+00   -0.1606545576E+00    0.3045670211E+00    0.0000000000E+00    0.0000000000E+00   -0.1104476545E+01
    0.2712749291E+00    0.2039990531E-02    0.2370642385E-01    0.2104158714E-01   -0.3449404710E+00    0.0000000000E+00    0.0000000000E+00   -0.5048533617E+00
    0.9225548135E-01   -0.8664653867E-01   -0.7470622993E-01    0.3679845157E-01    0.3293523654E+00    0.0000000000E+00    0.0000000000E+00   -0.1859792030E+00
    0.1185137746E-02   -0.7566037637E-01   -0.2584966888E-01    0.4911726715E-01   -0.1833994342E+00    0.0000000000E+00    0.0000000000E+00   -0.7625801551E-01
    0.6879912241E-02   -0.8001281177E-01   -0.7293883274E-01    0.5273690402E-01    0.2421568709E+00    0.0000000000E+00    0.0000000000E+00   -0.2433932289E-01
   -0.2756128982E-02   -0.3502637891E-01    0.5562455678E-02   -0.3964495856E-04   -0.1575926674E+00    0.0000000000E+00    0.0000000000E+00   -0.8839278414E-02
    0.1403087873E-02   -0.1713831274E-01   -0.3439895634E-01    0.3479778504E-01    0.1703032960E+00    0.0000000000E+00    0.0000000000E+00   -0.2966764389E-02
   -0.6824433408E-03   -0.2287044153E-01   -0.4290025306E-02    0.1969620786E-02   -0.1113230205E+00    0.0000000000E+00    0.0000000000E+00   -0.1051929282E-02
    0.3272917101E-03   -0.4510792883E-02   -0.2051290878E-02    0.8996123472E-03    0.9502463807E-01    0.0000000000E+00    0.0000000000E+00   -0.2306051208E-03
   -0.1547717836E-03   -0.5434914602E-02   -0.7011071598E-02    0.1215897488E-01   -0.6186313016E-01    0.0000000000E+00    0.0000000000E+00   -0.1030179625E-03
    0.7223212662E-04   -0.1896158631E-02    0.1026939426E-02   -0.9603050082E-02    0.4602406996E-01    0.0000000000E+00    0.0000000000E+00   -0.9087721257E-05
   -0.3328873505E-04   -0.1074336829E-02    0.3256994565E-03    0.4835441142E-02   -0.4491914887E-01    0.0000000000E+00    0.0000000000E+00   -0.6271311850E-05
    0.1515248785E-04   -0.1393769977E-03    0.2572053857E-02   -0.1572108169E-01   -0.2589175142E-02    0.0000000000E+00    0.0000000000E+00    0.1181385897E-05
   -0.6810860807E-05   -0.3923199352E-04    0.1305885821E-02    0.7226976209E-02    0.2996603819E-01    0.0000000000E+00    0.0000000000E+00   -0.5024213282E-06
    0.3021018513E-05    0.1501044247E-04   -0.1636743688E-03    0.6235535448E-03   -0.1671978889E-01    0.0000000000E+00    0.0000000000E+00    0.1823909960E-06
   -0.1320664975E-05   -0.6177975102E-05    0.4615252523E-04   -0.2025584111E-03    0.4251317268E-02    0.0000000000E+00    0.0000000000E+00   -0.6397879960E-07
    0.5679054762E-06    0.2485697125E-05   -0.1523311620E-04    0.6814578780E-04   -0.1322731591E-02    0.0000000000E+00    0.0000000000E+00    0.2175708426E-07
   -0.2395444822E-06   -0.9735748876E-06    0.5295301652E-05   -0.2366797759E-04    0.4424861875E-03    0.0000000000E+00    0.0000000000E+00   -0.7191092297E-08
    0.9872178315E-07    0.3711522407E-06   -0.1869235475E-05    0.8313267438E-05   -0.1520083193E-03    0.0000000000E+00    0.0000000000E+00    0.2313435634E-08
   -0.3953293823E-07   -0.1375186454E-06    0.6578657550E-06   -0.2910047418E-05    0.5243456719E-04    0.0000000000E+00    0.0000000000E+00   -0.7240836539E-09
    0.1526224102E-07    0.4930177323E-07   -0.2277173324E-06    0.1002444284E-05   -0.1787796083E-04    0.0000000000E+00    0.0000000000E+00    0.2197319239E-09
   -0.5616274811E-08   -0.1695037897E-07    0.7641642394E-07   -0.3350420190E-06    0.5931369708E-05    0.0000000000E+00    0.0000000000E+00   -0.6415075744E-10
    0.1936892858E-08    0.5503320006E-08   -0.2439553563E-07    0.1066136687E-06   -0.1877338329E-05    0.0000000000E+00    0.0000000000E+00    0.1776741730E-10
   -0.6100918674E-09   -0.1645493928E-08    0.7208861272E-08   -0.3142388185E-07    0.5511783335E-06    0.0000000000E+00    0.0000000000E+00   -0.4559880664E-11
    0.1685343018E-09    0.4350779228E-09   -0.1890400356E-08    0.8224100136E-08   -0.1438404374E-06    0.0000000000E+00    0.0000000000E+00    0.1043147293E-11
   -0.3816847751E-10   -0.9504961939E-10    0.4106027693E-09   -0.1783612385E-08    0.3113067215E-07    0.0000000000E+00    0.0000000000E+00   -0.1991363438E-12
    0.6256260141E-11    0.1513485664E-10   -0.6511516912E-10    0.2825301988E-09   -0.4923728694E-08    0.0000000000E+00    0.0000000000E+00    0.2803643399E-13
   -0.5503650334E-12   -0.1301305987E-11    0.5582643268E-11   -0.2420199554E-10    0.4213100981E-09    0.0000000000E+00    0.0000000000E+00   -0.2160239803E-14
 l,ispin:           2           2
 psi n=1,noccmax(l):
   -0.4265583578E+01    0.7514911550E+00    0.4017143913E+00   -0.3431003067E+00   -0.5112412377E+00    0.0000000000E+00    0.0000000000E+00   -0.8934517781E+01
    0.1525504214E+02   -0.2718650671E+01   -0.1452422413E+01    0.1243418667E+01    0.1826713445E+01    0.0000000000E+00    0.0000000000E+00    0.2658294757E+02
   -0.2888192654E+02    0.5211072321E+01    0.2783855660E+01   -0.2386353050E+01   -0.3481872719E+01    0.0000000000E+00    0.0000000000E+00   -0.4401724443E+02
    0.3646064712E+02   -0.6603948318E+01   -0.3535295012E+01    0.3018499376E+01    0.4528909743E+01    0.0000000000E+00    0.0000000000E+00    0.5217001246E+02
   -0.3003611101E+02    0.5241030169E+01    0.2832808834E+01   -0.2361275579E+01   -0.4104098490E+01    0.0000000000E+00    0.0000000000E+00   -0.4455227003E+02
    0.1555838941E+02   -0.2209398601E+01   -0.1244037883E+01    0.9245401587E+00    0.2714230112E+01    0.0000000000E+00    0.0000000000E+00    0.2488933663E+02
   -0.2383956146E+02    0.4356407854E+01    0.2367984702E+01   -0.1956734545E+01   -0.3594429050E+01    0.0000000000E+00    0.0000000000E+00   -0.2145014341E+02
    0.3860830955E+02   -0.8853098938E+01   -0.4736973327E+01    0.4132146653E+01    0.5526596405E+01    0.0000000000E+00    0.0000000000E+00    0.3641341045E+02
    0.6411777128E+01   -0.6462128582E+00   -0.2538180698E+00    0.3527169521E+00   -0.9307753629E+00    0.0000000000E+00    0.0000000000E+00   -0.3323209857E+01
   -0.1099191812E+02    0.2668390560E+01    0.1343478937E+01   -0.1325976618E+01   -0.2441102768E+00    0.0000000000E+00    0.0000000000E+00   -0.9141931347E+01
   -0.9982722208E+01    0.2352449873E+01    0.1287506152E+01   -0.1076836134E+01   -0.1910832311E+01    0.0000000000E+00    0.0000000000E+00   -0.8794544206E+01
   -0.6859098945E+01    0.1576777149E+01    0.7876969915E+00   -0.7850391733E+00   -0.7325510727E-01    0.0000000000E+00    0.0000000000E+00   -0.4693650118E+01
   -0.2689723078E+01    0.5510525047E+00    0.3240499517E+00   -0.2357792097E+00   -0.7868287541E+00    0.0000000000E+00    0.0000000000E+00   -0.2601252712E+01
   -0.1083940522E+01    0.2390244427E+00    0.9595900049E-01   -0.1321594443E+00    0.3159393426E+00    0.0000000000E+00    0.0000000000E+00   -0.1118553532E+01
   -0.2576227122E+00   -0.4247594947E-01   -0.1684236248E-02    0.4045865582E-01   -0.3122122177E+00    0.0000000000E+00    0.0000000000E+00   -0.5048844530E+00
   -0.8824232243E-01   -0.1144874064E+00   -0.8321284143E-01    0.4746417095E-01    0.3286577563E+00    0.0000000000E+00    0.0000000000E+00   -0.1820256149E+00
    0.2410099326E-02   -0.9544807914E-01   -0.3310128113E-01    0.5413800836E-01   -0.1691451939E+00    0.0000000000E+00    0.0000000000E+00   -0.7359721098E-01
   -0.7055454360E-02   -0.8933179450E-01   -0.7225900272E-01    0.5310862616E-01    0.2342940673E+00    0.0000000000E+00    0.0000000000E+00   -0.2247595340E-01
    0.3041341789E-02   -0.3754619153E-01    0.6261735148E-02   -0.1198106056E-02   -0.1517751118E+00    0.0000000000E+00    0.0000000000E+00   -0.8181916212E-02
   -0.1515677049E-02   -0.2092712992E-01   -0.3591650786E-01    0.3696005368E-01    0.1666844174E+00    0.0000000000E+00    0.0000000000E+00   -0.2512831801E-02
    0.7335020914E-03   -0.2179618965E-01   -0.1431327361E-02   -0.2267765375E-02   -0.1117251572E+00    0.0000000000E+00    0.0000000000E+00   -0.8629328856E-03
   -0.3502264399E-03   -0.4817487291E-02   -0.2403496854E-02    0.3091714608E-02    0.9470480896E-01    0.0000000000E+00    0.0000000000E+00   -0.1642712498E-03
    0.1650621726E-03   -0.5045374436E-02   -0.5905721369E-02    0.9047249770E-02   -0.6407956437E-01    0.0000000000E+00    0.0000000000E+00   -0.7309756683E-04
   -0.7684392385E-04   -0.1583230070E-02    0.1425429304E-02   -0.8749622011E-02    0.4611960451E-01    0.0000000000E+00    0.0000000000E+00   -0.1476597104E-05
    0.3535399827E-04   -0.8545280651E-03    0.7408842897E-03    0.3082788544E-02   -0.4733677915E-01    0.0000000000E+00    0.0000000000E+00   -0.4414941399E-05
   -0.1607682113E-04   -0.6906296288E-04    0.2568846323E-02   -0.1413980731E-01    0.3039176078E-02    0.0000000000E+00    0.0000000000E+00    0.1223751922E-05
    0.7224177534E-05   -0.3317712971E-04    0.1127941719E-02    0.7167983567E-02    0.2621883569E-01    0.0000000000E+00    0.0000000000E+00   -0.4736129676E-06
   -0.3205459100E-05    0.1351515867E-04   -0.1448178324E-03    0.4233370119E-03   -0.1558758081E-01    0.0000000000E+00    0.0000000000E+00    0.1719089574E-06
    0.1402633887E-05   -0.5614911018E-05    0.4101122568E-04   -0.1432635913E-03    0.4017978846E-02    0.0000000000E+00    0.0000000000E+00   -0.6041577129E-07
   -0.6040694513E-06    0.2267759124E-05   -0.1356812827E-04    0.4848758728E-04   -0.1257791081E-02    0.0000000000E+00    0.0000000000E+00    0.2060181040E-07
    0.2553134608E-06   -0.8903101384E-06    0.4724061075E-05   -0.1685734036E-04    0.4221883252E-03    0.0000000000E+00    0.0000000000E+00   -0.6829794767E-08
   -0.1054774213E-06    0.3399969566E-06   -0.1669501474E-05    0.5921157114E-05   -0.1453383031E-03    0.0000000000E+00    0.0000000000E+00    0.2203681765E-08
    0.4235478380E-07   -0.1261442996E-06    0.5880636096E-06   -0.2072400353E-05    0.5020219646E-04    0.0000000000E+00    0.0000000000E+00   -0.6915815577E-09
   -0.1640002573E-07    0.4527170846E-07   -0.2036811628E-06    0.7138090348E-06   -0.1713259188E-04    0.0000000000E+00    0.0000000000E+00    0.2103555989E-09
    0.6053234504E-08   -0.1557767613E-07    0.6838144979E-07   -0.2385554894E-06    0.5687683955E-05    0.0000000000E+00    0.0000000000E+00   -0.6153206852E-10
   -0.2093789242E-08    0.5060887669E-08   -0.2183767182E-07    0.7590797548E-07   -0.1801003986E-05    0.0000000000E+00    0.0000000000E+00    0.1706883454E-10
    0.6613599825E-09   -0.1513953444E-08    0.6454584392E-08   -0.2237324753E-07    0.5289304294E-06    0.0000000000E+00    0.0000000000E+00   -0.4386035560E-11
   -0.1831623625E-09    0.4004484082E-09   -0.1692904586E-08    0.5855420165E-08   -0.1380644520E-06    0.0000000000E+00    0.0000000000E+00    0.1004348565E-11
    0.4157423250E-10   -0.8750911000E-10    0.3677533574E-09   -0.1269911554E-08    0.2988518749E-07    0.0000000000E+00    0.0000000000E+00   -0.1918722668E-12
   -0.6827498715E-11    0.1393713984E-10   -0.5832538831E-10    0.2011602857E-09   -0.4727250734E-08    0.0000000000E+00    0.0000000000E+00    0.2702897577E-13
    0.6015646945E-12   -0.1198515253E-11    0.5000861091E-11   -0.1723189252E-10    0.4045289766E-09    0.0000000000E+00    0.0000000000E+00   -0.2083497526E-14
 l,ispin:           3           1
 psi n=1,noccmax(l):
   -0.8546136685E+01   -0.7229955005E+00   -0.9070455757E+00    0.5305464244E-01   -0.2025314330E+00    0.0000000000E+00    0.0000000000E+00
    0.2538227773E+02    0.2145008025E+01    0.2687855213E+01   -0.3709021509E+00    0.7959108246E+00    0.0000000000E+00    0.0000000000E+00
   -0.4192148843E+02   -0.3538898535E+01   -0.4428923086E+01    0.9953767163E+00   -0.1663627653E+01    0.0000000000E+00    0.0000000000E+00
    0.4955418955E+02    0.4180974858E+01    0.5228735730E+01   -0.1454472060E+01    0.2220345666E+01    0.0000000000E+00    0.0000000000E+00
   -0.4231180113E+02   -0.3573530365E+01   -0.4474293113E+01    0.9173494482E+00   -0.1600063720E+01    0.0000000000E+00    0.0000000000E+00
    0.2399713008E+02    0.2035721817E+01    0.2564280751E+01    0.5409845101E+00   -0.6199214021E-01    0.0000000000E+00    0.0000000000E+00
   -0.2109940109E+02   -0.1788030346E+01   -0.2247916937E+01   -0.1118745795E+00   -0.2787377746E+00    0.0000000000E+00    0.0000000000E+00
    0.3424580538E+02    0.2895070271E+01    0.3612163335E+01   -0.2143522701E+01    0.2587360881E+01    0.0000000000E+00    0.0000000000E+00
   -0.2351511221E+01   -0.2248201665E+00   -0.3056610906E+00   -0.1038072689E+01    0.8911301103E+00    0.0000000000E+00    0.0000000000E+00
   -0.8183851540E+01   -0.6745266031E+00   -0.8180141272E+00    0.1896573333E+01   -0.1878032553E+01    0.0000000000E+00    0.0000000000E+00
   -0.8275315754E+01   -0.7034918702E+00   -0.8823997850E+00    0.3346161943E+00   -0.4598124418E+00    0.0000000000E+00    0.0000000000E+00
   -0.4497611723E+01   -0.3711797825E+00   -0.4505671866E+00    0.9647474057E+00   -0.9610734840E+00    0.0000000000E+00    0.0000000000E+00
   -0.2527231639E+01   -0.2158876268E+00   -0.2732112291E+00    0.2237218263E-02   -0.4940234236E-01    0.0000000000E+00    0.0000000000E+00
   -0.1104476545E+01   -0.8954492875E-01   -0.1059580249E+00    0.3273945283E+00   -0.3177517939E+00    0.0000000000E+00    0.0000000000E+00
   -0.5048533617E+00   -0.4282770844E-01   -0.5595834817E-01   -0.7679058973E-01    0.6127815335E-01    0.0000000000E+00    0.0000000000E+00
   -0.1859792030E+00   -0.1351026212E-01   -0.1338904635E-01    0.1083605363E+00   -0.1006408845E+00    0.0000000000E+00    0.0000000000E+00
   -0.7625801551E-01   -0.5822035340E-02   -0.9147315536E-02   -0.5280849846E-01    0.4687006333E-01    0.0000000000E+00    0.0000000000E+00
   -0.2433932289E-01   -0.1630200356E-02    0.3957808124E-03    0.4084051212E-01   -0.3584017116E-01    0.0000000000E+00    0.0000000000E+00
   -0.8839278414E-02    0.1758838825E-02    0.1228956465E-02   -0.2985364567E-01    0.2719908096E-01    0.0000000000E+00    0.0000000000E+00
   -0.2966764389E-02   -0.2385924919E-02   -0.2533457546E-02    0.2231109607E-01   -0.2081958602E-01    0.0000000000E+00    0.0000000000E+00
   -0.1051929282E-02    0.1921786511E-02    0.3125290524E-02   -0.1820294691E-01    0.1931236407E-01    0.0000000000E+00    0.0000000000E+00
   -0.2306051208E-03   -0.1122734524E-04   -0.5890281403E-03    0.1127623399E-01   -0.1330097819E-01    0.0000000000E+00    0.0000000000E+00
   -0.1030179625E-03    0.1523812501E-04    0.6390428159E-03   -0.8987326854E-02    0.1283685824E-01    0.0000000000E+00    0.0000000000E+00
   -0.9087721257E-05    0.4115696220E-03    0.7086334483E-03    0.4602649725E-02   -0.8244268790E-02    0.0000000000E+00    0.0000000000E+00
   -0.6271311850E-05    0.2078127987E-03    0.3305903950E-03   -0.5089257852E-02    0.1184785368E-01    0.0000000000E+00    0.0000000000E+00
    0.1181385897E-05    0.2615334027E-03    0.7406033997E-03    0.2376360210E-02   -0.1278578074E-01    0.0000000000E+00    0.0000000000E+00
   -0.5024213282E-06    0.7936846887E-04   -0.5469024214E-03    0.5461033462E-03    0.6771167898E-02    0.0000000000E+00    0.0000000000E+00
    0.1823909960E-06   -0.9346121683E-05    0.1042673104E-04   -0.6086348249E-03   -0.1750585676E-02    0.0000000000E+00    0.0000000000E+00
   -0.6397879960E-07    0.2322348044E-05   -0.1544599840E-05    0.1420149805E-03    0.2298405803E-03    0.0000000000E+00    0.0000000000E+00
    0.2175708426E-07   -0.6642152299E-06    0.3761756513E-06   -0.3844357061E-04   -0.4442747776E-04    0.0000000000E+00    0.0000000000E+00
   -0.7191092297E-08    0.1979943271E-06   -0.1067496266E-06    0.1098961929E-04    0.1020677064E-04    0.0000000000E+00    0.0000000000E+00
    0.2313435634E-08   -0.5955520614E-07    0.3160896528E-07   -0.3203368302E-05   -0.2569515374E-05    0.0000000000E+00    0.0000000000E+00
   -0.7240836539E-09    0.1780470473E-07   -0.9397503416E-08    0.9354855157E-06    0.6794333013E-06    0.0000000000E+00    0.0000000000E+00
    0.2197319239E-09   -0.5232464723E-08    0.2755022461E-08   -0.2701721473E-06   -0.1834258124E-06    0.0000000000E+00    0.0000000000E+00
   -0.6415075744E-10    0.1493265958E-08   -0.7850946995E-09    0.7611584760E-07    0.4936457402E-07    0.0000000000E+00    0.0000000000E+00
    0.1776741730E-10   -0.4069200492E-09    0.2137031044E-09   -0.2054602799E-07   -0.1291781937E-07    0.0000000000E+00    0.0000000000E+00
   -0.4559880664E-11    0.1032261126E-09   -0.5416082187E-10    0.5175940953E-08    0.3186534490E-08    0.0000000000E+00    0.0000000000E+00
    0.1043147293E-11   -0.2341866681E-10    0.1227756099E-10   -0.1168308432E-08   -0.7090904511E-09    0.0000000000E+00    0.0000000000E+00
   -0.1991363438E-12    0.4443977385E-11   -0.2328264847E-11    0.2208834035E-09    0.1327751058E-09    0.0000000000E+00    0.0000000000E+00
    0.2803643399E-13   -0.6229946852E-12    0.3262183469E-12   -0.3088246561E-10   -0.1844266270E-10    0.0000000000E+00    0.0000000000E+00
   -0.2160239803E-14    0.4785552626E-13   -0.2504767010E-13    0.2367653396E-11    0.1407664604E-11    0.0000000000E+00    0.0000000000E+00
 l,ispin:           3           2
 psi n=1,noccmax(l):
   -0.8934517781E+01    0.6270091360E+00    0.8264388448E+00   -0.6984396185E-03   -0.2248642340E+00    0.0000000000E+00    0.0000000000E+00
    0.2658294757E+02   -0.1863208613E+01   -0.2452984458E+01    0.2176189911E+00    0.8509748481E+00    0.0000000000E+00    0.0000000000E+00
   -0.4401724443E+02    0.3081319199E+01    0.4051680036E+01   -0.7491550868E+00   -0.1737629790E+01    0.0000000000E+00    0.0000000000E+00
    0.5217001246E+02   -0.3649697717E+01   -0.4795645680E+01    0.1174404956E+01    0.2302068322E+01    0.0000000000E+00    0.0000000000E+00
   -0.4455227003E+02    0.3120296977E+01    0.4104585175E+01   -0.6829615902E+00   -0.1695852573E+01    0.0000000000E+00    0.0000000000E+00
    0.2488933663E+02   -0.1752224660E+01   -0.2318863133E+01   -0.7004071319E+00    0.3130062816E-01    0.0000000000E+00    0.0000000000E+00
   -0.2145014341E+02    0.1509166787E+01    0.1994291989E+01    0.3010885334E+00   -0.2847067620E+00    0.0000000000E+00    0.0000000000E+00
    0.3641341045E+02   -0.2554166421E+01   -0.3348810622E+01    0.1976548833E+01    0.2602951446E+01    0.0000000000E+00    0.0000000000E+00
   -0.3323209857E+01    0.2586853952E+00    0.3605886156E+00    0.9469321714E+00    0.7003740751E+00    0.0000000000E+00    0.0000000000E+00
   -0.9141931347E+01    0.6233632964E+00    0.7960814436E+00   -0.1884289402E+01   -0.1822218266E+01    0.0000000000E+00    0.0000000000E+00
   -0.8794544206E+01    0.6210294077E+00    0.8185136549E+00   -0.2968078209E+00   -0.4786755496E+00    0.0000000000E+00    0.0000000000E+00
   -0.4693650118E+01    0.3202489334E+00    0.4088110391E+00   -0.9245329421E+00   -0.8989121209E+00    0.0000000000E+00    0.0000000000E+00
   -0.2601252712E+01    0.1848255368E+00    0.2459381490E+00    0.1688751621E-01   -0.5350352070E-01    0.0000000000E+00    0.0000000000E+00
   -0.1118553532E+01    0.7455833048E-01    0.9254456835E-01   -0.3124329417E+00   -0.2908257621E+00    0.0000000000E+00    0.0000000000E+00
   -0.5048844530E+00    0.3552363780E-01    0.4896689885E-01    0.8132664349E-01    0.5628169888E-01    0.0000000000E+00    0.0000000000E+00
   -0.1820256149E+00    0.1044679077E-01    0.1045174811E-01   -0.1041693810E+00   -0.9046987031E-01    0.0000000000E+00    0.0000000000E+00
   -0.7359721098E-01    0.4504486562E-02    0.7762520652E-02    0.5327854162E-01    0.4316587198E-01    0.0000000000E+00    0.0000000000E+00
   -0.2247595340E-01    0.1071543606E-02   -0.9933065630E-03   -0.3956384751E-01   -0.3169598505E-01    0.0000000000E+00    0.0000000000E+00
   -0.8181916212E-02   -0.1944746127E-02   -0.1433370859E-02    0.2961016127E-01    0.2497639746E-01    0.0000000000E+00    0.0000000000E+00
   -0.2512831801E-02    0.2291352526E-02    0.2410685115E-02   -0.2183206157E-01   -0.1891479369E-01    0.0000000000E+00    0.0000000000E+00
   -0.8629328856E-03   -0.1971466730E-02   -0.3191957458E-02    0.1804853287E-01    0.1816192294E-01    0.0000000000E+00    0.0000000000E+00
   -0.1642712498E-03    0.5970074441E-06    0.5839623363E-03   -0.1111462450E-01   -0.1241787718E-01    0.0000000000E+00    0.0000000000E+00
   -0.7309756683E-04   -0.2809421772E-04   -0.6720708260E-03    0.8930313111E-02    0.1226290737E-01    0.0000000000E+00    0.0000000000E+00
   -0.1476597104E-05   -0.4139624489E-03   -0.7013358052E-03   -0.4549928570E-02   -0.7802956202E-02    0.0000000000E+00    0.0000000000E+00
   -0.4414941399E-05   -0.2097623859E-03   -0.3393239810E-03    0.5048231660E-02    0.1144656770E-01    0.0000000000E+00    0.0000000000E+00
    0.1223751922E-05   -0.2604611121E-03   -0.7242375432E-03   -0.2400161061E-02   -0.1257366811E-01    0.0000000000E+00    0.0000000000E+00
   -0.4736129676E-06   -0.7848111406E-04    0.5434595924E-03   -0.5163035922E-03    0.6723066924E-02    0.0000000000E+00    0.0000000000E+00
    0.1719089574E-06    0.9256355692E-05   -0.1106726477E-04    0.5982980832E-03   -0.1753349294E-02    0.0000000000E+00    0.0000000000E+00
   -0.6041577129E-07   -0.2301255205E-05    0.1715701305E-05   -0.1398073945E-03    0.2342390652E-03    0.0000000000E+00    0.0000000000E+00
    0.2060181040E-07    0.6583926966E-06   -0.4248007389E-06    0.3786851962E-04   -0.4595491666E-04    0.0000000000E+00    0.0000000000E+00
   -0.6829794767E-08   -0.1962995842E-06    0.1210143020E-06   -0.1082873128E-04    0.1068631160E-04    0.0000000000E+00    0.0000000000E+00
    0.2203681765E-08    0.5905371006E-07   -0.3583636912E-07    0.3157105471E-05   -0.2715594142E-05    0.0000000000E+00    0.0000000000E+00
   -0.6915815577E-09   -0.1765646803E-07    0.1064634421E-07   -0.9220988337E-06    0.7230772524E-06    0.0000000000E+00    0.0000000000E+00
    0.2103555989E-09    0.5189244179E-08   -0.3118705804E-08    0.2663306558E-06   -0.1961874949E-06    0.0000000000E+00    0.0000000000E+00
   -0.6153206852E-10   -0.1480999589E-08    0.8881817757E-09   -0.7503846066E-07    0.5298477257E-07    0.0000000000E+00    0.0000000000E+00
    0.1706883454E-10    0.4035903706E-09   -0.2416544986E-09    0.2025614230E-07   -0.1389879423E-07    0.0000000000E+00    0.0000000000E+00
   -0.4386035560E-11   -0.1023837475E-09    0.6122556373E-10   -0.5103080888E-08    0.3434190579E-08    0.0000000000E+00    0.0000000000E+00
    0.1004348565E-11    0.2322792622E-10   -0.1387606923E-10    0.1151889558E-08   -0.7650563776E-09    0.0000000000E+00    0.0000000000E+00
   -0.1918722668E-12   -0.4407830563E-11    0.2631018247E-11   -0.2177828596E-09    0.1433626462E-09    0.0000000000E+00    0.0000000000E+00
    0.2702897577E-13    0.6179320883E-12   -0.3686020091E-12    0.3044933255E-10   -0.1992338847E-10    0.0000000000E+00    0.0000000000E+00
   -0.2083497526E-14   -0.4746689879E-13    0.2830013137E-13   -0.2334466515E-11    0.1521201635E-11    0.0000000000E+00    0.0000000000E+00
