   40             4.00000 ng, rij 
     2.450     4.900                                       rcov,rprb 
 r                           (non)relativistic calculation
 PBE                         XC-functional
100.000 40.000    0.2200000000    0.1637914760E+03   -0.1749470258E+02    0.0000000000E+00    0.0000000000E+00  znuc,zion,rloc,gpot()
   3                                                       lpx, (Projectors for l=0..lpx)
    0.1672231569    0.1400235465E+02    0.2269632840E+02   -0.5860308468E+02   -0.1801552322E+02    0.4651588094E+02   -0.3692083590E+02  r_l(),hsep(), so=+0.5
    0.2030270541    0.6400280766E+01    0.1883578681E+02   -0.5659322249E+02   -0.2060634331E+02    0.4876350842E+02   -0.3465648448E+02  r_l(),hsep(), so=+0.5
    0.4448699806E+01   -0.2152508938E+02    0.6448750106E+02    0.2343678446E+02   -0.5546155469E+02    0.3941682154E+02         hsep(), so=-0.5
    0.4404530788    0.3011269948E+01   -0.1958836594E+01    0.2221111922E+01    0.0000000000E+00   -0.0000000000E+00    0.0000000000E+00  r_l(),hsep(), so=+0.5
    0.1629502458E+01   -0.1012251097E+01    0.1147784858E+01    0.0000000000E+00   -0.0000000000E+00    0.0000000000E+00         hsep(), so=-0.5
    0.2228157872   -0.2896645455E+00   -0.0000000000E+00    0.0000000000E+00    0.0000000000E+00   -0.0000000000E+00    0.0000000000E+00  r_l(),hsep(), so=+0.5
   -0.7544027521E+00   -0.0000000000E+00    0.0000000000E+00    0.0000000000E+00   -0.0000000000E+00    0.0000000000E+00         hsep(), so=-0.5
 ---------------------------------------------
 Additional information (last calculation):
 gaussian exponents:
 xp():   116.87715391513186        82.644628099173573        58.438576957565928        41.322314049586794        29.219288478782964        20.661157024793393        14.609644239391491        10.330578512396706        7.3048221196957437        5.1652892561983528        3.6524110598478732        2.5826446280991768        1.8262055299239366        1.2913223140495884       0.91310276496196885       0.64566115702479454       0.45655138248098454       0.32283057851239733       0.22827569124049232       0.16141528925619872       0.11413784562024618        8.0707644628099373E-002   5.7068922810123116E-002   4.0353822314049700E-002   2.8534461405061558E-002   2.0176911157024857E-002   1.4267230702530781E-002   1.0088455578512427E-002   7.1336153512653920E-003   5.0442277892562143E-003   3.5668076756326973E-003   2.5221138946281080E-003   1.7834038378163491E-003   1.2610569473140540E-003   8.9170191890817476E-004   6.3052847365702733E-004   4.4585095945408744E-004   3.1526423682851361E-004   2.2292547972704383E-004   1.5763211841425691E-004
 orbital coefficients (one orbital per column)
 l,ispin:           0           1
 psi n=1,noccmax(l):
   -0.3354299524E-01    0.3395518628E-01    0.1056007652E-01   -0.5326650732E-02   -0.5356798505E-02    0.0000000000E+00    0.0000000000E+00   -0.7143666524E+00   -0.2840028068E+00
    0.8569513953E-01   -0.1547226010E+00   -0.4945073754E-01    0.2446174797E-01    0.2530823309E-01    0.0000000000E+00    0.0000000000E+00    0.3073154115E+01    0.1248791306E+01
    0.2723806708E+00    0.2342842890E+00    0.8253102754E-01   -0.3703339604E-01   -0.4373793427E-01    0.0000000000E+00    0.0000000000E+00   -0.6668774071E+01   -0.2755749649E+01
   -0.2119021531E+01    0.2541039588E+00    0.4483663850E-01   -0.4340881211E-01   -0.1509470621E-01    0.0000000000E+00    0.0000000000E+00    0.9143491153E+01    0.3690627568E+01
    0.5528065772E+01   -0.1465105706E+01   -0.3863054080E+00    0.2465911624E+00    0.1783324088E+00    0.0000000000E+00    0.0000000000E+00   -0.8591254443E+01   -0.2778698724E+01
   -0.3017347641E+01   -0.5395519726E+00   -0.2203715763E+00    0.7386018065E-01    0.1244325421E+00    0.0000000000E+00    0.0000000000E+00    0.1084083750E+02    0.2574456747E+01
   -0.1602302164E+02    0.1205639804E+02    0.3706229387E+01   -0.1995607102E+01   -0.1847260469E+01    0.0000000000E+00    0.0000000000E+00   -0.1943013845E+02   -0.9347209658E+01
    0.1300729023E+02   -0.1211441374E+02   -0.3880705967E+01    0.2083042954E+01    0.1950413461E+01    0.0000000000E+00    0.0000000000E+00   -0.3558705680E+01    0.8382913193E+01
    0.1812723466E+02   -0.8457291156E+01   -0.2360060879E+01    0.1410201747E+01    0.1122768274E+01    0.0000000000E+00    0.0000000000E+00    0.3648241259E+02    0.9032537592E+01
   -0.7626771985E+01    0.3958119279E+01    0.1133847738E+01   -0.7550470555E+00   -0.5252352620E+00    0.0000000000E+00    0.0000000000E+00   -0.7432194906E+01   -0.3103659680E+01
    0.6150199573E+00    0.1612793792E+01    0.5751417697E+00   -0.1775806387E+00   -0.3221303569E+00    0.0000000000E+00    0.0000000000E+00   -0.3717536323E+01   -0.2898394349E+01
   -0.7966891466E+01    0.5514300418E+01    0.1738844842E+01   -0.1140001030E+01   -0.8291086935E+00    0.0000000000E+00    0.0000000000E+00   -0.7993454459E+01   -0.4135254194E+01
    0.1009689985E+01    0.1123971516E+01    0.4350061212E+00   -0.5857944928E-01   -0.2569347371E+00    0.0000000000E+00    0.0000000000E+00   -0.1843390649E+01   -0.1551556455E+01
   -0.2656478019E+01    0.1384485625E+01    0.5057398462E+00   -0.5010954871E+00   -0.2274577546E+00    0.0000000000E+00    0.0000000000E+00   -0.1896330550E+01   -0.8283329858E+00
    0.1432559492E+01   -0.1395871161E+01   -0.5707652940E+00    0.5696318363E+00    0.2777275758E+00    0.0000000000E+00    0.0000000000E+00    0.2070493764E+00    0.4345644171E+00
   -0.1076249901E+01   -0.4844367009E+00   -0.1829461452E+00   -0.1765497486E+00    0.7663335323E-01    0.0000000000E+00    0.0000000000E+00   -0.3210816369E+00    0.3859549331E+00
    0.7477510197E+00   -0.1142372106E+01   -0.5974480058E+00    0.6730593439E+00    0.3896295906E+00    0.0000000000E+00    0.0000000000E+00    0.1649705467E+00    0.5051898141E+00
   -0.5166319681E+00   -0.1270226515E+00   -0.3704066066E+00   -0.7434150654E-01    0.1512644383E+00    0.0000000000E+00    0.0000000000E+00   -0.9838978949E-01    0.2606438150E+00
    0.3531419575E+00   -0.3332185373E+00    0.2983316409E+00   -0.6315987141E-01   -0.3246574186E+00    0.0000000000E+00    0.0000000000E+00    0.5695028963E-01    0.1542923430E+00
   -0.2390313162E+00    0.9886203636E-01   -0.5504809043E+00    0.6520545117E+00    0.1086543280E+01    0.0000000000E+00    0.0000000000E+00   -0.3263211643E-01    0.5954518830E-01
    0.1603385881E+00   -0.9852173583E-01    0.3044260983E+00   -0.8615574434E+00   -0.1605916983E+01    0.0000000000E+00    0.0000000000E+00    0.1850245204E-01    0.2744398227E-01
   -0.1066678065E+00    0.6548129475E-01    0.5487379794E-01    0.6509035569E+00    0.1781404916E+01    0.0000000000E+00    0.0000000000E+00   -0.1038767556E-01    0.1641773109E-02
    0.7042614097E-01   -0.4513633336E-01    0.8368170328E-01   -0.4681842676E+00   -0.1874576683E+01    0.0000000000E+00    0.0000000000E+00    0.5778062473E-02    0.2924045808E-02
   -0.4616971372E-01    0.3053006071E-01    0.1242118243E+00   -0.1019981286E+00    0.1142204340E+01    0.0000000000E+00    0.0000000000E+00   -0.3186039944E-02   -0.1201604452E-02
    0.3006147890E-01   -0.2032804298E-01    0.4699739755E-01   -0.1760104206E+00   -0.1631680718E+01    0.0000000000E+00    0.0000000000E+00    0.1742089039E-02    0.7077875638E-03
   -0.1943811763E-01    0.1331449870E-01    0.2688373577E-01   -0.3003532406E-01    0.8741903293E+00    0.0000000000E+00    0.0000000000E+00   -0.9446134182E-03   -0.3906437169E-03
    0.1247568595E-01   -0.8571279331E-02   -0.5372742683E-02    0.2714518152E+00    0.1507463752E+01    0.0000000000E+00    0.0000000000E+00    0.5077418027E-03    0.2107843570E-03
   -0.7939343074E-02    0.5416930140E-02    0.3749087998E-02    0.1787006697E-01   -0.1549109912E+01    0.0000000000E+00    0.0000000000E+00   -0.2703066647E-03   -0.1109496770E-03
    0.5001083052E-02   -0.3355481055E-02   -0.2301462679E-02   -0.1257016561E-01    0.5283347195E+00    0.0000000000E+00    0.0000000000E+00    0.1423111275E-03    0.5691678426E-04
   -0.3110088484E-02    0.2032815235E-02    0.1356984041E-02    0.7630606063E-02   -0.2337940379E+00    0.0000000000E+00    0.0000000000E+00   -0.7392329767E-04   -0.2842886728E-04
    0.1902305149E-02   -0.1200788298E-02   -0.7723338744E-03   -0.4369550919E-02    0.1121983118E+00    0.0000000000E+00    0.0000000000E+00    0.3775906447E-04    0.1380737479E-04
   -0.1138369980E-02    0.6886867602E-03    0.4244774503E-03    0.2395858632E-02   -0.5515807361E-01    0.0000000000E+00    0.0000000000E+00   -0.1887513551E-04   -0.6506595541E-05
    0.6615422662E-03   -0.3812027148E-03   -0.2247603269E-03   -0.1261544717E-02    0.2704741466E-01    0.0000000000E+00    0.0000000000E+00    0.9172546430E-05    0.2963880877E-05
   -0.3694780852E-03    0.2018876852E-03    0.1139957109E-03    0.6357304124E-03   -0.1299139618E-01    0.0000000000E+00    0.0000000000E+00   -0.4292911786E-05   -0.1296798447E-05
    0.1954435974E-03   -0.1010141925E-03   -0.5479460045E-04   -0.3036877385E-03    0.6004567637E-02    0.0000000000E+00    0.0000000000E+00    0.1909437539E-05    0.5393388045E-06
   -0.9589643712E-04    0.4686147666E-04    0.2452678510E-04    0.1351901677E-03   -0.2612303763E-02    0.0000000000E+00    0.0000000000E+00   -0.7918259911E-06   -0.2096984059E-06
    0.4234305824E-04   -0.1959415962E-04   -0.9943843702E-05   -0.5455689817E-04    0.1037354297E-02    0.0000000000E+00    0.0000000000E+00    0.2976081461E-06    0.7424353325E-07
   -0.1607811018E-04    0.7068901996E-05    0.3495741691E-05    0.1910719134E-04   -0.3591997845E-03    0.0000000000E+00    0.0000000000E+00   -0.9709363257E-07   -0.2295623964E-07
    0.4884262359E-05   -0.2049889807E-05   -0.9924542974E-06   -0.5408343973E-05    0.1008577836E-03    0.0000000000E+00    0.0000000000E+00    0.2563854592E-07    0.5784870117E-08
   -0.1043475759E-05    0.4204066826E-06    0.2001083826E-06    0.1087929014E-05   -0.2017291986E-04    0.0000000000E+00    0.0000000000E+00   -0.4826853206E-08   -0.1046778452E-08
    0.1158795742E-06   -0.4508971979E-07   -0.2117690274E-07   -0.1149249622E-06    0.2122388990E-05    0.0000000000E+00    0.0000000000E+00    0.4796444188E-09    0.1006719147E-09
 l,ispin:           1           1
 psi n=1,noccmax(l):
   -0.7143666524E+00   -0.2840028068E+00   -0.7463602314E-01   -0.5635996871E-01    0.6428775240E-01    0.0000000000E+00    0.0000000000E+00    0.4155529175E+01   -0.5005872340E+00
    0.3073154115E+01    0.1248791306E+01    0.3289807563E+00    0.2484598954E+00   -0.2836620032E+00    0.0000000000E+00    0.0000000000E+00   -0.1519859188E+02    0.1856927803E+01
   -0.6668774071E+01   -0.2755749649E+01   -0.7288936504E+00   -0.5484602555E+00    0.6340894871E+00    0.0000000000E+00    0.0000000000E+00    0.2992202310E+02   -0.3718485202E+01
    0.9143491153E+01    0.3690627568E+01    0.9832265062E+00    0.7268873356E+00   -0.8856845940E+00    0.0000000000E+00    0.0000000000E+00   -0.3998747822E+02    0.5016538378E+01
   -0.8591254443E+01   -0.2778698724E+01   -0.7493691088E+00   -0.5129877854E+00    0.7648724336E+00    0.0000000000E+00    0.0000000000E+00    0.3504219895E+02   -0.4248147850E+01
    0.1084083750E+02    0.2574456747E+01    0.6796681517E+00    0.4339852093E+00   -0.7520531001E+00    0.0000000000E+00    0.0000000000E+00   -0.1777841786E+02    0.1657657651E+01
   -0.1943013845E+02   -0.9347209658E+01   -0.2501225133E+01   -0.1892518495E+01    0.2166518263E+01    0.0000000000E+00    0.0000000000E+00    0.2702513798E+02   -0.3257612792E+01
   -0.3558705680E+01    0.8382913193E+01    0.2485125164E+01    0.1902003443E+01   -0.2219129348E+01    0.0000000000E+00    0.0000000000E+00   -0.5307100269E+02    0.8315823869E+01
    0.3648241259E+02    0.9032537592E+01    0.2061210709E+01    0.1758421677E+01   -0.1207519288E+01    0.0000000000E+00    0.0000000000E+00    0.2603181075E+00   -0.7114575521E+00
   -0.7432194906E+01   -0.3103659680E+01   -0.7130335377E+00   -0.6975763483E+00    0.2364299057E+00    0.0000000000E+00    0.0000000000E+00    0.1398206821E+02   -0.2330642669E+01
   -0.3717536323E+01   -0.2898394349E+01   -0.8669610258E+00   -0.5793422237E+00    0.9495291372E+00    0.0000000000E+00    0.0000000000E+00    0.1330632299E+02   -0.2163255633E+01
   -0.7993454459E+01   -0.4135254194E+01   -0.1004767998E+01   -0.9263663576E+00    0.4836579392E+00    0.0000000000E+00    0.0000000000E+00    0.7618877853E+01   -0.1196078866E+01
   -0.1843390649E+01   -0.1551556455E+01   -0.4902607363E+00   -0.2837155726E+00    0.6318576585E+00    0.0000000000E+00    0.0000000000E+00    0.2762089002E+01   -0.2858177289E+00
   -0.1896330550E+01   -0.8283329858E+00   -0.1521875803E+00   -0.2303357165E+00   -0.1257666235E+00    0.0000000000E+00    0.0000000000E+00    0.8695086013E+00   -0.2435546000E+00
    0.2070493764E+00    0.4345644171E+00    0.7721813262E-01    0.1686015818E+00    0.1578301235E+00    0.0000000000E+00    0.0000000000E+00    0.3072806896E+00    0.2308396775E-01
   -0.3210816369E+00    0.3859549331E+00    0.1716185955E+00    0.4043839124E-01   -0.3329682226E+00    0.0000000000E+00    0.0000000000E+00    0.5438351994E-01    0.9235489090E-01
    0.1649705467E+00    0.5051898141E+00    0.1047943536E+00    0.1846270769E+00    0.9148118297E-01    0.0000000000E+00    0.0000000000E+00    0.1407482876E-01    0.7962179382E-01
   -0.9838978949E-01    0.2606438150E+00    0.1937250412E+00    0.7957745931E-01   -0.3278993857E+00    0.0000000000E+00    0.0000000000E+00   -0.8294759299E-03    0.7780526519E-01
    0.5695028963E-01    0.1542923430E+00   -0.9965123849E-01   -0.3444917553E-01    0.2801339430E+00    0.0000000000E+00    0.0000000000E+00    0.8838230718E-03    0.3940644070E-01
   -0.3263211643E-01    0.5954518830E-01    0.1779111965E+00    0.1601478224E+00   -0.4258399416E+00    0.0000000000E+00    0.0000000000E+00   -0.3846659935E-03    0.1480615683E-01
    0.1850245204E-01    0.2744398227E-01   -0.6313269385E-01   -0.1084846806E+00    0.4027236787E+00    0.0000000000E+00    0.0000000000E+00    0.1793388863E-03    0.2455742112E-01
   -0.1038767556E-01    0.1641773109E-02   -0.2498522848E-02    0.5737684673E-01   -0.3675765438E+00    0.0000000000E+00    0.0000000000E+00   -0.8334079779E-04    0.5214770601E-02
    0.5778062473E-02    0.2924045808E-02   -0.1708626138E-03   -0.2650360190E-01    0.3233058933E+00    0.0000000000E+00    0.0000000000E+00    0.3858046708E-04    0.5638344467E-02
   -0.3186039944E-02   -0.1201604452E-02   -0.2382949637E-01   -0.4779430401E-01   -0.1851421876E+00    0.0000000000E+00    0.0000000000E+00   -0.1775155713E-04    0.2524727071E-02
    0.1742089039E-02    0.7077875638E-03   -0.1549067379E-01   -0.1193744125E-01    0.2550916881E+00    0.0000000000E+00    0.0000000000E+00    0.8106106894E-05    0.1382889654E-02
   -0.9446134182E-03   -0.3906437169E-03   -0.1233096966E-01   -0.4547608001E-01   -0.6575513307E-01    0.0000000000E+00    0.0000000000E+00   -0.3669310605E-05    0.3411394727E-03
    0.5077418027E-03    0.2107843570E-03   -0.1958741772E-02    0.4911545771E-01   -0.2139812989E+00    0.0000000000E+00    0.0000000000E+00    0.1644602938E-05    0.5822496268E-04
   -0.2703066647E-03   -0.1109496770E-03    0.8656604383E-04    0.3570606150E-02    0.1623960468E+00    0.0000000000E+00    0.0000000000E+00   -0.7289063028E-06   -0.1488081590E-04
    0.1423111275E-03    0.5691678426E-04    0.1468002353E-04   -0.1328191306E-02   -0.4486733240E-01    0.0000000000E+00    0.0000000000E+00    0.3189207799E-06    0.5689412253E-05
   -0.7392329767E-04   -0.2842886728E-04   -0.1788376120E-04    0.5558937716E-03    0.1632359519E-01    0.0000000000E+00    0.0000000000E+00   -0.1374400412E-06   -0.2225656088E-05
    0.3775906447E-04    0.1380737479E-04    0.1097477736E-04   -0.2408854857E-03   -0.6490068669E-02    0.0000000000E+00    0.0000000000E+00    0.5816147931E-07    0.8598084465E-06
   -0.1887513551E-04   -0.6506595541E-05   -0.5677073842E-05    0.1045077859E-03    0.2658845019E-02    0.0000000000E+00    0.0000000000E+00   -0.2406798540E-07   -0.3252796650E-06
    0.9172546430E-05    0.2963880877E-05    0.2688810460E-05   -0.4466439738E-04   -0.1092411863E-02    0.0000000000E+00    0.0000000000E+00    0.9683445390E-08    0.1199662928E-06
   -0.4292911786E-05   -0.1296798447E-05   -0.1193171327E-05    0.1858090630E-04    0.4421147618E-03    0.0000000000E+00    0.0000000000E+00   -0.3757490973E-08   -0.4288253921E-07
    0.1909437539E-05    0.5393388045E-06    0.4973298309E-06   -0.7424010446E-05   -0.1732553847E-03    0.0000000000E+00    0.0000000000E+00    0.1389948205E-08    0.1471460953E-07
   -0.7918259911E-06   -0.2096984059E-06   -0.1927246569E-06    0.2796302931E-05    0.6436889908E-04    0.0000000000E+00    0.0000000000E+00   -0.4818260041E-09   -0.4771067498E-08
    0.2976081461E-06    0.7424353325E-07    0.6785948503E-07   -0.9656602406E-06   -0.2201364876E-04    0.0000000000E+00    0.0000000000E+00    0.1525079910E-09    0.1425230600E-08
   -0.9709363257E-07   -0.2295623964E-07   -0.2085731137E-07    0.2928549296E-06    0.6630104083E-05    0.0000000000E+00    0.0000000000E+00   -0.4231661280E-10   -0.3765937735E-09
    0.2563854592E-07    0.5784870117E-08    0.5226589112E-08   -0.7270584927E-07   -0.1637967661E-05    0.0000000000E+00    0.0000000000E+00    0.9621054422E-11    0.8223486126E-10
   -0.4826853206E-08   -0.1046778452E-08   -0.9411640017E-09    0.1300751942E-07    0.2920217192E-06    0.0000000000E+00    0.0000000000E+00   -0.1582263608E-11   -0.1309004224E-10
    0.4796444188E-09    0.1006719147E-09    0.9015041110E-10   -0.1240284604E-08   -0.2777570250E-07    0.0000000000E+00    0.0000000000E+00    0.1395768125E-12    0.1125227020E-11
 l,ispin:           1           2
 psi n=1,noccmax(l):
    0.8830382746E+00   -0.2981998348E+00    0.6875744141E-01    0.4579440121E-01   -0.5139115504E-01    0.0000000000E+00    0.0000000000E+00    0.4136193233E+01   -0.6080046461E+00
   -0.3871654269E+01    0.1360592283E+01   -0.3152084593E+00   -0.2106471884E+00    0.2348263335E+00    0.0000000000E+00    0.0000000000E+00   -0.1512365856E+02    0.2258353400E+01
    0.8419393821E+01   -0.3110379986E+01    0.7255846068E+00    0.4843192851E+00   -0.5426514033E+00    0.0000000000E+00    0.0000000000E+00    0.2976713443E+02   -0.4529868979E+01
   -0.1058015927E+02    0.4131125650E+01   -0.9746216179E+00   -0.6374153004E+00    0.7522715894E+00    0.0000000000E+00    0.0000000000E+00   -0.3978642216E+02    0.6118290119E+01
    0.4913544430E+01   -0.2142126173E+01    0.5263299876E+00    0.2891792195E+00   -0.4981467850E+00    0.0000000000E+00    0.0000000000E+00    0.3492826210E+02   -0.5168796126E+01
    0.3198621121E+01   -0.4987354576E+00    0.8111488409E-01    0.1691319467E+00    0.1287524236E+00    0.0000000000E+00    0.0000000000E+00   -0.1784763453E+02    0.1958864002E+01
    0.1799047335E+02   -0.9582384109E+01    0.2288381325E+01    0.1527110187E+01   -0.1722640408E+01    0.0000000000E+00    0.0000000000E+00    0.2683612956E+02   -0.3923068476E+01
   -0.4784682704E+02    0.2053480659E+02   -0.4891337513E+01   -0.3401346022E+01    0.3466094473E+01    0.0000000000E+00    0.0000000000E+00   -0.5234973634E+02    0.1028155592E+02
    0.1692497105E+01    0.2975725382E+01   -0.6178095986E+00   -0.5754635829E+00    0.1845746584E+00    0.0000000000E+00    0.0000000000E+00    0.2519126799E+00   -0.9671321730E+00
    0.1110136583E+02   -0.7243415040E+01    0.1652987196E+01    0.1324396891E+01   -0.8798583698E+00    0.0000000000E+00    0.0000000000E+00    0.1374027810E+02   -0.2894161936E+01
    0.6693592225E+01   -0.5475928553E+01    0.1412669887E+01    0.8974583512E+00   -0.1156158353E+01    0.0000000000E+00    0.0000000000E+00    0.1305331745E+02   -0.2660327059E+01
    0.6448214392E+01   -0.4034937407E+01    0.9348171731E+00    0.8008782656E+00   -0.4262207047E+00    0.0000000000E+00    0.0000000000E+00    0.7377371330E+01   -0.1474224270E+01
    0.1042481510E+01   -0.9423111891E+00    0.2837100513E+00    0.8785918348E-01   -0.3765307383E+00    0.0000000000E+00    0.0000000000E+00    0.2941022935E+01   -0.4765736926E+00
    0.1047123013E+01    0.2003773473E+00   -0.1035412992E+00    0.3763551869E-01    0.2420800775E+00    0.0000000000E+00    0.0000000000E+00    0.9395345024E+00   -0.1988705550E+00
   -0.2668872532E+00    0.9547424382E+00   -0.2600267514E+00   -0.3036393032E+00    0.2781589302E-01    0.0000000000E+00    0.0000000000E+00    0.2915901935E+00    0.6781606467E-01
    0.2104797667E+00    0.6895669901E+00   -0.2232216628E+00   -0.5555830889E-01    0.2859116394E+00    0.0000000000E+00    0.0000000000E+00    0.5048256389E-01    0.1279339603E+00
   -0.1207368030E+00    0.5170529155E+00   -0.1649756793E+00   -0.2351307716E+00    0.1398264395E-01    0.0000000000E+00    0.0000000000E+00    0.1037168274E-01    0.1002771975E+00
    0.7050084549E-01    0.2083970801E+00   -0.1249487238E+00    0.1107184877E-01    0.1741327122E+00    0.0000000000E+00    0.0000000000E+00   -0.4641610469E-03    0.9050425349E-01
   -0.4059469341E-01    0.9749318160E-01    0.8752664440E-01   -0.1177773809E-01   -0.1608823374E+00    0.0000000000E+00    0.0000000000E+00    0.5267008851E-03    0.4193877293E-01
    0.2311293166E-01    0.2104255814E-01   -0.1406618182E+00   -0.9169891655E-01    0.2759290370E+00    0.0000000000E+00    0.0000000000E+00   -0.2277057540E-03    0.1967211120E-01
   -0.1302547829E-01    0.8251378163E-02    0.9206008093E-01    0.1210260386E+00   -0.3387946352E+00    0.0000000000E+00    0.0000000000E+00    0.1047135123E-03    0.2374391631E-01
    0.7272922737E-02   -0.1378335561E-02    0.4640941205E-02   -0.6179549234E-01    0.3058628328E+00    0.0000000000E+00    0.0000000000E+00   -0.4818892047E-04    0.5586190073E-02
   -0.4026918465E-02    0.1174963757E-02    0.1982392034E-01    0.6142548757E-01   -0.3191059465E+00    0.0000000000E+00    0.0000000000E+00    0.2214437405E-04    0.5398257756E-02
    0.2212468547E-02   -0.6579092049E-03    0.2268071847E-01    0.2986743273E-01    0.1792208079E+00    0.0000000000E+00    0.0000000000E+00   -0.1013433641E-04    0.2164738499E-02
   -0.1206706201E-02    0.3700795964E-03    0.1487501703E-01    0.1850874921E-01   -0.2402946698E+00    0.0000000000E+00    0.0000000000E+00    0.4610316908E-05    0.1117081726E-02
    0.6534016181E-03   -0.2038681683E-03    0.6957956311E-02    0.1338104329E-01    0.1564039054E+00    0.0000000000E+00    0.0000000000E+00   -0.2081791087E-05    0.2146387370E-03
   -0.3511284836E-03    0.1099999007E-03    0.8439053244E-03   -0.3869135627E-01    0.1038170610E+00    0.0000000000E+00    0.0000000000E+00    0.9318198226E-06    0.4069519276E-04
    0.1871066902E-03   -0.5808617144E-04   -0.1042206261E-03   -0.2964097854E-03   -0.1174377060E+00    0.0000000000E+00    0.0000000000E+00   -0.4128357841E-06   -0.1231508209E-04
   -0.9871943464E-04    0.2998604089E-04    0.3043529839E-04    0.2688822482E-03    0.3420023949E-01    0.0000000000E+00    0.0000000000E+00    0.1807122032E-06    0.4886845974E-05
    0.5145236948E-04   -0.1511135789E-04   -0.1070306048E-04   -0.1491983701E-03   -0.1271420457E-01    0.0000000000E+00    0.0000000000E+00   -0.7797173004E-07   -0.1941984994E-05
   -0.2640190860E-04    0.7419033360E-05    0.4053415797E-05    0.7475936617E-04    0.5113750037E-02    0.0000000000E+00    0.0000000000E+00    0.3305648988E-07    0.7566913413E-06
    0.1327431595E-04   -0.3537984001E-05   -0.1589032642E-05   -0.3530317213E-04   -0.2109810261E-02    0.0000000000E+00    0.0000000000E+00   -0.1371171626E-07   -0.2878021951E-06
   -0.6495401679E-05    0.1631379342E-05    0.6307066956E-06    0.1590224231E-04    0.8708479785E-03    0.0000000000E+00    0.0000000000E+00    0.5532170585E-08    0.1065232186E-06
    0.3064005780E-05   -0.7222507862E-06   -0.2489350597E-06   -0.6843054047E-05   -0.3535571455E-03    0.0000000000E+00    0.0000000000E+00   -0.2153291461E-08   -0.3817141419E-07
   -0.1374684353E-05    0.3036734840E-06    0.9587860808E-07    0.2795698327E-05    0.1388567671E-03    0.0000000000E+00    0.0000000000E+00    0.7991099599E-09    0.1312095440E-07
    0.5753166608E-06   -0.1192177770E-06   -0.3521417578E-07   -0.1068807517E-05   -0.5166928739E-04    0.0000000000E+00    0.0000000000E+00   -0.2779091383E-09   -0.4259661261E-08
   -0.2182631495E-06    0.4256126585E-07    0.1195416587E-07    0.3728252414E-06    0.1769009586E-04    0.0000000000E+00    0.0000000000E+00    0.8823772938E-10    0.1273605761E-08
    0.7186429737E-07   -0.1325175454E-07   -0.3583747897E-08   -0.1138421908E-06   -0.5332159566E-05    0.0000000000E+00    0.0000000000E+00   -0.2455383919E-10   -0.3367475275E-09
   -0.1914203589E-07    0.3358359937E-08    0.8828777387E-09    0.2839556796E-07    0.1318059803E-05    0.0000000000E+00    0.0000000000E+00    0.5596837929E-11    0.7356821374E-10
    0.3632432540E-08   -0.6104559499E-09   -0.1571410738E-09   -0.5096469570E-08   -0.2350834584E-06    0.0000000000E+00    0.0000000000E+00   -0.9224809256E-12   -0.1171444218E-10
   -0.3634756894E-09    0.5891818641E-10    0.1493236520E-10    0.4870304475E-09    0.2236654729E-07    0.0000000000E+00    0.0000000000E+00    0.8152547559E-13    0.1007224009E-11
 l,ispin:           2           1
 psi n=1,noccmax(l):
    0.4155529175E+01   -0.5005872340E+00   -0.3294673219E+00   -0.2546546019E+00   -0.3558899155E+00    0.0000000000E+00    0.0000000000E+00   -0.6969962666E+01
   -0.1519859188E+02    0.1856927803E+01    0.1219498150E+01    0.9517298050E+00    0.1301998712E+01    0.0000000000E+00    0.0000000000E+00    0.2161773246E+02
    0.2992202310E+02   -0.3718485202E+01   -0.2437453826E+01   -0.1919280950E+01   -0.2574596135E+01    0.0000000000E+00    0.0000000000E+00   -0.3795405647E+02
   -0.3998747822E+02    0.5016538378E+01    0.3291281914E+01    0.2586771610E+01    0.3487672368E+01    0.0000000000E+00    0.0000000000E+00    0.4828998873E+02
    0.3504219895E+02   -0.4248147850E+01   -0.2819484816E+01   -0.2116648489E+01   -0.3160829978E+01    0.0000000000E+00    0.0000000000E+00   -0.4374814453E+02
   -0.1777841786E+02    0.1657657651E+01    0.1175142758E+01    0.6413938981E+00    0.1728267579E+01    0.0000000000E+00    0.0000000000E+00    0.2368650179E+02
    0.2702513798E+02   -0.3257612792E+01   -0.2183535975E+01   -0.1574482319E+01   -0.2560445499E+01    0.0000000000E+00    0.0000000000E+00   -0.2101025212E+02
   -0.5307100269E+02    0.8315823869E+01    0.5399189434E+01    0.4512409942E+01    0.5314918711E+01    0.0000000000E+00    0.0000000000E+00    0.4537427324E+02
    0.2603181075E+00   -0.7114575521E+00   -0.5615705889E+00   -0.2347978157E+00   -0.1011158038E+01    0.0000000000E+00    0.0000000000E+00   -0.7549049458E+01
    0.1398206821E+02   -0.2330642669E+01   -0.1401601609E+01   -0.1487052554E+01   -0.8103780995E+00    0.0000000000E+00    0.0000000000E+00   -0.1193496830E+02
    0.1330632299E+02   -0.2163255633E+01   -0.1443074886E+01   -0.1106970500E+01   -0.1605266640E+01    0.0000000000E+00    0.0000000000E+00   -0.1105809504E+02
    0.7618877853E+01   -0.1196078866E+01   -0.7059839496E+00   -0.7841636559E+00   -0.3425271988E+00    0.0000000000E+00    0.0000000000E+00   -0.5632216862E+01
    0.2762089002E+01   -0.2858177289E+00   -0.2266887771E+00   -0.8257863300E-01   -0.4202387022E+00    0.0000000000E+00    0.0000000000E+00   -0.3110818985E+01
    0.8695086013E+00   -0.2435546000E+00   -0.1167507231E+00   -0.1997814361E+00    0.7693321847E-01    0.0000000000E+00    0.0000000000E+00   -0.1269806828E+01
    0.3072806896E+00    0.2308396775E-01   -0.1303558304E-01    0.6648950179E-01   -0.1489321553E+00    0.0000000000E+00    0.0000000000E+00   -0.5775701586E+00
    0.5438351994E-01    0.9235489090E-01    0.8597064735E-01    0.1819970523E-01    0.1902650562E+00    0.0000000000E+00    0.0000000000E+00   -0.1980429221E+00
    0.1407482876E-01    0.7962179382E-01    0.2947689055E-01    0.7410173580E-01   -0.6312926461E-01    0.0000000000E+00    0.0000000000E+00   -0.8274680112E-01
   -0.8294759299E-03    0.7780526519E-01    0.7592100712E-01    0.3745676048E-01    0.1504366138E+00    0.0000000000E+00    0.0000000000E+00   -0.2396717618E-01
    0.8838230718E-03    0.3940644070E-01    0.8961950438E-04    0.1944433373E-01   -0.7671763577E-01    0.0000000000E+00    0.0000000000E+00   -0.9387721412E-02
   -0.3846659935E-03    0.1480615683E-01    0.3093296537E-01    0.1852253181E-01    0.1029230699E+00    0.0000000000E+00    0.0000000000E+00   -0.2606009473E-02
    0.1793388863E-03    0.2455742112E-01    0.9204618548E-02    0.1835238932E-01   -0.5118491147E-01    0.0000000000E+00    0.0000000000E+00   -0.1050498799E-02
   -0.8334079779E-04    0.5214770601E-02    0.1080964301E-02   -0.1065268315E-01    0.4478093430E-01    0.0000000000E+00    0.0000000000E+00   -0.1615073343E-03
    0.3858046708E-04    0.5638344467E-02    0.7865943276E-02    0.2153075882E-01   -0.1770080161E-01    0.0000000000E+00    0.0000000000E+00   -0.9923518737E-04
   -0.1775155713E-04    0.2524727071E-02   -0.2004618368E-04   -0.1452065306E-01    0.9921274855E-02    0.0000000000E+00    0.0000000000E+00    0.1215740595E-05
    0.8106106894E-05    0.1382889654E-02   -0.1457362604E-03    0.9754828965E-02   -0.7960433364E-02    0.0000000000E+00    0.0000000000E+00   -0.7417860825E-05
   -0.3669310605E-05    0.3411394727E-03   -0.2031896982E-02   -0.1765897377E-01   -0.3628104498E-01    0.0000000000E+00    0.0000000000E+00    0.2090904861E-05
    0.1644602938E-05    0.5822496268E-04   -0.1992810118E-02    0.4774185697E-02    0.4624999372E-01    0.0000000000E+00    0.0000000000E+00   -0.8225589763E-06
   -0.7289063028E-06   -0.1488081590E-04    0.1448160758E-03    0.2495464839E-02   -0.1935253512E-01    0.0000000000E+00    0.0000000000E+00    0.2998551124E-06
    0.3189207799E-06    0.5689412253E-05   -0.3897014816E-04   -0.6654782276E-03    0.3725859332E-02    0.0000000000E+00    0.0000000000E+00   -0.1058180950E-06
   -0.1374400412E-06   -0.2225656088E-05    0.1253484182E-04    0.2135362147E-03   -0.1038487705E-02    0.0000000000E+00    0.0000000000E+00    0.3621012404E-07
    0.5816147931E-07    0.8598084465E-06   -0.4280235683E-05   -0.7301294169E-04    0.3285661485E-03    0.0000000000E+00    0.0000000000E+00   -0.1203754734E-07
   -0.2406798540E-07   -0.3252796650E-06    0.1491922344E-05    0.2549327070E-04   -0.1093560789E-03    0.0000000000E+00    0.0000000000E+00    0.3892195215E-08
    0.9683445390E-08    0.1199662928E-06   -0.5204116318E-06   -0.8901564603E-05    0.3700391582E-04    0.0000000000E+00    0.0000000000E+00   -0.1223369867E-08
   -0.3757490973E-08   -0.4288253921E-07    0.1790182886E-06    0.3062795152E-05   -0.1246409401E-04    0.0000000000E+00    0.0000000000E+00    0.3725133931E-09
    0.1389948205E-08    0.1471460953E-07   -0.5981420277E-07   -0.1023026550E-05    0.4102528875E-05    0.0000000000E+00    0.0000000000E+00   -0.1090476487E-09
   -0.4818260041E-09   -0.4771067498E-08    0.1903804708E-07    0.3254139461E-06   -0.1291664504E-05    0.0000000000E+00    0.0000000000E+00    0.3026495333E-10
    0.1525079910E-09    0.1425230600E-08   -0.5614040892E-08   -0.9588945920E-07    0.3778837841E-06    0.0000000000E+00    0.0000000000E+00   -0.7779572432E-11
   -0.4231661280E-10   -0.3765937735E-09    0.1470071514E-08    0.2509093158E-07   -0.9837854258E-07    0.0000000000E+00    0.0000000000E+00    0.1781824658E-11
    0.9621054422E-11    0.8223486126E-10   -0.3189885572E-09   -0.5440836521E-08    0.2125652785E-07    0.0000000000E+00    0.0000000000E+00   -0.3404518805E-12
   -0.1582263608E-11   -0.1309004224E-10    0.5055184817E-10    0.8617496480E-09   -0.3358198941E-08    0.0000000000E+00    0.0000000000E+00    0.4796381975E-13
    0.1395768125E-12    0.1125227020E-11   -0.4331997338E-11   -0.7381243467E-10    0.2871278048E-09    0.0000000000E+00    0.0000000000E+00   -0.3697457656E-14
 l,ispin:           2           2
 psi n=1,noccmax(l):
    0.4136193233E+01   -0.6080046461E+00   -0.3511536514E+00   -0.2772239950E+00    0.3842801194E+00    0.0000000000E+00    0.0000000000E+00   -0.7227100027E+01
   -0.1512365856E+02    0.2258353400E+01    0.1301801520E+01    0.1036260680E+01   -0.1406396955E+01    0.0000000000E+00    0.0000000000E+00    0.2248005466E+02
    0.2976713443E+02   -0.4529868979E+01   -0.2606879722E+01   -0.2091123398E+01    0.2783034184E+01    0.0000000000E+00    0.0000000000E+00   -0.3963300962E+02
   -0.3978642216E+02    0.6118290119E+01    0.3523834144E+01    0.2822711667E+01   -0.3773947988E+01    0.0000000000E+00    0.0000000000E+00    0.5065248775E+02
    0.3492826210E+02   -0.5168796126E+01   -0.3007504943E+01   -0.2317882160E+01    0.3423451548E+01    0.0000000000E+00    0.0000000000E+00   -0.4595347946E+02
   -0.1784763453E+02    0.1958864002E+01    0.1210780857E+01    0.7088861659E+00   -0.1865546957E+01    0.0000000000E+00    0.0000000000E+00    0.2437773661E+02
    0.2683612956E+02   -0.3923068476E+01   -0.2303729409E+01   -0.1713538077E+01    0.2759399870E+01    0.0000000000E+00    0.0000000000E+00   -0.2087415801E+02
   -0.5234973634E+02    0.1028155592E+02    0.5870731016E+01    0.4957514508E+01   -0.5795146875E+01    0.0000000000E+00    0.0000000000E+00    0.4801205280E+02
    0.2519126799E+00   -0.9671321730E+00   -0.6485098412E+00   -0.3384112684E+00    0.1162823611E+01    0.0000000000E+00    0.0000000000E+00   -0.9232373009E+01
    0.1374027810E+02   -0.2894161936E+01   -0.1546067180E+01   -0.1592584535E+01    0.8661627443E+00    0.0000000000E+00    0.0000000000E+00   -0.1320475831E+02
    0.1305331745E+02   -0.2660327059E+01   -0.1556454082E+01   -0.1224196746E+01    0.1750892103E+01    0.0000000000E+00    0.0000000000E+00   -0.1171551222E+02
    0.7377371330E+01   -0.1474224270E+01   -0.7746354836E+00   -0.8304973061E+00    0.3574601485E+00    0.0000000000E+00    0.0000000000E+00   -0.5856177712E+01
    0.2941022935E+01   -0.4765736926E+00   -0.3098345216E+00   -0.1677043544E+00    0.5249359142E+00    0.0000000000E+00    0.0000000000E+00   -0.3188701034E+01
    0.9395345024E+00   -0.1988705550E+00   -0.7490534674E-01   -0.1532868568E+00   -0.1404735381E+00    0.0000000000E+00    0.0000000000E+00   -0.1277647263E+01
    0.2915901935E+00    0.6781606467E-01    0.1238706722E-01    0.8268019311E-01    0.1470934417E+00    0.0000000000E+00    0.0000000000E+00   -0.5736528970E+00
    0.5048256389E-01    0.1279339603E+00    0.9807701900E-01    0.3429945436E-01   -0.2169056833E+00    0.0000000000E+00    0.0000000000E+00   -0.1914908939E+00
    0.1037168274E-01    0.1002771975E+00    0.3663948854E-01    0.7686695213E-01    0.6878044333E-01    0.0000000000E+00    0.0000000000E+00   -0.7892431504E-01
   -0.4641610469E-03    0.9050425349E-01    0.7657379179E-01    0.4056859647E-01   -0.1594409866E+00    0.0000000000E+00    0.0000000000E+00   -0.2158744065E-01
    0.5267008851E-03    0.4193877293E-01   -0.1367275183E-02    0.1608422516E-01    0.8461788309E-01    0.0000000000E+00    0.0000000000E+00   -0.8527070363E-02
   -0.2277057540E-03    0.1967211120E-01    0.3317240862E-01    0.2260909675E-01   -0.1106965105E+00    0.0000000000E+00    0.0000000000E+00   -0.2075831829E-02
    0.1047135123E-03    0.2374391631E-01    0.6041595127E-02    0.1268388037E-01    0.6090414302E-01    0.0000000000E+00    0.0000000000E+00   -0.8483090837E-03
   -0.4818892047E-04    0.5586190073E-02    0.1298492686E-02   -0.7707924417E-02   -0.5177414379E-01    0.0000000000E+00    0.0000000000E+00   -0.8988578577E-04
    0.2214437405E-04    0.5398257756E-02    0.6859850203E-02    0.1791547136E-01    0.2586047481E-01    0.0000000000E+00    0.0000000000E+00   -0.7212763264E-04
   -0.1013433641E-04    0.2164738499E-02   -0.6541020139E-03   -0.1355768357E-01   -0.1465327374E-01    0.0000000000E+00    0.0000000000E+00    0.7767499069E-05
    0.4610316908E-05    0.1117081726E-02   -0.5822856003E-03    0.7722393069E-02    0.1476966297E-01    0.0000000000E+00    0.0000000000E+00   -0.6135148700E-05
   -0.2081791087E-05    0.2146387370E-03   -0.2213140285E-02   -0.1637024601E-01    0.2795747104E-01    0.0000000000E+00    0.0000000000E+00    0.2128629228E-05
    0.9318198226E-06    0.4069519276E-04   -0.1736428379E-02    0.5231190749E-02   -0.4204439144E-01    0.0000000000E+00    0.0000000000E+00   -0.8082285671E-06
   -0.4128357841E-06   -0.1231508209E-04    0.1368456725E-03    0.2083387859E-02    0.1854427046E-01    0.0000000000E+00    0.0000000000E+00    0.2950187869E-06
    0.1807122032E-06    0.4886845974E-05   -0.3699958276E-04   -0.5589794979E-03   -0.3711463435E-02    0.0000000000E+00    0.0000000000E+00   -0.1043815673E-06
   -0.7797173004E-07   -0.1941984994E-05    0.1192620781E-04    0.1797251625E-03    0.1054891987E-02    0.0000000000E+00    0.0000000000E+00    0.3583987977E-07
    0.3305648988E-07    0.7566913413E-06   -0.4078906364E-05   -0.6152137866E-04   -0.3375434691E-03    0.0000000000E+00    0.0000000000E+00   -0.1195899612E-07
   -0.1371171626E-07   -0.2878021951E-06    0.1423569512E-05    0.2149767172E-04    0.1131296826E-03    0.0000000000E+00    0.0000000000E+00    0.3881154636E-08
    0.5532170585E-08    0.1065232186E-06   -0.4970699614E-06   -0.7510785154E-05   -0.3845262248E-04    0.0000000000E+00    0.0000000000E+00   -0.1224090548E-08
   -0.2153291461E-08   -0.3817141419E-07    0.1711213365E-06    0.2585405077E-05    0.1299030100E-04    0.0000000000E+00    0.0000000000E+00    0.3738570853E-09
    0.7991099599E-09    0.1312095440E-07   -0.5720897386E-07   -0.8638582934E-06   -0.4284164484E-05    0.0000000000E+00    0.0000000000E+00   -0.1097195808E-09
   -0.2779091383E-09   -0.4259661261E-08    0.1821671612E-07    0.2748531879E-06    0.1350648603E-05    0.0000000000E+00    0.0000000000E+00    0.3051490558E-10
    0.8823772938E-10    0.1273605761E-08   -0.5373550760E-08   -0.8100595608E-07   -0.3954977857E-06    0.0000000000E+00    0.0000000000E+00   -0.7856893828E-11
   -0.2455383919E-10   -0.3367475275E-09    0.1407424331E-08    0.2119939100E-07    0.1030278865E-06    0.0000000000E+00    0.0000000000E+00    0.1801887381E-11
    0.5596837929E-11    0.7356821374E-10   -0.3054463331E-09   -0.4597449714E-08   -0.2227054705E-07    0.0000000000E+00    0.0000000000E+00   -0.3446331158E-12
   -0.9224809256E-12   -0.1171444218E-10    0.4841164303E-10    0.7282245191E-09    0.3519423975E-08    0.0000000000E+00    0.0000000000E+00    0.4859030442E-13
    0.8152547559E-13    0.1007224009E-11   -0.4148959230E-11   -0.6237890812E-10   -0.3009731038E-09    0.0000000000E+00    0.0000000000E+00   -0.3747929966E-14
 l,ispin:           3           1
 psi n=1,noccmax(l):
   -0.6969962666E+01   -0.4099757855E+00    0.6743767910E+00   -0.2119358772E+00   -0.2738739995E+01    0.0000000000E+00    0.0000000000E+00
    0.2161773246E+02    0.1274888239E+01   -0.2045807448E+01    0.3523680888E+00    0.7264163810E+01    0.0000000000E+00    0.0000000000E+00
   -0.3795405647E+02   -0.2245120037E+01    0.3503999856E+01   -0.2875261936E-01   -0.1037663411E+02    0.0000000000E+00    0.0000000000E+00
    0.4828998873E+02    0.2863473652E+01   -0.4374340180E+01   -0.5327001808E+00    0.1091154658E+02    0.0000000000E+00    0.0000000000E+00
   -0.4374814453E+02   -0.2592605650E+01    0.3975642901E+01    0.3915807311E+00   -0.1025073767E+02    0.0000000000E+00    0.0000000000E+00
    0.2368650179E+02    0.1387259757E+01   -0.2301816634E+01    0.8473932068E+00    0.9795032621E+01    0.0000000000E+00    0.0000000000E+00
   -0.2101025212E+02   -0.1234631023E+01    0.1990093733E+01   -0.4023909082E+00   -0.7282893912E+01    0.0000000000E+00    0.0000000000E+00
    0.4537427324E+02    0.2730282766E+01   -0.3846603215E+01   -0.2509508323E+01    0.2273713834E+01    0.0000000000E+00    0.0000000000E+00
   -0.7549049458E+01   -0.4564504648E+00    0.8019548980E+00   -0.4837527007E+00   -0.4105482970E+01    0.0000000000E+00    0.0000000000E+00
   -0.1193496830E+02   -0.7318079630E+00    0.8146311671E+00    0.1955197496E+01    0.4642824917E+01    0.0000000000E+00    0.0000000000E+00
   -0.1105809504E+02   -0.6650931175E+00    0.9659401417E+00    0.4495694867E+00   -0.1225522398E+01    0.0000000000E+00    0.0000000000E+00
   -0.5632216862E+01   -0.3453057125E+00    0.3842597642E+00    0.9189854523E+00    0.2181234015E+01    0.0000000000E+00    0.0000000000E+00
   -0.3110818985E+01   -0.1854869116E+00    0.2875450701E+00    0.2124689664E-01   -0.7730486085E+00    0.0000000000E+00    0.0000000000E+00
   -0.1269806828E+01   -0.7821283617E-01    0.7081872103E-01    0.2965231321E+00    0.8638751143E+00    0.0000000000E+00    0.0000000000E+00
   -0.5775701586E+00   -0.3233797320E-01    0.6296832493E-01   -0.7034214892E-01   -0.4421345017E+00    0.0000000000E+00    0.0000000000E+00
   -0.1980429221E+00   -0.1191517947E-01    0.4236823673E-03    0.9649644492E-01    0.3515323061E+00    0.0000000000E+00    0.0000000000E+00
   -0.8274680112E-01   -0.3087408648E-02    0.1390200087E-01   -0.4873783097E-01   -0.2204782406E+00    0.0000000000E+00    0.0000000000E+00
   -0.2396717618E-01   -0.1947447119E-02   -0.5002319582E-02    0.3686443575E-01    0.1526521849E+00    0.0000000000E+00    0.0000000000E+00
   -0.9387721412E-02    0.2358809048E-02    0.1359042508E-02   -0.2785493756E-01   -0.1076847651E+00    0.0000000000E+00    0.0000000000E+00
   -0.2606009473E-02   -0.2358605374E-02    0.3219863139E-03    0.2052613016E-01    0.7564766609E-01    0.0000000000E+00    0.0000000000E+00
   -0.1050498799E-02    0.1790952207E-02   -0.1396975774E-02   -0.1665065979E-01   -0.5680750199E-01    0.0000000000E+00    0.0000000000E+00
   -0.1615073343E-03    0.1334999108E-03   -0.7811008521E-03    0.9781378823E-02    0.3883123665E-01    0.0000000000E+00    0.0000000000E+00
   -0.9923518737E-04   -0.5073526251E-04    0.3624709660E-03   -0.7591140674E-02   -0.3020764253E-01    0.0000000000E+00    0.0000000000E+00
    0.1215740595E-05    0.3957768671E-03   -0.1332421540E-02    0.3436189322E-02    0.2027595307E-01    0.0000000000E+00    0.0000000000E+00
   -0.7417860825E-05    0.2214374016E-03    0.9906674546E-04   -0.3913294072E-02   -0.1985579682E-01    0.0000000000E+00    0.0000000000E+00
    0.2090904861E-05    0.2587705937E-03   -0.1088448869E-02    0.7395425951E-03    0.1583213352E-01    0.0000000000E+00    0.0000000000E+00
   -0.8225589763E-06    0.1276617249E-03    0.5411021990E-03    0.1630297875E-02   -0.6556382985E-02    0.0000000000E+00    0.0000000000E+00
    0.2998551124E-06   -0.1042943936E-04    0.6167881799E-04   -0.9130941064E-03    0.9841129174E-03    0.0000000000E+00    0.0000000000E+00
   -0.1058180950E-06    0.2549811940E-05   -0.1426535605E-04    0.1792090848E-03    0.1311538958E-03    0.0000000000E+00    0.0000000000E+00
    0.3621012404E-07   -0.7260416089E-06    0.3851890345E-05   -0.4573072932E-04   -0.6200605831E-04    0.0000000000E+00    0.0000000000E+00
   -0.1203754734E-07    0.2159821790E-06   -0.1102605252E-05    0.1272029224E-04    0.2093365539E-04    0.0000000000E+00    0.0000000000E+00
    0.3892195215E-08   -0.6488951001E-07    0.3224055867E-06   -0.3653890303E-05   -0.6568597551E-05    0.0000000000E+00    0.0000000000E+00
   -0.1223369867E-08    0.1938474569E-07   -0.9448922807E-07    0.1057916897E-05    0.1991681235E-05    0.0000000000E+00    0.0000000000E+00
    0.3725133931E-09   -0.5693801019E-08    0.2738030858E-07   -0.3038998954E-06   -0.5870968456E-06    0.0000000000E+00    0.0000000000E+00
   -0.1090476487E-09    0.1624295834E-08   -0.7735983417E-08    0.8532153506E-07    0.1673180840E-06    0.0000000000E+00    0.0000000000E+00
    0.3026495333E-10   -0.4424968672E-09    0.2093044388E-08   -0.2297779219E-07   -0.4546162597E-07    0.0000000000E+00    0.0000000000E+00
   -0.7779572432E-11    0.1122260040E-09   -0.5282448221E-09    0.5779488123E-08    0.1149557741E-07    0.0000000000E+00    0.0000000000E+00
    0.1781824658E-11   -0.2545606858E-10    0.1194033465E-09   -0.1303138089E-08   -0.2600249569E-08    0.0000000000E+00    0.0000000000E+00
   -0.3404518805E-12    0.4829960913E-11   -0.2259890692E-10    0.2461912539E-09    0.4921820822E-09    0.0000000000E+00    0.0000000000E+00
    0.4796381975E-13   -0.6770368634E-12    0.3162171938E-11   -0.3440300359E-10   -0.6885622672E-10    0.0000000000E+00    0.0000000000E+00
   -0.3697457656E-14    0.5200281957E-13   -0.2425778685E-12    0.2636605614E-11    0.5280607701E-11    0.0000000000E+00    0.0000000000E+00
 l,ispin:           3           2
 psi n=1,noccmax(l):
   -0.7227100027E+01   -0.3424317043E+00    0.6077277480E+00   -0.2682093758E+00   -0.2708921020E+01    0.0000000000E+00    0.0000000000E+00
    0.2248005466E+02    0.1068586494E+01   -0.1844159856E+01    0.5224572796E+00    0.7194766055E+01    0.0000000000E+00    0.0000000000E+00
   -0.3963300962E+02   -0.1891037587E+01    0.3162445741E+01   -0.3155332575E+00   -0.1029573592E+02    0.0000000000E+00    0.0000000000E+00
    0.5065248775E+02    0.2424078451E+01   -0.3956302013E+01   -0.1846869020E+00    0.1084195496E+02    0.0000000000E+00    0.0000000000E+00
   -0.4595347946E+02   -0.2197616441E+01    0.3600907468E+01    0.8158419547E-01   -0.1017350618E+02    0.0000000000E+00    0.0000000000E+00
    0.2437773661E+02    0.1148418831E+01   -0.2062182900E+01    0.1054005000E+01    0.9700174961E+01    0.0000000000E+00    0.0000000000E+00
   -0.2087415801E+02   -0.9864593777E+00    0.1728656372E+01   -0.6466035912E+00   -0.7298792111E+01    0.0000000000E+00    0.0000000000E+00
    0.4801205280E+02    0.2339331873E+01   -0.3488796808E+01   -0.2214483214E+01    0.2352729077E+01    0.0000000000E+00    0.0000000000E+00
   -0.9232373009E+01   -0.4526008352E+00    0.8243283391E+00   -0.4284391233E+00   -0.3915795754E+01    0.0000000000E+00    0.0000000000E+00
   -0.1320475831E+02   -0.6570327315E+00    0.7618550045E+00    0.1920338204E+01    0.4550045373E+01    0.0000000000E+00    0.0000000000E+00
   -0.1171551222E+02   -0.5707595879E+00    0.8797442011E+00    0.3799123687E+00   -0.1226670790E+01    0.0000000000E+00    0.0000000000E+00
   -0.5856177712E+01   -0.2917156855E+00    0.3342745723E+00    0.8722209317E+00    0.2103750410E+01    0.0000000000E+00    0.0000000000E+00
   -0.3188701034E+01   -0.1536560162E+00    0.2557909243E+00   -0.6857427783E-02   -0.7731007865E+00    0.0000000000E+00    0.0000000000E+00
   -0.1277647263E+01   -0.6391427734E-01    0.5666816791E-01    0.2819213361E+00    0.8332024044E+00    0.0000000000E+00    0.0000000000E+00
   -0.5736528970E+00   -0.2544302911E-01    0.5553427816E-01   -0.7704261439E-01   -0.4370401984E+00    0.0000000000E+00    0.0000000000E+00
   -0.1914908939E+00   -0.9207820009E-02   -0.2357743923E-02    0.9317580832E-01    0.3404457265E+00    0.0000000000E+00    0.0000000000E+00
   -0.7892431504E-01   -0.1906150245E-02    0.1248247606E-01   -0.4991641684E-01   -0.2163989309E+00    0.0000000000E+00    0.0000000000E+00
   -0.2158744065E-01   -0.1484955761E-02   -0.5497775516E-02    0.3607247384E-01    0.1482071812E+00    0.0000000000E+00    0.0000000000E+00
   -0.8527070363E-02    0.2525979084E-02    0.1123640831E-02   -0.2794164138E-01   -0.1052934379E+00    0.0000000000E+00    0.0000000000E+00
   -0.2075831829E-02   -0.2284982472E-02    0.2443809920E-03    0.2029403532E-01    0.7365437551E-01    0.0000000000E+00    0.0000000000E+00
   -0.8483090837E-03    0.1832054655E-02   -0.1475624951E-02   -0.1665771382E-01   -0.5561031167E-01    0.0000000000E+00    0.0000000000E+00
   -0.8988578577E-04    0.1422648772E-03   -0.7740185572E-03    0.9734751247E-02    0.3793182366E-01    0.0000000000E+00    0.0000000000E+00
   -0.7212763264E-04   -0.4121784223E-04    0.3278375431E-03   -0.7609319945E-02   -0.2963502660E-01    0.0000000000E+00    0.0000000000E+00
    0.7767499069E-05    0.3982086793E-03   -0.1323243410E-02    0.3435830278E-02    0.1984911366E-01    0.0000000000E+00    0.0000000000E+00
   -0.6135148700E-05    0.2228389674E-03    0.8846613770E-04   -0.3918237809E-02   -0.1951619917E-01    0.0000000000E+00    0.0000000000E+00
    0.2128629228E-05    0.2584274772E-03   -0.1075302553E-02    0.7869637345E-03    0.1569841867E-01    0.0000000000E+00    0.0000000000E+00
   -0.8082285671E-06    0.1267781874E-03    0.5402824044E-03    0.1596493435E-02   -0.6557963920E-02    0.0000000000E+00    0.0000000000E+00
    0.2950187869E-06   -0.1038132404E-04    0.6030074883E-04   -0.9039381323E-03    0.1006196698E-02    0.0000000000E+00    0.0000000000E+00
   -0.1043815673E-06    0.2538880266E-05   -0.1395192955E-04    0.1777784393E-03    0.1212951917E-03    0.0000000000E+00    0.0000000000E+00
    0.3583987977E-07   -0.7230583829E-06    0.3767094966E-05   -0.4540472586E-04   -0.5907640540E-04    0.0000000000E+00    0.0000000000E+00
   -0.1195899612E-07    0.2151197369E-06   -0.1078259434E-05    0.1263545763E-04    0.2007226644E-04    0.0000000000E+00    0.0000000000E+00
    0.3881154636E-08   -0.6463553416E-07    0.3152719490E-06   -0.3630539961E-05   -0.6315218907E-05    0.0000000000E+00    0.0000000000E+00
   -0.1224090548E-08    0.1930994426E-07   -0.9239599703E-07    0.1051346780E-05    0.1917542664E-05    0.0000000000E+00    0.0000000000E+00
    0.3738570853E-09   -0.5672050941E-08    0.2677336530E-07   -0.3020491838E-06   -0.5657038610E-06    0.0000000000E+00    0.0000000000E+00
   -0.1097195808E-09    0.1618135604E-08   -0.7564449372E-08    0.8480896068E-07    0.1613021956E-06    0.0000000000E+00    0.0000000000E+00
    0.3051490558E-10   -0.4408272466E-09    0.2046629762E-08   -0.2284105795E-07   -0.4384107108E-07    0.0000000000E+00    0.0000000000E+00
   -0.7856893828E-11    0.1118040931E-09   -0.5165306901E-09    0.5745324536E-08    0.1108810219E-07    0.0000000000E+00    0.0000000000E+00
    0.1801887381E-11   -0.2536061391E-10    0.1167556395E-09   -0.1295470985E-08   -0.2508423902E-08    0.0000000000E+00    0.0000000000E+00
   -0.3446331158E-12    0.4811882754E-11   -0.2209782075E-10    0.2447475300E-09    0.4748443212E-09    0.0000000000E+00    0.0000000000E+00
    0.4859030442E-13   -0.6745060543E-12    0.3092061653E-11   -0.3420172280E-10   -0.6643472665E-10    0.0000000000E+00    0.0000000000E+00
   -0.3747929966E-14    0.5180860809E-13   -0.2371998588E-12    0.2621204808E-11    0.5095111204E-11    0.0000000000E+00    0.0000000000E+00
