   40             3.00000 ng, rij 
     2.192     8.000                                       rcov,rprb 
 r                           (non)relativistic calculation
 PBE                         XC-functional
 26.000 16.000    0.2400000000    0.2454412018E+02    0.1082007172E+02    0.0000000000E+00    0.0000000000E+00  znuc,zion,rloc,gpot()
   2                                                       lpx, (Projectors for l=0..lpx)
    0.2461391638    0.4003149301E+00    0.8501893618E+01   -0.1097589746E+02    0.0000000000E+00   -0.0000000000E+00    0.0000000000E+00  r_l(),hsep(), so=+0.5
    0.1999426862   -0.1874217731E+02    0.2339279340E+02   -0.2767872642E+02    0.0000000000E+00   -0.0000000000E+00    0.0000000000E+00  r_l(),hsep(), so=+0.5
   -0.1937679750E+02    0.2360741366E+02   -0.2793266853E+02    0.0000000000E+00   -0.0000000000E+00    0.0000000000E+00         hsep(), so=-0.5
    0.2024295141   -0.1821560670E+02   -0.0000000000E+00    0.0000000000E+00    0.0000000000E+00   -0.0000000000E+00    0.0000000000E+00  r_l(),hsep(), so=+0.5
   -0.1824762309E+02   -0.0000000000E+00    0.0000000000E+00    0.0000000000E+00   -0.0000000000E+00    0.0000000000E+00         hsep(), so=-0.5
 ---------------------------------------------
 Additional information (last calculation):
 gaussian exponents:
 xp():   55.242717280199038        39.062500000000007        27.621358640099523        19.531250000000007        13.810679320049761        9.7656250000000053        6.9053396600248833        4.8828125000000053        3.4526698300124417        2.4414062500000027        1.7263349150062215        1.2207031250000016       0.86316745750311086       0.61035156250000089       0.43158372875155554       0.30517578125000050       0.21579186437577785       0.15258789062500031       0.10789593218788893        7.6293945312500153E-002   5.3947966093944470E-002   3.8146972656250090E-002   2.6973983046972256E-002   1.9073486328125052E-002   1.3486991523486126E-002   9.5367431640625278E-003   6.7434957617430640E-003   4.7683715820312647E-003   3.3717478808715329E-003   2.3841857910156328E-003   1.6858739404357673E-003   1.1920928955078166E-003   8.4293697021788365E-004   5.9604644775390842E-004   4.2146848510894182E-004   2.9802322387695437E-004   2.1073424255447105E-004   1.4901161193847713E-004   1.0536712127723554E-004   7.4505805969238607E-005
 orbital coefficients (one orbital per column)
 l,ispin:           0           1
 psi n=1,noccmax(l):
    0.6569027499E-01   -0.1954738531E-01   -0.6998729595E-02   -0.4268812105E-02   -0.3084914391E-02    0.0000000000E+00    0.0000000000E+00
   -0.2134688289E+00    0.7233283823E-01    0.2673479374E-01    0.1468074357E-01    0.8266381718E-02    0.0000000000E+00    0.0000000000E+00
   -0.7737904870E-02   -0.3074117689E-01   -0.1675031003E-01    0.2702443431E-02    0.2051994776E-01    0.0000000000E+00    0.0000000000E+00
    0.1133196577E+01   -0.2852404226E+00   -0.8447769191E-01   -0.9442334878E-01   -0.1298124453E+00    0.0000000000E+00    0.0000000000E+00
   -0.2891684813E+01    0.8174680938E+00    0.2580166111E+00    0.2456518469E+00    0.3041632124E+00    0.0000000000E+00    0.0000000000E+00
    0.3354321978E+01   -0.1040088897E+01   -0.3265508078E+00   -0.3235845137E+00   -0.4121916087E+00    0.0000000000E+00    0.0000000000E+00
   -0.1796851765E+01    0.5262677560E+00    0.1408645970E+00    0.2153801373E+00    0.3413309916E+00    0.0000000000E+00    0.0000000000E+00
   -0.3244480507E+01    0.9186086421E+00    0.3611555842E+00    0.1255710799E+00   -0.4519411931E-01    0.0000000000E+00    0.0000000000E+00
   -0.9837294689E+00    0.4334276676E+00    0.9121568252E-01    0.2398467952E+00    0.4377243186E+00    0.0000000000E+00    0.0000000000E+00
    0.8266295151E+00   -0.4807551283E+00   -0.1015675102E+00   -0.2791387627E+00   -0.5135411165E+00    0.0000000000E+00    0.0000000000E+00
    0.7653336283E+00   -0.3224568224E-01   -0.7948767793E-01    0.1773957312E+00    0.4529036994E+00    0.0000000000E+00    0.0000000000E+00
    0.1436682929E+01   -0.7311127316E+00   -0.1812640547E+00   -0.4044619490E+00   -0.7149827032E+00    0.0000000000E+00    0.0000000000E+00
    0.6826888234E+00   -0.2735843381E+00   -0.1731100522E+00    0.1762177371E+00    0.5345747177E+00    0.0000000000E+00    0.0000000000E+00
    0.6567585664E+00   -0.2992423229E+00   -0.2233512154E-01   -0.3586248922E+00   -0.7593079298E+00    0.0000000000E+00    0.0000000000E+00
    0.9074119946E-01   -0.1897949062E+00   -0.1698017938E+00    0.2529428309E+00    0.7052368095E+00    0.0000000000E+00    0.0000000000E+00
    0.1527099572E+00    0.3228670818E-01    0.1414405366E+00   -0.3131606292E+00   -0.8195938095E+00    0.0000000000E+00    0.0000000000E+00
   -0.5549196728E-01   -0.1504062844E+00   -0.2754942681E+00    0.2410944091E+00    0.8015886687E+00    0.0000000000E+00    0.0000000000E+00
    0.4839186093E-01    0.2345065776E+00    0.4103140395E+00   -0.1572931267E+00   -0.7720003136E+00    0.0000000000E+00    0.0000000000E+00
   -0.3351186852E-01    0.9395702771E-01   -0.2810347243E+00    0.2734560968E+00    0.9555720285E+00    0.0000000000E+00    0.0000000000E+00
    0.2335336217E-01    0.1172330374E+00    0.2907678912E+00   -0.2844787651E+00   -0.1064422480E+01    0.0000000000E+00    0.0000000000E+00
   -0.1604876681E-01    0.8584889579E-01   -0.1115854148E+00    0.4400494722E+00    0.1375576069E+01    0.0000000000E+00    0.0000000000E+00
    0.1089810518E-01    0.6159131713E-01    0.2515655379E+00   -0.2620767080E+00   -0.1355123991E+01    0.0000000000E+00    0.0000000000E+00
   -0.7319602057E-02    0.1917075595E-01   -0.1442446300E+00    0.2318806750E+00    0.1547707412E+01    0.0000000000E+00    0.0000000000E+00
    0.4866048599E-02    0.9504112843E-02    0.1060804965E+00   -0.8518421498E-01   -0.1650564487E+01    0.0000000000E+00    0.0000000000E+00
   -0.3203538233E-02   -0.9803353390E-03   -0.8342161351E-01   -0.7015587764E-01    0.1826427545E+01    0.0000000000E+00    0.0000000000E+00
    0.2088876711E-02    0.1440345076E-02    0.1317355722E-01    0.2167391207E+00   -0.1721738971E+01    0.0000000000E+00    0.0000000000E+00
   -0.1348655951E-02   -0.9195646372E-03   -0.5760642385E-01   -0.6345182806E+00   -0.4570810027E+00    0.0000000000E+00    0.0000000000E+00
    0.8614517240E-03    0.5927834842E-03   -0.1897473071E-01    0.3899549457E+00    0.2312420947E+01    0.0000000000E+00    0.0000000000E+00
   -0.5435419347E-03   -0.3700778910E-03    0.4715162319E-02   -0.7563454345E-03   -0.1699706962E+01    0.0000000000E+00    0.0000000000E+00
    0.3379463337E-03    0.2236554805E-03   -0.2374515685E-02   -0.2140990612E-02    0.6718066080E+00    0.0000000000E+00    0.0000000000E+00
   -0.2063037731E-03   -0.1307205616E-03    0.1329706475E-02    0.7538259270E-03   -0.3053543048E+00    0.0000000000E+00    0.0000000000E+00
    0.1230181830E-03    0.7374641687E-04   -0.7396786911E-03   -0.1497529049E-03    0.1457111430E+00    0.0000000000E+00    0.0000000000E+00
   -0.7113384690E-04   -0.4000785686E-04    0.3974024274E-03   -0.2333153705E-04   -0.7016148880E-01    0.0000000000E+00    0.0000000000E+00
    0.3948165238E-04    0.2073391673E-04   -0.2038918675E-03    0.4769188647E-04    0.3329614847E-01    0.0000000000E+00    0.0000000000E+00
   -0.2073349990E-04   -0.1015239844E-04    0.9879296864E-04   -0.3460929398E-04   -0.1526039020E-01    0.0000000000E+00    0.0000000000E+00
    0.1009203849E-04    0.4615040669E-05   -0.4445179431E-04    0.1902391213E-04    0.6598870694E-02    0.0000000000E+00    0.0000000000E+00
   -0.4418839281E-05   -0.1894749294E-05    0.1808015370E-04   -0.8680174508E-05   -0.2608746156E-02    0.0000000000E+00    0.0000000000E+00
    0.1663752563E-05    0.6728252038E-06   -0.6368157659E-05    0.3281585727E-05    0.9003233630E-03    0.0000000000E+00    0.0000000000E+00
   -0.5013129963E-06   -0.1925328993E-06    0.1809871384E-05   -0.9759483722E-06   -0.2521719280E-03    0.0000000000E+00    0.0000000000E+00
    0.1062938260E-06    0.3905875034E-07   -0.3651262934E-06    0.2028517029E-06    0.5034485842E-04    0.0000000000E+00    0.0000000000E+00
   -0.1172480626E-07   -0.4152872850E-08    0.3865016038E-07   -0.2190527969E-07   -0.5289523301E-05    0.0000000000E+00    0.0000000000E+00
 l,ispin:           1           1
 psi n=1,noccmax(l):
    0.4255041182E+00   -0.6869623578E-01   -0.3134112301E-01    0.2706016522E-01    0.1551662561E-01    0.0000000000E+00    0.0000000000E+00
   -0.1910838376E+01    0.3165637736E+00    0.1442386498E+00   -0.1250876927E+00   -0.7407137999E-01    0.0000000000E+00    0.0000000000E+00
    0.3712977828E+01   -0.6178520873E+00   -0.2846262832E+00    0.2425342435E+00    0.1238175418E+00    0.0000000000E+00    0.0000000000E+00
   -0.4150897214E+01    0.6653995484E+00    0.3171873454E+00   -0.2545062982E+00   -0.5685867751E-01    0.0000000000E+00    0.0000000000E+00
    0.2765531371E+01   -0.3683552491E+00   -0.1996262220E+00    0.1250931138E+00   -0.1441854347E+00    0.0000000000E+00    0.0000000000E+00
   -0.7262244635E+01    0.9733108297E+00    0.4675142162E+00   -0.3636821410E+00   -0.2915489230E-01    0.0000000000E+00    0.0000000000E+00
   -0.1540122624E+01    0.4858608022E+00    0.1562018096E+00   -0.2358475448E+00   -0.5944843223E+00    0.0000000000E+00    0.0000000000E+00
    0.8953129704E+00   -0.1690582251E+00   -0.1253257425E-01    0.1033423426E+00    0.4842509255E+00    0.0000000000E+00    0.0000000000E+00
    0.8643954585E+00   -0.1317333353E+00   -0.1185360074E+00    0.1932323890E-01   -0.3703985307E+00    0.0000000000E+00    0.0000000000E+00
    0.2427638237E+01   -0.5858347055E+00   -0.1950995351E+00    0.2778370249E+00    0.6571403705E+00    0.0000000000E+00    0.0000000000E+00
    0.1536585329E+01   -0.2185523754E+00   -0.1525932218E+00    0.5457899326E-01   -0.3208835953E+00    0.0000000000E+00    0.0000000000E+00
    0.1407255181E+01   -0.4002977793E+00   -0.1203854618E+00    0.2017740719E+00    0.5571925650E+00    0.0000000000E+00    0.0000000000E+00
    0.6661164933E+00   -0.9216490603E-01   -0.9134303664E-01    0.3113098038E-02   -0.3394317784E+00    0.0000000000E+00    0.0000000000E+00
    0.4140640214E+00   -0.1120839194E+00   -0.1125975808E-02    0.8116995267E-01    0.4043412597E+00    0.0000000000E+00    0.0000000000E+00
    0.1192042920E+00   -0.1740138429E-01   -0.5295190925E-01   -0.2597387818E-01   -0.3324092525E+00    0.0000000000E+00    0.0000000000E+00
    0.6707109768E-01    0.1505964928E-01    0.5114335234E-01    0.2370717740E-01    0.3126103686E+00    0.0000000000E+00    0.0000000000E+00
   -0.3822991690E-03   -0.1253891102E-01   -0.5299473824E-01   -0.1680512799E-01   -0.2878228572E+00    0.0000000000E+00    0.0000000000E+00
    0.8449562786E-02    0.5696793359E-01    0.8118320352E-01   -0.1778248011E-01    0.2339455317E+00    0.0000000000E+00    0.0000000000E+00
   -0.3971705825E-02    0.3375266517E-01   -0.3812716592E-01   -0.1960673624E-01   -0.2553928876E+00    0.0000000000E+00    0.0000000000E+00
    0.2410333641E-02    0.1719152365E-01    0.5368682925E-01    0.2119788681E-02    0.2254026804E+00    0.0000000000E+00    0.0000000000E+00
   -0.1396319803E-02    0.2309914917E-01   -0.2340690759E-01   -0.3132817856E-01   -0.2479140632E+00    0.0000000000E+00    0.0000000000E+00
    0.8001258920E-03    0.1334622653E-01    0.4291050819E-01    0.2904904080E-02    0.2074181314E+00    0.0000000000E+00    0.0000000000E+00
   -0.4530343705E-03    0.1006002094E-01   -0.2423689830E-01   -0.1099834976E-01   -0.2076640436E+00    0.0000000000E+00    0.0000000000E+00
    0.2535829353E-03    0.3248337596E-02    0.2214006075E-01   -0.1177225969E-02    0.1880156581E+00    0.0000000000E+00    0.0000000000E+00
   -0.1403684538E-03    0.2227511182E-02   -0.1363051149E-01    0.8018133933E-02   -0.1793210538E+00    0.0000000000E+00    0.0000000000E+00
    0.7684622811E-04    0.1667941952E-03    0.7805960742E-02   -0.1954279281E-01    0.1530740293E+00    0.0000000000E+00    0.0000000000E+00
   -0.4159795939E-04    0.2233867038E-03   -0.7713794992E-02    0.5117082828E-01    0.1080057280E-01    0.0000000000E+00    0.0000000000E+00
    0.2224875345E-04   -0.8582074725E-04   -0.2680726313E-02   -0.2529973238E-01   -0.1184983592E+00    0.0000000000E+00    0.0000000000E+00
   -0.1174200401E-04    0.4203188921E-04    0.1166034620E-03   -0.1384981170E-02    0.7786950441E-01    0.0000000000E+00    0.0000000000E+00
    0.6101724771E-05   -0.2027317847E-04    0.3604437368E-04    0.8164915565E-03   -0.2606405403E-01    0.0000000000E+00    0.0000000000E+00
   -0.3112119091E-05    0.9556266919E-05   -0.3247359763E-04   -0.3721325402E-03    0.9972830182E-02    0.0000000000E+00    0.0000000000E+00
    0.1550863636E-05   -0.4384737727E-05    0.1807945662E-04    0.1627433631E-03   -0.4003629970E-02    0.0000000000E+00    0.0000000000E+00
   -0.7502524178E-06    0.1950234290E-05   -0.8741353851E-05   -0.6941028511E-04    0.1624837158E-02    0.0000000000E+00    0.0000000000E+00
    0.3491441197E-06   -0.8355475279E-06    0.3900838033E-05    0.2875058323E-04   -0.6521992766E-03    0.0000000000E+00    0.0000000000E+00
   -0.1542862133E-06    0.3412690968E-06   -0.1626904994E-05   -0.1143711108E-04    0.2540803601E-03    0.0000000000E+00    0.0000000000E+00
    0.6353294627E-07   -0.1306804514E-06    0.6297824729E-06    0.4291581804E-05   -0.9398500052E-04    0.0000000000E+00    0.0000000000E+00
   -0.2370772050E-07    0.4569000436E-07   -0.2214157275E-06   -0.1477479849E-05    0.3203589318E-04    0.0000000000E+00    0.0000000000E+00
    0.7680361512E-08   -0.1398488666E-07    0.6795373113E-07    0.4469912764E-06   -0.9624358201E-05    0.0000000000E+00    0.0000000000E+00
   -0.2014755572E-08    0.3495877218E-08   -0.1700647072E-07   -0.1107658241E-06    0.2373152582E-05    0.0000000000E+00    0.0000000000E+00
    0.3770638588E-09   -0.6286170760E-09    0.3059163436E-08    0.1978859981E-07   -0.4224802432E-06    0.0000000000E+00    0.0000000000E+00
   -0.3727621343E-10    0.6016391933E-10   -0.2927805318E-09   -0.1884859161E-08    0.4014052728E-07    0.0000000000E+00    0.0000000000E+00
 l,ispin:           1           2
 psi n=1,noccmax(l):
   -0.4321976734E+00   -0.6968441111E-01   -0.3146428799E-01   -0.2706241826E-01   -0.1561340033E-01    0.0000000000E+00    0.0000000000E+00
    0.1956529102E+01    0.3242474660E+00    0.1461579854E+00    0.1263835123E+00    0.7575195871E-01    0.0000000000E+00    0.0000000000E+00
   -0.3825297232E+01   -0.6373932769E+00   -0.2902904218E+00   -0.2468105419E+00   -0.1289957547E+00    0.0000000000E+00    0.0000000000E+00
    0.4298371400E+01    0.6905996850E+00    0.3249340267E+00    0.2604274936E+00    0.6441553298E-01    0.0000000000E+00    0.0000000000E+00
   -0.2906630972E+01   -0.3906715376E+00   -0.2071840020E+00   -0.1309105973E+00    0.1359313008E+00    0.0000000000E+00    0.0000000000E+00
    0.7445029482E+01    0.9941225122E+00    0.4717768144E+00    0.3655029624E+00    0.3395994232E-01    0.0000000000E+00    0.0000000000E+00
    0.1495117976E+01    0.4856609372E+00    0.1549169509E+00    0.2353524201E+00    0.5903026145E+00    0.0000000000E+00    0.0000000000E+00
   -0.1024743181E+01   -0.1910161914E+00   -0.2199184623E-01   -0.1134248412E+00   -0.4902514602E+00    0.0000000000E+00    0.0000000000E+00
   -0.9550928919E+00   -0.1509861963E+00   -0.1255640305E+00   -0.2448158245E-01    0.3615036625E+00    0.0000000000E+00    0.0000000000E+00
   -0.2483957754E+01   -0.6004458598E+00   -0.1997711122E+00   -0.2829305404E+00   -0.6581704455E+00    0.0000000000E+00    0.0000000000E+00
   -0.1556863333E+01   -0.2232385213E+00   -0.1530151176E+00   -0.5344855689E-01    0.3183036536E+00    0.0000000000E+00    0.0000000000E+00
   -0.1410043271E+01   -0.4045461050E+00   -0.1213565980E+00   -0.2034884878E+00   -0.5552243479E+00    0.0000000000E+00    0.0000000000E+00
   -0.6573952372E+00   -0.8947075676E-01   -0.8904821505E-01    0.3650880392E-03    0.3394739405E+00    0.0000000000E+00    0.0000000000E+00
   -0.4066684653E+00   -0.1110943579E+00   -0.1008073358E-02   -0.8207759144E-01   -0.4020135927E+00    0.0000000000E+00    0.0000000000E+00
   -0.1132616734E+00   -0.1433959318E-01   -0.5076621554E-01    0.2918086605E-01    0.3325678068E+00    0.0000000000E+00    0.0000000000E+00
   -0.6449774189E-01    0.1635921132E-01    0.5090400205E-01   -0.2502424564E-01   -0.3111061833E+00    0.0000000000E+00    0.0000000000E+00
    0.1436220051E-02   -0.1052462844E-01   -0.5133646488E-01    0.1948584632E-01    0.2878911539E+00    0.0000000000E+00    0.0000000000E+00
   -0.8322869473E-02    0.5834117683E-01    0.8113185888E-01    0.1662911379E-01   -0.2326736983E+00    0.0000000000E+00    0.0000000000E+00
    0.4024346304E-02    0.3411274507E-01   -0.3776767716E-01    0.2085975084E-01    0.2543163027E+00    0.0000000000E+00    0.0000000000E+00
   -0.2425714517E-02    0.1784555403E-01    0.5361393609E-01   -0.3030351997E-02   -0.2240642106E+00    0.0000000000E+00    0.0000000000E+00
    0.1404436935E-02    0.2315070954E-01   -0.2304581555E-01    0.3240122412E-01    0.2468617563E+00    0.0000000000E+00    0.0000000000E+00
   -0.8041230007E-03    0.1336929788E-01    0.4248173379E-01   -0.4136451197E-02   -0.2068002809E+00    0.0000000000E+00    0.0000000000E+00
    0.4549886918E-03    0.9873349731E-02   -0.2411426635E-01    0.1180531508E-01    0.2067925731E+00    0.0000000000E+00    0.0000000000E+00
   -0.2545368088E-03    0.3191249260E-02    0.2181226418E-01    0.1301861960E-03   -0.1877671962E+00    0.0000000000E+00    0.0000000000E+00
    0.1408375664E-03    0.2134555590E-02   -0.1358672582E-01   -0.7310519591E-02    0.1790707600E+00    0.0000000000E+00    0.0000000000E+00
   -0.7708121781E-04    0.1526072479E-03    0.7622740273E-02    0.1842097342E-01   -0.1547113113E+00    0.0000000000E+00    0.0000000000E+00
    0.4171904793E-04    0.2093033273E-03   -0.7720503779E-02   -0.5023615464E-01   -0.7092993698E-02    0.0000000000E+00    0.0000000000E+00
   -0.2231330217E-04   -0.8154978878E-04   -0.2581764906E-02    0.2522909829E-01    0.1156828459E+00    0.0000000000E+00    0.0000000000E+00
    0.1177755279E-04    0.3997609111E-04    0.1022333289E-03    0.1250843838E-02   -0.7679884969E-01    0.0000000000E+00    0.0000000000E+00
   -0.6121777434E-05   -0.1929506883E-04    0.4050932665E-04   -0.7644769940E-03    0.2575858500E-01    0.0000000000E+00    0.0000000000E+00
    0.3123546336E-05    0.9100101058E-05   -0.3414062475E-04    0.3509687001E-03   -0.9865380629E-02    0.0000000000E+00    0.0000000000E+00
   -0.1557336839E-05   -0.4177255926E-05    0.1874466477E-04   -0.1539527187E-03    0.3962644075E-02    0.0000000000E+00    0.0000000000E+00
    0.7538369840E-06    0.1858619787E-05   -0.9011967363E-05    0.6576480949E-04   -0.1608750978E-02    0.0000000000E+00    0.0000000000E+00
   -0.3510515584E-06   -0.7965322270E-06    0.4010095991E-05   -0.2726568391E-04    0.6458881083E-03    0.0000000000E+00    0.0000000000E+00
    0.1552434859E-06    0.3254118943E-06   -0.1669757126E-05    0.1085262336E-04   -0.2516605199E-03    0.0000000000E+00    0.0000000000E+00
   -0.6397592835E-07   -0.1246322800E-06    0.6457359465E-06   -0.4073770275E-05    0.9309989898E-04    0.0000000000E+00    0.0000000000E+00
    0.2389113056E-07    0.4358198191E-07   -0.2268843192E-06    0.1402837178E-05   -0.3173659576E-04    0.0000000000E+00    0.0000000000E+00
   -0.7745390636E-08   -0.1334123508E-07    0.6960431628E-07   -0.4244793473E-06    0.9534952518E-05    0.0000000000E+00    0.0000000000E+00
    0.2033170469E-08    0.3335283549E-08   -0.1741499741E-07    0.1051991529E-06   -0.2351196569E-05    0.0000000000E+00    0.0000000000E+00
   -0.3807357427E-09   -0.5997812113E-09    0.3132105641E-08   -0.1879555431E-07    0.4185828598E-06    0.0000000000E+00    0.0000000000E+00
    0.3765835560E-10    0.5740708559E-10   -0.2997266135E-09    0.1790367519E-08   -0.3977099761E-07    0.0000000000E+00    0.0000000000E+00
 l,ispin:           2           1
 psi n=1,noccmax(l):
    0.3464659686E+00   -0.2360633075E-01   -0.2214538713E-01   -0.1075915983E-02   -0.7369376812E-01    0.0000000000E+00
    0.1279198939E+01   -0.8228394041E-01   -0.1112879720E+00   -0.1990869086E+00    0.4124466321E-01    0.0000000000E+00
   -0.6027814514E+01    0.3947307497E+00    0.4842026250E+00    0.6703885073E+00    0.2368276338E+00    0.0000000000E+00
    0.8024729472E+01   -0.5261277140E+00   -0.6465916194E+00   -0.9000665998E+00   -0.3063687216E+00    0.0000000000E+00
   -0.6493961839E+01    0.4242898734E+00    0.5357158885E+00    0.8072223371E+00    0.1234048622E+00    0.0000000000E+00
   -0.1306640864E+01    0.9479351861E-01    0.5916431322E-01   -0.1660269247E+00    0.5565207205E+00    0.0000000000E+00
   -0.1407635185E+02    0.9109045640E+00    0.1088328846E+01    0.1385279584E+01    0.7829467771E+00    0.0000000000E+00
   -0.3982742867E+01    0.2759362807E+00    0.2762890440E+00    0.1112820543E+00    0.7149767642E+00    0.0000000000E+00
   -0.4929911865E+01    0.3265867906E+00    0.4093884234E+00    0.6014215652E+00    0.1292403447E+00    0.0000000000E+00
   -0.2315831806E+01    0.1635268108E+00    0.1591704165E+00    0.4032424045E-01    0.4636872620E+00    0.0000000000E+00
   -0.1898934716E+01    0.1211607711E+00    0.1624659444E+00    0.2829599222E+00   -0.4459539859E-01    0.0000000000E+00
   -0.8153458013E+00    0.6028037190E-01    0.5006471049E-01   -0.3271501510E-01    0.2435036196E+00    0.0000000000E+00
   -0.5969389666E+00    0.3573306140E-01    0.5656526338E-01    0.1307243750E+00   -0.8514476598E-01    0.0000000000E+00
   -0.2120326480E+00    0.1488779768E-01    0.4069639010E-02   -0.5155574022E-01    0.1238541034E+00    0.0000000000E+00
   -0.1497188429E+00    0.8951177454E-02    0.2093022226E-01    0.6711901945E-01   -0.7146413227E-01    0.0000000000E+00
   -0.4503621032E-01    0.1408914502E-02   -0.7616506533E-02   -0.4404453934E-01    0.6656965447E-01    0.0000000000E+00
   -0.3362952580E-01    0.2806608189E-02    0.1118841557E-01    0.4078124327E-01   -0.4683917986E-01    0.0000000000E+00
   -0.7572809990E-02   -0.1732395010E-03   -0.7510576525E-02   -0.3154668211E-01    0.3769230853E-01    0.0000000000E+00
   -0.5540637163E-02   -0.3116119981E-02    0.2521376349E-02    0.2112539722E-01   -0.3464137430E-01    0.0000000000E+00
   -0.4811008873E-03    0.1741340614E-02   -0.3402419203E-02   -0.1835226331E-01    0.2618149014E-01    0.0000000000E+00
   -0.7934204806E-03   -0.2103338964E-02    0.2144498765E-02    0.1372596509E-01   -0.2247483441E-01    0.0000000000E+00
    0.1421802063E-03    0.5919969615E-03   -0.3747532457E-02   -0.1385572027E-01    0.1427011661E-01    0.0000000000E+00
   -0.1181699134E-03   -0.1935197391E-02    0.1224231795E-02    0.9248552987E-02   -0.1330212353E-01    0.0000000000E+00
    0.5152584684E-04    0.4099455904E-03   -0.2252396161E-02   -0.9545548794E-02    0.7269577698E-02    0.0000000000E+00
   -0.2511442890E-04   -0.9286731957E-03    0.5842899824E-03    0.6991729161E-02   -0.5139071959E-02    0.0000000000E+00
    0.1174775320E-04    0.9808047237E-04   -0.1041919725E-02   -0.8475543013E-02   -0.5914348780E-02    0.0000000000E+00
   -0.5376692476E-05   -0.4357792535E-03   -0.5672385955E-03    0.6129200573E-02    0.1752474592E-01    0.0000000000E+00
    0.2400736595E-05   -0.3999261326E-04    0.8941815909E-03   -0.5450510602E-03   -0.1423083497E-01    0.0000000000E+00
   -0.1044511672E-05   -0.5683629350E-05   -0.7949834108E-04   -0.8527885084E-03    0.5486455507E-02    0.0000000000E+00
    0.4423460787E-06    0.3949316650E-05    0.1815205071E-04    0.2727785926E-03   -0.1331940540E-02    0.0000000000E+00
   -0.1821308569E-06   -0.1806872395E-05   -0.5187642942E-05   -0.9237848385E-04    0.3970350733E-03    0.0000000000E+00
    0.7277992381E-07    0.7385859608E-06    0.1623936151E-05    0.3204651123E-04   -0.1281301345E-03    0.0000000000E+00
   -0.2813912304E-07   -0.2838400862E-06   -0.5285837102E-06   -0.1113644068E-04    0.4256400889E-04    0.0000000000E+00
    0.1046958329E-07    0.1038582715E-06    0.1736506372E-06    0.3817006837E-05   -0.1416318943E-04    0.0000000000E+00
   -0.3714202956E-08   -0.3612787580E-07   -0.5624064595E-07   -0.1270838836E-05    0.4622011955E-05    0.0000000000E+00
    0.1237437999E-08    0.1180905175E-07    0.1752295039E-07    0.4031493375E-06   -0.1446179463E-05    0.0000000000E+00
   -0.3777703523E-09   -0.3544485100E-08   -0.5091899274E-08   -0.1185305927E-06    0.4211408024E-06    0.0000000000E+00
    0.1015417279E-09    0.9391807123E-09    0.1319857129E-08    0.3095909667E-07   -0.1092638396E-06    0.0000000000E+00
   -0.2246954433E-10   -0.2054114063E-09   -0.2843792278E-09   -0.6703600790E-08    0.2354802935E-07    0.0000000000E+00
    0.3613269323E-11    0.3272622525E-10    0.4484626521E-10    0.1060546451E-08   -0.3713124556E-08    0.0000000000E+00
   -0.3130043868E-12   -0.2814505803E-11   -0.3829919749E-11   -0.9076034606E-10    0.3170250831E-09    0.0000000000E+00
 l,ispin:           2           2
 psi n=1,noccmax(l):
   -0.3496861712E+00   -0.2350559467E-01   -0.2205388666E-01   -0.1088828511E-02   -0.7384962685E-01    0.0000000000E+00
   -0.1283402659E+01   -0.8141089755E-01   -0.1103590538E+00   -0.1978889359E+00    0.4283139489E-01    0.0000000000E+00
    0.6059397039E+01    0.3913874540E+00    0.4807317807E+00    0.6665571521E+00    0.2324300976E+00    0.0000000000E+00
   -0.8070126107E+01   -0.5219039100E+00   -0.6422310285E+00   -0.8952273006E+00   -0.3007632926E+00    0.0000000000E+00
    0.6535556886E+01    0.4211963652E+00    0.5325531560E+00    0.8034587222E+00    0.1186920429E+00    0.0000000000E+00
    0.1311897880E+01    0.9396873947E-01    0.5832279684E-01   -0.1659785750E+00    0.5578538412E+00    0.0000000000E+00
    0.1417243549E+02    0.9044162346E+00    0.1081747601E+01    0.1378464289E+01    0.7756101857E+00    0.0000000000E+00
    0.4021214387E+01    0.2749398140E+00    0.2754162359E+00    0.1113499069E+00    0.7163012700E+00    0.0000000000E+00
    0.4961542395E+01    0.3242847458E+00    0.4070432454E+00    0.5986818739E+00    0.1258651774E+00    0.0000000000E+00
    0.2327565441E+01    0.1622637910E+00    0.1578804029E+00    0.3960493222E-01    0.4637754611E+00    0.0000000000E+00
    0.1906057380E+01    0.1199197342E+00    0.1611516984E+00    0.2812863344E+00   -0.4679225658E-01    0.0000000000E+00
    0.8172113207E+00    0.5969152402E-01    0.4944878419E-01   -0.3299080143E-01    0.2437230578E+00    0.0000000000E+00
    0.5974144876E+00    0.3520953718E-01    0.5599398616E-01    0.1298901023E+00   -0.8635234435E-01    0.0000000000E+00
    0.2117450053E+00    0.1467094888E-01    0.3840712522E-02   -0.5157600015E-01    0.1241411072E+00    0.0000000000E+00
    0.1493503373E+00    0.8783097608E-02    0.2073973355E-01    0.6675412807E-01   -0.7207742542E-01    0.0000000000E+00
    0.4471334016E-01    0.1331352973E-02   -0.7697275268E-02   -0.4399250283E-01    0.6681778379E-01    0.0000000000E+00
    0.3338773884E-01    0.2760411372E-02    0.1113245776E-01    0.4061318607E-01   -0.4716911510E-01    0.0000000000E+00
    0.7402580994E-02   -0.2110300870E-03   -0.7552730531E-02   -0.3150677470E-01    0.3785600501E-01    0.0000000000E+00
    0.5469476938E-02   -0.3129702632E-02    0.2507308730E-02    0.2104291856E-01   -0.3482566893E-01    0.0000000000E+00
    0.4408823836E-03    0.1730637793E-02   -0.3415669988E-02   -0.1831225194E-01    0.2630282541E-01    0.0000000000E+00
    0.7796259563E-03   -0.2107523590E-02    0.2138947310E-02    0.1367337953E-01   -0.2259897403E-01    0.0000000000E+00
   -0.1467534910E-03    0.5865204886E-03   -0.3753439451E-02   -0.1382416105E-01    0.1436209734E-01    0.0000000000E+00
    0.1174835874E-03   -0.1935359899E-02    0.1224636668E-02    0.9218325524E-02   -0.1338545093E-01    0.0000000000E+00
   -0.5166868182E-04    0.4078199923E-03   -0.2254562390E-02   -0.9521885747E-02    0.7343965476E-02    0.0000000000E+00
    0.2512370674E-04   -0.9281694175E-03    0.5856520748E-03    0.6972149932E-02   -0.5211083912E-02    0.0000000000E+00
   -0.1175173415E-04    0.9740138630E-04   -0.1043098538E-02   -0.8457176633E-02   -0.5824533459E-02    0.0000000000E+00
    0.5377911233E-05   -0.4352491385E-03   -0.5631128196E-03    0.6127378455E-02    0.1745510792E-01    0.0000000000E+00
   -0.2401335104E-05   -0.3978310170E-04    0.8925905045E-03   -0.5510765163E-03   -0.1420277437E-01    0.0000000000E+00
    0.1044930139E-05   -0.5704212133E-05   -0.7944102311E-04   -0.8495155294E-03    0.5480977909E-02    0.0000000000E+00
   -0.4426402861E-06    0.3952900302E-05    0.1814282874E-04    0.2718132182E-03   -0.1331524415E-02    0.0000000000E+00
    0.1823158904E-06   -0.1807556119E-05   -0.5185265165E-05   -0.9206172489E-04    0.3970575962E-03    0.0000000000E+00
   -0.7288328257E-07    0.7387104699E-06    0.1623196091E-05    0.3193846205E-04   -0.1281655951E-03    0.0000000000E+00
    0.2819102401E-07   -0.2838582732E-06   -0.5283373814E-06   -0.1109927926E-04    0.4258169200E-04    0.0000000000E+00
   -0.1049324491E-07    0.1038588993E-06    0.1735676539E-06    0.3804356618E-05   -0.1417035335E-04    0.0000000000E+00
    0.3724029358E-08   -0.3612685752E-07   -0.5621321129E-07   -0.1266646804E-05    0.4624627548E-05    0.0000000000E+00
   -0.1241135595E-08    0.1180847170E-07    0.1751427323E-07    0.4018238726E-06   -0.1447056381E-05    0.0000000000E+00
    0.3790100542E-09   -0.3544264589E-08   -0.5089351619E-08   -0.1181418007E-06    0.4214077444E-06    0.0000000000E+00
   -0.1018997523E-09    0.9391144809E-09    0.1319192205E-08    0.3085771697E-07   -0.1093351482E-06    0.0000000000E+00
    0.2255322502E-10   -0.2053958274E-09   -0.2842353220E-09   -0.6681675114E-08    0.2356370059E-07    0.0000000000E+00
   -0.3627295387E-11    0.3272363090E-10    0.4482350696E-10    0.1057080648E-08   -0.3715628530E-08    0.0000000000E+00
    0.3142579266E-12   -0.2814276422E-11   -0.3827972704E-11   -0.9046392779E-10    0.3172408081E-09    0.0000000000E+00
 l,ispin:           3           1
 psi n=1,noccmax(l):
    0.1267568661E-01   -0.7521161027E-02   -0.2423540475E+00    0.1324900104E-01    0.2724417645E+01
   -0.3455246487E-01    0.2032238890E-01    0.6627961329E+00   -0.3572978501E-01   -0.7456131455E+01
    0.5160595835E-01   -0.3008942033E-01   -0.9932123915E+00    0.5280797125E-01    0.1118110925E+02
   -0.5713025904E-01    0.3331565872E-01    0.1100019970E+01   -0.5851629792E-01   -0.1238422701E+02
    0.5312654893E-01   -0.3135206827E-01   -0.1019506932E+01    0.5529881198E-01    0.1146853587E+02
   -0.4419231561E-01    0.2646041512E-01    0.8447099819E+00   -0.4692138061E-01   -0.9492837324E+01
    0.3363787797E-01   -0.1967360731E-01   -0.6493237612E+00    0.3477299958E-01    0.7311751116E+01
   -0.2413544014E-01    0.1339349221E-01    0.4752232771E+00   -0.2344544893E-01   -0.5373057523E+01
    0.1746909002E-01   -0.1021127970E-01   -0.3393381481E+00    0.1820996517E-01    0.3823884154E+01
   -0.1226950420E-01    0.7395862911E-02    0.2371150303E+00   -0.1339693024E-01   -0.2667121863E+01
    0.7986373361E-02   -0.4267194395E-02   -0.1619486350E+00    0.7626167076E-02    0.1838626897E+01
   -0.5671476440E-02    0.3463462333E-02    0.1113719178E+00   -0.6474756304E-02   -0.1253881446E+01
    0.3550203831E-02   -0.1848878404E-02   -0.7483586446E-01    0.3460059605E-02    0.8530823145E+00
   -0.2591353607E-02    0.1737671007E-02    0.5139504470E-01   -0.3471070830E-02   -0.5765071695E+00
    0.1600562605E-02   -0.9763631556E-03   -0.3443333518E-01    0.2049600465E-02    0.3905498570E+00
   -0.1179213410E-02    0.9690752600E-03    0.2375255803E-01   -0.2165701882E-02   -0.2633882281E+00
    0.7036703221E-03   -0.5862554121E-03   -0.1598426806E-01    0.1489713631E-02    0.1785450532E+00
   -0.4466342976E-03    0.4689889841E-03    0.1098969979E-01   -0.1385471298E-02   -0.1208780863E+00
    0.1039187379E-03   -0.3762133168E-04   -0.7076451475E-02    0.5519773852E-03    0.8302723501E-01
   -0.4553684395E-04    0.7759884231E-04    0.4926362508E-02   -0.6222364068E-03   -0.5674287194E-01
   -0.2658501159E-04   -0.2889914036E-04   -0.3356228491E-02    0.4971454812E-03    0.3926282108E-01
    0.2623039108E-04    0.1000855773E-03    0.2488973549E-02   -0.7309445553E-03   -0.2699704146E-01
   -0.9722470997E-04    0.3313046309E-04   -0.1607756505E-02    0.4901401617E-03    0.1925477699E-01
    0.4638482246E-04    0.4598714500E-04    0.1277509666E-02   -0.7437870100E-03   -0.1348597480E-01
   -0.6077561228E-04    0.3258780187E-04   -0.8553221832E-03    0.7261032272E-03    0.9886423921E-02
    0.2147221770E-04    0.5448867462E-05    0.7879148379E-03   -0.1427554096E-02   -0.5811412484E-02
   -0.3515448593E-04    0.1287192318E-03   -0.3171932708E-03    0.1531418158E-02    0.1941268234E-02
   -0.1190206160E-04   -0.7143095890E-04   -0.5538235432E-04   -0.8144176001E-03   -0.1810277629E-04
    0.1170054558E-05    0.3361959966E-05    0.6763446208E-04    0.2301083417E-03   -0.3084729702E-03
   -0.2192317978E-06   -0.5626462160E-06   -0.1724886166E-04   -0.4072538148E-04    0.1563116272E-03
    0.4913635847E-07    0.1287850622E-06    0.4794766293E-05    0.9366344802E-05   -0.4848343215E-04
   -0.1201945805E-07   -0.3333840377E-07   -0.1378352293E-05   -0.2406786855E-05    0.1434328266E-04
    0.3089974677E-08    0.9092317499E-08    0.3992946719E-06    0.6496196759E-06   -0.4179142464E-05
   -0.8144237598E-09   -0.2519575190E-08   -0.1146990221E-06   -0.1781966443E-06    0.1198297545E-05
    0.2151453667E-09    0.6917622715E-09    0.3218669326E-07    0.4849526823E-07   -0.3348848725E-06
   -0.5554557735E-10   -0.1836779288E-09   -0.8661728240E-08   -0.1278398223E-07    0.8972397736E-07
    0.1357458660E-10    0.4578042791E-10    0.2176843005E-08    0.3168199244E-08   -0.2245981456E-07
   -0.3001931571E-11   -0.1026137866E-10   -0.4904332482E-09   -0.7070079919E-09    0.5043350196E-08
    0.5598235946E-12    0.1931075025E-11    0.9258694943E-10    0.1326055346E-09   -0.9495905582E-09
   -0.7755877941E-13   -0.2691587354E-12   -0.1293027796E-10   -0.1843641097E-10    0.1323414995E-09
    0.5910129506E-14    0.2059291465E-13    0.9904650496E-12    0.1407896550E-11   -0.1012138966E-10
 l,ispin:           3           2
 psi n=1,noccmax(l):
    0.1267568661E-01   -0.7521161027E-02   -0.2423540475E+00    0.1324900104E-01    0.2724417645E+01
   -0.3455246487E-01    0.2032238890E-01    0.6627961329E+00   -0.3572978501E-01   -0.7456131455E+01
    0.5160595835E-01   -0.3008942033E-01   -0.9932123915E+00    0.5280797125E-01    0.1118110925E+02
   -0.5713025904E-01    0.3331565872E-01    0.1100019970E+01   -0.5851629792E-01   -0.1238422701E+02
    0.5312654893E-01   -0.3135206827E-01   -0.1019506932E+01    0.5529881198E-01    0.1146853587E+02
   -0.4419231561E-01    0.2646041512E-01    0.8447099819E+00   -0.4692138061E-01   -0.9492837324E+01
    0.3363787797E-01   -0.1967360731E-01   -0.6493237612E+00    0.3477299958E-01    0.7311751116E+01
   -0.2413544014E-01    0.1339349221E-01    0.4752232771E+00   -0.2344544893E-01   -0.5373057523E+01
    0.1746909002E-01   -0.1021127970E-01   -0.3393381481E+00    0.1820996517E-01    0.3823884154E+01
   -0.1226950420E-01    0.7395862911E-02    0.2371150303E+00   -0.1339693024E-01   -0.2667121863E+01
    0.7986373361E-02   -0.4267194395E-02   -0.1619486350E+00    0.7626167076E-02    0.1838626897E+01
   -0.5671476440E-02    0.3463462333E-02    0.1113719178E+00   -0.6474756304E-02   -0.1253881446E+01
    0.3550203831E-02   -0.1848878404E-02   -0.7483586446E-01    0.3460059605E-02    0.8530823145E+00
   -0.2591353607E-02    0.1737671007E-02    0.5139504470E-01   -0.3471070830E-02   -0.5765071695E+00
    0.1600562605E-02   -0.9763631556E-03   -0.3443333518E-01    0.2049600465E-02    0.3905498570E+00
   -0.1179213410E-02    0.9690752600E-03    0.2375255803E-01   -0.2165701882E-02   -0.2633882281E+00
    0.7036703221E-03   -0.5862554121E-03   -0.1598426806E-01    0.1489713631E-02    0.1785450532E+00
   -0.4466342976E-03    0.4689889841E-03    0.1098969979E-01   -0.1385471298E-02   -0.1208780863E+00
    0.1039187379E-03   -0.3762133168E-04   -0.7076451475E-02    0.5519773852E-03    0.8302723501E-01
   -0.4553684395E-04    0.7759884231E-04    0.4926362508E-02   -0.6222364068E-03   -0.5674287194E-01
   -0.2658501159E-04   -0.2889914036E-04   -0.3356228491E-02    0.4971454812E-03    0.3926282108E-01
    0.2623039108E-04    0.1000855773E-03    0.2488973549E-02   -0.7309445553E-03   -0.2699704146E-01
   -0.9722470997E-04    0.3313046309E-04   -0.1607756505E-02    0.4901401617E-03    0.1925477699E-01
    0.4638482246E-04    0.4598714500E-04    0.1277509666E-02   -0.7437870100E-03   -0.1348597480E-01
   -0.6077561228E-04    0.3258780187E-04   -0.8553221832E-03    0.7261032272E-03    0.9886423921E-02
    0.2147221770E-04    0.5448867462E-05    0.7879148379E-03   -0.1427554096E-02   -0.5811412484E-02
   -0.3515448593E-04    0.1287192318E-03   -0.3171932708E-03    0.1531418158E-02    0.1941268234E-02
   -0.1190206160E-04   -0.7143095890E-04   -0.5538235432E-04   -0.8144176001E-03   -0.1810277629E-04
    0.1170054558E-05    0.3361959966E-05    0.6763446208E-04    0.2301083417E-03   -0.3084729702E-03
   -0.2192317978E-06   -0.5626462160E-06   -0.1724886166E-04   -0.4072538148E-04    0.1563116272E-03
    0.4913635847E-07    0.1287850622E-06    0.4794766293E-05    0.9366344802E-05   -0.4848343215E-04
   -0.1201945805E-07   -0.3333840377E-07   -0.1378352293E-05   -0.2406786855E-05    0.1434328266E-04
    0.3089974677E-08    0.9092317499E-08    0.3992946719E-06    0.6496196759E-06   -0.4179142464E-05
   -0.8144237598E-09   -0.2519575190E-08   -0.1146990221E-06   -0.1781966443E-06    0.1198297545E-05
    0.2151453667E-09    0.6917622715E-09    0.3218669326E-07    0.4849526823E-07   -0.3348848725E-06
   -0.5554557735E-10   -0.1836779288E-09   -0.8661728240E-08   -0.1278398223E-07    0.8972397736E-07
    0.1357458660E-10    0.4578042791E-10    0.2176843005E-08    0.3168199244E-08   -0.2245981456E-07
   -0.3001931571E-11   -0.1026137866E-10   -0.4904332482E-09   -0.7070079919E-09    0.5043350196E-08
    0.5598235946E-12    0.1931075025E-11    0.9258694943E-10    0.1326055346E-09   -0.9495905582E-09
   -0.7755877941E-13   -0.2691587354E-12   -0.1293027796E-10   -0.1843641097E-10    0.1323414995E-09
    0.5910129506E-14    0.2059291465E-13    0.9904650496E-12    0.1407896550E-11   -0.1012138966E-10
