   40             4.00000 ng, rij 
     2.450     4.900                                       rcov,rprb 
 r                           (non)relativistic calculation
 PBE                         XC-functional
100.000 22.000    0.4400000000    0.3977442009E+02   -0.1229545585E+01    0.0000000000E+00    0.0000000000E+00  znuc,zion,rloc,gpot()
   3                                                       lpx, (Projectors for l=0..lpx)
    0.4506212121   -0.2250563662E+01    0.1917521521E+01   -0.9914156883E+00    0.9124462584E+00   -0.2355926109E+01    0.1869958377E+01  r_l(),hsep(), so=+0.5
    0.3756962597    0.2372370858E+01    0.1297365088E+01   -0.4866943487E+01   -0.2001312690E+01    0.4735970219E+01   -0.3365879193E+01  r_l(),hsep(), so=+0.5
   -0.5113506213E+01    0.7221202782E+01   -0.1243882753E+02   -0.2339304463E+01    0.5535804737E+01   -0.3934325834E+01         hsep(), so=-0.5
    0.5990220648    0.4190178973E+00    0.4341136746E+00   -0.4922386387E+00    0.0000000000E+00   -0.0000000000E+00    0.0000000000E+00  r_l(),hsep(), so=+0.5
    0.2455444629E+00    0.3973394210E+00   -0.4505405546E+00    0.0000000000E+00   -0.0000000000E+00    0.0000000000E+00         hsep(), so=-0.5
    0.2948742041   -0.1780997842E+02   -0.0000000000E+00    0.0000000000E+00    0.0000000000E+00   -0.0000000000E+00    0.0000000000E+00  r_l(),hsep(), so=+0.5
   -0.1799293629E+02   -0.0000000000E+00    0.0000000000E+00    0.0000000000E+00   -0.0000000000E+00    0.0000000000E+00         hsep(), so=-0.5
 ---------------------------------------------
 Additional information (last calculation):
 gaussian exponents:
 xp():   29.219288478782964        20.661157024793393        14.609644239391482        10.330578512396698        7.3048221196957410        5.1652892561983483        3.6524110598478727        2.5826446280991764        1.8262055299239359        1.2913223140495882       0.91310276496196829       0.64566115702479421       0.45655138248098415       0.32283057851239710       0.22827569124049221       0.16141528925619864       0.11413784562024613        8.0707644628099331E-002   5.7068922810123081E-002   4.0353822314049680E-002   2.8534461405061544E-002   2.0176911157024843E-002   1.4267230702530779E-002   1.0088455578512425E-002   7.1336153512653894E-003   5.0442277892562143E-003   3.5668076756326952E-003   2.5221138946281067E-003   1.7834038378163480E-003   1.2610569473140536E-003   8.9170191890817433E-004   6.3052847365702700E-004   4.4585095945408727E-004   3.1526423682851350E-004   2.2292547972704369E-004   1.5763211841425683E-004   1.1146273986352186E-004   7.8816059207128402E-005   5.5731369931760957E-005   3.9408029603564228E-005
 orbital coefficients (one orbital per column)
 l,ispin:           0           1
 psi n=1,noccmax(l):
   -0.5758433055E-01    0.1514689017E-01    0.7459394258E-02    0.7563711703E-02    0.0000000000E+00    0.0000000000E+00    0.0000000000E+00    0.4910651191E-01    0.1265727030E-01
    0.4124398113E+00   -0.1200805392E+00   -0.6185159270E-01   -0.6044336758E-01    0.0000000000E+00    0.0000000000E+00    0.0000000000E+00   -0.1165658127E+00   -0.2691816747E-01
   -0.1336694285E+01    0.4109346085E+00    0.2151562488E+00    0.2079972131E+00    0.0000000000E+00    0.0000000000E+00    0.0000000000E+00    0.2926685736E-02   -0.1537591060E-01
    0.2565000993E+01   -0.8069669100E+00   -0.4214186345E+00   -0.4105360315E+00    0.0000000000E+00    0.0000000000E+00    0.0000000000E+00    0.3182385258E+00    0.1207817150E+00
   -0.3239704518E+01    0.1019456019E+01    0.5188450311E+00    0.5226714585E+00    0.0000000000E+00    0.0000000000E+00    0.0000000000E+00   -0.4545877538E+00   -0.1758059432E+00
    0.2561504867E+01   -0.7731783941E+00   -0.3535030236E+00   -0.4045338351E+00    0.0000000000E+00    0.0000000000E+00    0.0000000000E+00   -0.1137889216E+00    0.3267643386E-01
   -0.9135474569E+00    0.2073159884E+00    0.3822376481E-02    0.1228228758E+00    0.0000000000E+00    0.0000000000E+00    0.0000000000E+00    0.9470011440E+00    0.2080387871E+00
    0.3281558564E+01   -0.1089389524E+01   -0.4719107102E+00   -0.5721472579E+00    0.0000000000E+00    0.0000000000E+00    0.0000000000E+00    0.1335233839E+01    0.3809286956E+00
   -0.7397144524E+01    0.2573686650E+01    0.1289100024E+01    0.1337285143E+01    0.0000000000E+00    0.0000000000E+00    0.0000000000E+00   -0.3446298794E+01   -0.1012380261E+01
    0.2038769740E+01   -0.5963778491E+00   -0.1422694163E+00   -0.3415245002E+00    0.0000000000E+00    0.0000000000E+00    0.0000000000E+00    0.1439928656E+00    0.1062314835E+00
   -0.9449927883E+00    0.2343388084E+00   -0.9720446492E-01    0.1490447229E+00    0.0000000000E+00    0.0000000000E+00    0.0000000000E+00   -0.1328394622E+00   -0.7488784533E-01
    0.2197238085E+01   -0.7864935081E+00   -0.1764624806E+00   -0.4049413283E+00    0.0000000000E+00    0.0000000000E+00    0.0000000000E+00    0.7371653901E+00    0.2635414391E+00
   -0.1032727772E+00   -0.1464404330E+00   -0.4102948609E+00   -0.1345419514E+00    0.0000000000E+00    0.0000000000E+00    0.0000000000E+00    0.2943970495E+00    0.4774267378E-01
    0.1024307373E+01   -0.7088119235E+00   -0.1199416090E+00   -0.3515601073E+00    0.0000000000E+00    0.0000000000E+00    0.0000000000E+00    0.3924037471E+00    0.2291640388E+00
   -0.3183043528E+00    0.5525177429E+00    0.2055858328E+00    0.4841008108E+00    0.0000000000E+00    0.0000000000E+00    0.0000000000E+00    0.7445934659E-01   -0.1218664887E+00
    0.3624116543E+00   -0.7402576050E+00   -0.7551361462E+00   -0.1215805650E+01    0.0000000000E+00    0.0000000000E+00    0.0000000000E+00    0.1081809482E+00    0.1921151072E+00
   -0.2274563799E+00    0.4464276291E+00    0.9367609186E+00    0.1714971399E+01    0.0000000000E+00    0.0000000000E+00    0.0000000000E+00   -0.1921731514E-02   -0.7212695953E-01
    0.1611488018E+00   -0.4831807069E-01   -0.7052082230E+00   -0.1876623644E+01    0.0000000000E+00    0.0000000000E+00    0.0000000000E+00    0.1899908959E-01    0.3212013658E-02
   -0.1104179291E+00    0.1576204121E+00    0.5065549742E+00    0.1959328526E+01    0.0000000000E+00    0.0000000000E+00    0.0000000000E+00   -0.7264032270E-02   -0.3511457467E-02
    0.7472258407E-01    0.7254926991E-01    0.7651020943E-01   -0.1216046661E+01    0.0000000000E+00    0.0000000000E+00    0.0000000000E+00    0.4652495634E-02   -0.2179497412E-01
   -0.4984576446E-01    0.8216100811E-01    0.1917586780E+00    0.1691326103E+01    0.0000000000E+00    0.0000000000E+00    0.0000000000E+00   -0.2596937055E-02   -0.1666824660E-01
    0.3276369180E-01    0.3327963892E-02    0.1996196774E-01   -0.9168521463E+00    0.0000000000E+00    0.0000000000E+00    0.0000000000E+00    0.1436480248E-02   -0.1167953289E-01
   -0.2121140742E-01    0.9819968156E-02   -0.2648411108E+00   -0.1482642886E+01    0.0000000000E+00    0.0000000000E+00    0.0000000000E+00   -0.7775488188E-03   -0.2341152099E-02
    0.1351975222E-01   -0.5785679650E-02   -0.2228264678E-01    0.1538827301E+01    0.0000000000E+00    0.0000000000E+00    0.0000000000E+00    0.4116850155E-03    0.2831703545E-03
   -0.8479569707E-02    0.3502328963E-02    0.1556993451E-01   -0.5266627643E+00    0.0000000000E+00    0.0000000000E+00    0.0000000000E+00   -0.2131771879E-03   -0.8432852879E-04
    0.5230373420E-02   -0.2074101381E-02   -0.9615071387E-02    0.2360982903E+00    0.0000000000E+00    0.0000000000E+00    0.0000000000E+00    0.1079942820E-03    0.3039174283E-04
   -0.3170661261E-02    0.1200783763E-02    0.5656517029E-02   -0.1159327387E+00    0.0000000000E+00    0.0000000000E+00    0.0000000000E+00   -0.5356127472E-04   -0.1188276004E-04
    0.1887421498E-02   -0.6807773807E-03   -0.3222456071E-02    0.5903986288E-01    0.0000000000E+00    0.0000000000E+00    0.0000000000E+00    0.2602952771E-04    0.4853289179E-05
   -0.1102132927E-02    0.3785954223E-03    0.1791195947E-02   -0.3049770302E-01    0.0000000000E+00    0.0000000000E+00    0.0000000000E+00   -0.1240427507E-04   -0.2032690693E-05
    0.6303971476E-03   -0.2067017117E-03   -0.9751266356E-03    0.1580210502E-01    0.0000000000E+00    0.0000000000E+00    0.0000000000E+00    0.5798178430E-05    0.8629243634E-06
   -0.3524313134E-03    0.1107377394E-03    0.5204699993E-03   -0.8152411430E-02    0.0000000000E+00    0.0000000000E+00    0.0000000000E+00   -0.2656890383E-05   -0.3680286569E-06
    0.1919433703E-03   -0.5807837056E-04   -0.2719424141E-03    0.4159971755E-02    0.0000000000E+00    0.0000000000E+00    0.0000000000E+00    0.1191144048E-05    0.1564193499E-06
   -0.1013127078E-03    0.2967719763E-04    0.1384814952E-03   -0.2083508227E-02    0.0000000000E+00    0.0000000000E+00    0.0000000000E+00   -0.5203822976E-06   -0.6568435114E-07
    0.5141225983E-04   -0.1465590380E-04   -0.6818614632E-04    0.1013948586E-02    0.0000000000E+00    0.0000000000E+00    0.0000000000E+00    0.2200000189E-06    0.2696870112E-07
   -0.2477685867E-04    0.6906978008E-05    0.3205575190E-04   -0.4727480412E-03    0.0000000000E+00    0.0000000000E+00    0.0000000000E+00   -0.8899720348E-07   -0.1067713259E-07
    0.1112980162E-04   -0.3047187896E-05   -0.1411419778E-04    0.2069336270E-03    0.0000000000E+00    0.0000000000E+00    0.0000000000E+00    0.3384908000E-07    0.3997138324E-08
   -0.4529354528E-05    0.1222439202E-05    0.5653299080E-05   -0.8254064445E-04    0.0000000000E+00    0.0000000000E+00    0.0000000000E+00   -0.1177920484E-07   -0.1374929317E-08
    0.1597983542E-05   -0.4264689559E-06   -0.1969833723E-05    0.2867547813E-04    0.0000000000E+00    0.0000000000E+00    0.0000000000E+00    0.3593814148E-08    0.4159474704E-09
   -0.4551115444E-06    0.1204085856E-06    0.5556343993E-06   -0.8071558395E-05    0.0000000000E+00    0.0000000000E+00    0.0000000000E+00   -0.8964050765E-09   -0.1031107159E-09
    0.9201003368E-07   -0.2418152439E-07   -0.1115070759E-06    0.1617417304E-05    0.0000000000E+00    0.0000000000E+00    0.0000000000E+00    0.1609514912E-09    0.1843078267E-10
   -0.9758478358E-08    0.2551759696E-08    0.1176040742E-07   -0.1704045631E-06    0.0000000000E+00    0.0000000000E+00    0.0000000000E+00   -0.1538918882E-10   -0.1756508549E-11
 l,ispin:           1           1
 psi n=1,noccmax(l):
    0.4910651191E-01    0.1265727030E-01    0.1307175720E-01    0.3647207648E-02    0.0000000000E+00    0.0000000000E+00    0.0000000000E+00   -0.5879927876E-01    0.3402742934E-01
   -0.1165658127E+00   -0.2691816747E-01   -0.3402771125E-01    0.6432109649E-02    0.0000000000E+00    0.0000000000E+00    0.0000000000E+00    0.1785844277E+00   -0.1013326425E+00
    0.2926685736E-02   -0.1537591060E-01    0.1567462397E-01   -0.7646608745E-01    0.0000000000E+00    0.0000000000E+00    0.0000000000E+00   -0.2469912898E+00    0.1315604123E+00
    0.3182385258E+00    0.1207817150E+00    0.5094294044E-01    0.2037012264E+00    0.0000000000E+00    0.0000000000E+00    0.0000000000E+00    0.1898533182E+00   -0.8106128392E-01
   -0.4545877538E+00   -0.1758059432E+00   -0.7764353048E-01   -0.2901582245E+00    0.0000000000E+00    0.0000000000E+00    0.0000000000E+00   -0.8738241199E-01    0.6124249290E-02
   -0.1137889216E+00    0.3267643386E-01   -0.5310068471E-01    0.2148212195E+00    0.0000000000E+00    0.0000000000E+00    0.0000000000E+00    0.7511889319E-01    0.3640231130E-02
    0.9470011440E+00    0.2080387871E+00    0.2613780292E+00   -0.4771574565E-01    0.0000000000E+00    0.0000000000E+00    0.0000000000E+00   -0.1798167048E+00    0.7021534188E-01
    0.1335233839E+01    0.3809286956E+00    0.2054807077E+00    0.5006862652E+00    0.0000000000E+00    0.0000000000E+00    0.0000000000E+00   -0.4262944776E-01    0.6393386870E-01
   -0.3446298794E+01   -0.1012380261E+01   -0.7230786171E+00   -0.9988098795E+00    0.0000000000E+00    0.0000000000E+00    0.0000000000E+00    0.4173120890E+00   -0.3102160804E+00
    0.1439928656E+00    0.1062314835E+00   -0.1187209255E-01    0.3003006103E+00    0.0000000000E+00    0.0000000000E+00    0.0000000000E+00    0.4438426095E-01    0.8539126160E-02
   -0.1328394622E+00   -0.7488784533E-01    0.3973788540E-01   -0.2594457950E+00    0.0000000000E+00    0.0000000000E+00    0.0000000000E+00    0.2773622545E-01   -0.4147826769E-01
    0.7371653901E+00    0.2635414391E+00    0.1180848457E+00    0.3939045848E+00    0.0000000000E+00    0.0000000000E+00    0.0000000000E+00   -0.1059855364E+00    0.9313911596E-01
    0.2943970495E+00    0.4774267378E-01    0.1368659516E+00   -0.1292983484E+00    0.0000000000E+00    0.0000000000E+00    0.0000000000E+00   -0.7303861745E-01    0.2617873113E-01
    0.3924037471E+00    0.2291640388E+00    0.1088152249E+00    0.3516766178E+00    0.0000000000E+00    0.0000000000E+00    0.0000000000E+00   -0.8135793981E-01    0.7758182193E-01
    0.7445934659E-01   -0.1218664887E+00   -0.5209002963E-01   -0.2952232717E+00    0.0000000000E+00    0.0000000000E+00    0.0000000000E+00   -0.3756462649E-01   -0.7627027214E-03
    0.1081809482E+00    0.1921151072E+00    0.1707806443E+00    0.4360023009E+00    0.0000000000E+00    0.0000000000E+00    0.0000000000E+00   -0.1578972551E-01    0.3140320596E-01
   -0.1921731514E-02   -0.7212695953E-01   -0.1145076418E+00   -0.4097861216E+00    0.0000000000E+00    0.0000000000E+00    0.0000000000E+00   -0.2407950865E-01    0.8928002359E-02
    0.1899908959E-01    0.3212013658E-02    0.6073719933E-01    0.3733158458E+00    0.0000000000E+00    0.0000000000E+00    0.0000000000E+00   -0.5440261898E-02    0.1223419649E-02
   -0.7264032270E-02   -0.3511457467E-02   -0.2792495102E-01   -0.3280824562E+00    0.0000000000E+00    0.0000000000E+00    0.0000000000E+00   -0.5526832419E-02    0.7791275738E-02
    0.4652495634E-02   -0.2179497412E-01   -0.4739154234E-01    0.1895401308E+00    0.0000000000E+00    0.0000000000E+00    0.0000000000E+00   -0.2578386055E-02    0.1900540317E-04
   -0.2596937055E-02   -0.1666824660E-01   -0.1168898295E-01   -0.2588050735E+00    0.0000000000E+00    0.0000000000E+00    0.0000000000E+00   -0.1357169136E-02   -0.1775820786E-03
    0.1436480248E-02   -0.1167953289E-01   -0.4606503827E-01    0.6781975768E-01    0.0000000000E+00    0.0000000000E+00    0.0000000000E+00   -0.3526122924E-03   -0.2005748729E-02
   -0.7775488188E-03   -0.2341152099E-02    0.4947545515E-01    0.2131097877E+00    0.0000000000E+00    0.0000000000E+00    0.0000000000E+00   -0.5339622932E-04   -0.2009598596E-02
    0.4116850155E-03    0.2831703545E-03    0.3423926498E-02   -0.1620334288E+00    0.0000000000E+00    0.0000000000E+00    0.0000000000E+00    0.1288310774E-04    0.1538775746E-03
   -0.2131771879E-03   -0.8432852879E-04   -0.1258249338E-02    0.4482934762E-01    0.0000000000E+00    0.0000000000E+00    0.0000000000E+00   -0.4895508785E-05   -0.4323810824E-04
    0.1079942820E-03    0.3039174283E-04    0.5288189736E-03   -0.1645720551E-01    0.0000000000E+00    0.0000000000E+00    0.0000000000E+00    0.1926018377E-05    0.1443264898E-04
   -0.5356127472E-04   -0.1188276004E-04   -0.2330441835E-03    0.6659734525E-02    0.0000000000E+00    0.0000000000E+00    0.0000000000E+00   -0.7545433308E-06   -0.5104532771E-05
    0.2602952771E-04    0.4853289179E-05    0.1041029982E-03   -0.2807617608E-02    0.0000000000E+00    0.0000000000E+00    0.0000000000E+00    0.2922994731E-06    0.1848341500E-05
   -0.1240427507E-04   -0.2032690693E-05   -0.4651918927E-04    0.1205040582E-02    0.0000000000E+00    0.0000000000E+00    0.0000000000E+00   -0.1118600819E-06   -0.6756113658E-06
    0.5798178430E-05    0.8629243634E-06    0.2067142722E-04   -0.5205055409E-03    0.0000000000E+00    0.0000000000E+00    0.0000000000E+00    0.4229002269E-07    0.2474543533E-06
   -0.2656890383E-05   -0.3680286569E-06   -0.9099411403E-05    0.2245752095E-03    0.0000000000E+00    0.0000000000E+00    0.0000000000E+00   -0.1578579388E-07   -0.9035171216E-07
    0.1191144048E-05    0.1564193499E-06    0.3951882416E-05   -0.9615713128E-04    0.0000000000E+00    0.0000000000E+00    0.0000000000E+00    0.5806466367E-08    0.3272440559E-07
   -0.5203822976E-06   -0.6568435114E-07   -0.1683914220E-05    0.4056184305E-04    0.0000000000E+00    0.0000000000E+00    0.0000000000E+00   -0.2096269943E-08   -0.1168684637E-07
    0.2200000189E-06    0.2696870112E-07    0.6981924098E-06   -0.1669791722E-04    0.0000000000E+00    0.0000000000E+00    0.0000000000E+00    0.7377537962E-09    0.4081786311E-08
   -0.8899720348E-07   -0.1067713259E-07   -0.2782327527E-06    0.6620421446E-05    0.0000000000E+00    0.0000000000E+00    0.0000000000E+00   -0.2503652102E-09   -0.1377787377E-08
    0.3384908000E-07    0.3997138324E-08    0.1046129979E-06   -0.2480235893E-05    0.0000000000E+00    0.0000000000E+00    0.0000000000E+00    0.8055251940E-10    0.4416171037E-09
   -0.1177920484E-07   -0.1374929317E-08   -0.3608778837E-07    0.8533990106E-06    0.0000000000E+00    0.0000000000E+00    0.0000000000E+00   -0.2393447257E-10   -0.1308681512E-09
    0.3593814148E-08    0.4159474704E-09    0.1093796324E-07   -0.2581879119E-06    0.0000000000E+00    0.0000000000E+00    0.0000000000E+00    0.6301104408E-11    0.3438836006E-10
   -0.8964050765E-09   -0.1031107159E-09   -0.2714803443E-08    0.6399926830E-07    0.0000000000E+00    0.0000000000E+00    0.0000000000E+00   -0.1372494833E-11   -0.7480500119E-11
    0.1609514912E-09    0.1843078267E-10    0.4856570016E-09   -0.1143843511E-07    0.0000000000E+00    0.0000000000E+00    0.0000000000E+00    0.2180996589E-12    0.1187598011E-11
   -0.1538918882E-10   -0.1756508549E-11   -0.4630906027E-10    0.1089981729E-08    0.0000000000E+00    0.0000000000E+00    0.0000000000E+00   -0.1872624404E-13   -0.1019011628E-12
 l,ispin:           1           2
 psi n=1,noccmax(l):
   -0.9702576486E-01   -0.2633839034E-01   -0.2217672922E-01    0.1350983012E-01    0.0000000000E+00    0.0000000000E+00    0.0000000000E+00   -0.8362920309E-01   -0.4390825442E-01
    0.2159307908E+00    0.5998322038E-01    0.5674240660E-01   -0.2140953659E-01    0.0000000000E+00    0.0000000000E+00    0.0000000000E+00    0.2561933887E+00    0.1327148561E+00
    0.6733606454E-01    0.1392783566E-01   -0.1994684641E-01   -0.5526026914E-01    0.0000000000E+00    0.0000000000E+00    0.0000000000E+00   -0.3564046655E+00   -0.1765996275E+00
   -0.8354530374E+00   -0.2213953105E+00   -0.1111948368E+00    0.2288359309E+00    0.0000000000E+00    0.0000000000E+00    0.0000000000E+00    0.2743548832E+00    0.1169324591E+00
    0.1392693399E+01    0.3802219095E+00    0.2081806558E+00   -0.3684520266E+00    0.0000000000E+00    0.0000000000E+00    0.0000000000E+00   -0.1233143723E+00   -0.2252642816E-01
   -0.8564438491E+00   -0.2627423187E+00   -0.1079251761E+00    0.3151146353E+00    0.0000000000E+00    0.0000000000E+00    0.0000000000E+00    0.9155396428E-01    0.2667228294E-02
   -0.1452517476E+01   -0.3259909228E+00   -0.3326964260E+00    0.6786483107E-01    0.0000000000E+00    0.0000000000E+00    0.0000000000E+00   -0.2391284213E+00   -0.9305516506E-01
    0.1514885511E+01    0.3947668110E+00    0.3940980085E+00   -0.1152386166E+00    0.0000000000E+00    0.0000000000E+00    0.0000000000E+00    0.1715906061E-01   -0.2358550706E-01
    0.3352407633E+01    0.8857124331E+00    0.5401904275E+00   -0.7550090444E+00    0.0000000000E+00    0.0000000000E+00    0.0000000000E+00    0.5094763737E+00    0.3287841775E+00
   -0.1404042014E+01   -0.3975482468E+00   -0.1860530604E+00    0.4238860844E+00    0.0000000000E+00    0.0000000000E+00    0.0000000000E+00    0.2315465614E-01   -0.2284476445E-01
   -0.2504592984E+00   -0.8669163426E-01   -0.1715722395E+00   -0.7863480046E-01    0.0000000000E+00    0.0000000000E+00    0.0000000000E+00   -0.9677840623E-02    0.1645252939E-01
   -0.1117069267E+01   -0.3282876536E+00   -0.1359071824E+00    0.3509269260E+00    0.0000000000E+00    0.0000000000E+00    0.0000000000E+00   -0.1439414570E+00   -0.1055185471E+00
   -0.2578386029E+00   -0.9970472336E-01   -0.1856154221E+00   -0.2657582828E-01    0.0000000000E+00    0.0000000000E+00    0.0000000000E+00   -0.9280557458E-01   -0.3322443545E-01
   -0.3677575592E+00   -0.1656984377E+00   -0.1955474624E-01    0.1999232324E+00    0.0000000000E+00    0.0000000000E+00    0.0000000000E+00   -0.9464557462E-01   -0.7827715506E-01
   -0.1377257463E-02    0.1128748561E+00    0.6739054676E-02   -0.1772703283E+00    0.0000000000E+00    0.0000000000E+00    0.0000000000E+00   -0.3986147819E-01    0.2246809779E-02
   -0.7916384298E-01   -0.1568612019E+00   -0.1029431115E+00    0.2868561915E+00    0.0000000000E+00    0.0000000000E+00    0.0000000000E+00   -0.2081652109E-01   -0.3365606712E-01
    0.2627508221E-01    0.1021357133E+00    0.1274584759E+00   -0.3462852703E+00    0.0000000000E+00    0.0000000000E+00    0.0000000000E+00   -0.2319378204E-01   -0.5747701602E-02
   -0.1894108626E-01   -0.1747411638E-02   -0.6550829836E-01    0.3117480797E+00    0.0000000000E+00    0.0000000000E+00    0.0000000000E+00   -0.5853941510E-02   -0.1451102160E-02
    0.1060018945E-01    0.2355521424E-01    0.6326351687E-01   -0.3239807294E+00    0.0000000000E+00    0.0000000000E+00    0.0000000000E+00   -0.5266775750E-02   -0.6778578183E-02
   -0.6060973900E-02    0.2043908810E-01    0.2910990897E-01    0.1835267963E+00    0.0000000000E+00    0.0000000000E+00    0.0000000000E+00   -0.2226945208E-02    0.6138865384E-03
    0.3399577960E-02    0.1618539168E-01    0.1865157970E-01   -0.2440210011E+00    0.0000000000E+00    0.0000000000E+00    0.0000000000E+00   -0.1085667850E-02    0.6139016528E-03
   -0.1873857739E-02    0.6251407909E-02    0.1365304746E-01    0.1587526336E+00    0.0000000000E+00    0.0000000000E+00    0.0000000000E+00   -0.2279847221E-03    0.2188810416E-02
    0.1014174328E-02    0.1250177090E-02   -0.3889863117E-01    0.1027072509E+00    0.0000000000E+00    0.0000000000E+00    0.0000000000E+00   -0.3463862537E-04    0.1751787686E-02
   -0.5386642131E-03   -0.3157081903E-03   -0.2160716223E-03   -0.1169772053E+00    0.0000000000E+00    0.0000000000E+00    0.0000000000E+00    0.9772695572E-05   -0.1451750438E-03
    0.2806788531E-03    0.1379746016E-03    0.2297253323E-03    0.3410126635E-01    0.0000000000E+00    0.0000000000E+00    0.0000000000E+00   -0.3853791984E-05    0.4092107614E-04
   -0.1434580413E-03   -0.6387462814E-04   -0.1332578614E-03   -0.1278939017E-01    0.0000000000E+00    0.0000000000E+00    0.0000000000E+00    0.1540141611E-05   -0.1367267055E-04
    0.7192211343E-04    0.2971278040E-04    0.6937836924E-04    0.5234984970E-02    0.0000000000E+00    0.0000000000E+00    0.0000000000E+00   -0.6085188617E-06    0.4839518712E-05
   -0.3537068772E-04   -0.1372080554E-04   -0.3416430930E-04   -0.2222414318E-02    0.0000000000E+00    0.0000000000E+00    0.0000000000E+00    0.2369729574E-06   -0.1753607253E-05
    0.1706259790E-04    0.6268273351E-05    0.1621760551E-04    0.9582403772E-03    0.0000000000E+00    0.0000000000E+00    0.0000000000E+00   -0.9100440219E-07    0.6413676755E-06
   -0.8070409276E-05   -0.2829071765E-05   -0.7491839628E-05   -0.4151968634E-03    0.0000000000E+00    0.0000000000E+00    0.0000000000E+00    0.3448854842E-07   -0.2350267657E-06
    0.3738700962E-05    0.1259501417E-05    0.3383125876E-05    0.1795303602E-03    0.0000000000E+00    0.0000000000E+00    0.0000000000E+00   -0.1289573795E-07    0.8584716669E-07
   -0.1692506391E-05   -0.5515924491E-06   -0.1494547463E-05   -0.7698891528E-04    0.0000000000E+00    0.0000000000E+00    0.0000000000E+00    0.4749232622E-08   -0.3110215124E-07
    0.7456277382E-06    0.2365017224E-06    0.6441941280E-06    0.3251191669E-04    0.0000000000E+00    0.0000000000E+00    0.0000000000E+00   -0.1716096391E-08    0.1110999878E-07
   -0.3174448211E-06   -0.9851497115E-07   -0.2691914967E-06   -0.1339459401E-04    0.0000000000E+00    0.0000000000E+00    0.0000000000E+00    0.6043415294E-09   -0.3880972251E-08
    0.1291571039E-06    0.3939441074E-07    0.1078467777E-06    0.5313718105E-05    0.0000000000E+00    0.0000000000E+00    0.0000000000E+00   -0.2051846218E-09    0.1310168889E-08
   -0.4935104040E-07   -0.1484999569E-07   -0.4069751151E-07   -0.1991508889E-05    0.0000000000E+00    0.0000000000E+00    0.0000000000E+00    0.6603806871E-10   -0.4199828206E-09
    0.1723669534E-07    0.5132474800E-08    0.1407437122E-07    0.6854378632E-06    0.0000000000E+00    0.0000000000E+00    0.0000000000E+00   -0.1962652341E-10    0.1244656389E-09
   -0.5273919317E-08   -0.1557805287E-08   -0.4273189977E-08   -0.2074162804E-06    0.0000000000E+00    0.0000000000E+00    0.0000000000E+00    0.5167868040E-11   -0.3270761438E-10
    0.1318372596E-08    0.3870475855E-09    0.1061863094E-08    0.5142179613E-07    0.0000000000E+00    0.0000000000E+00    0.0000000000E+00   -0.1125795882E-11    0.7115149588E-11
   -0.2371144403E-09   -0.6929234168E-10   -0.1901141978E-09   -0.9191484744E-08    0.0000000000E+00    0.0000000000E+00    0.0000000000E+00    0.1789134203E-12   -0.1129625558E-11
    0.2270017859E-10    0.6610928786E-11    0.1813827350E-10    0.8759348768E-09    0.0000000000E+00    0.0000000000E+00    0.0000000000E+00   -0.1536266722E-13    0.9692875639E-13
 l,ispin:           2           1
 psi n=1,noccmax(l):
   -0.5879927876E-01    0.3402742934E-01    0.4633253811E-01    0.6083578580E-02    0.0000000000E+00    0.0000000000E+00    0.0000000000E+00   -0.3347232990E+01
    0.1785844277E+00   -0.1013326425E+00   -0.1454002708E+00   -0.5647596821E-02    0.0000000000E+00    0.0000000000E+00    0.0000000000E+00    0.1213614890E+02
   -0.2469912898E+00    0.1315604123E+00    0.2185077928E+00   -0.4427742313E-01    0.0000000000E+00    0.0000000000E+00    0.0000000000E+00   -0.1986658227E+02
    0.1898533182E+00   -0.8106128392E-01   -0.2070524284E+00    0.1540623302E+00    0.0000000000E+00    0.0000000000E+00    0.0000000000E+00    0.1881210716E+02
   -0.8738241199E-01    0.6124249290E-02    0.1547480846E+00   -0.2559500403E+00    0.0000000000E+00    0.0000000000E+00    0.0000000000E+00   -0.1254886389E+02
    0.7511889319E-01    0.3640231130E-02   -0.1457255849E+00    0.2679847926E+00    0.0000000000E+00    0.0000000000E+00    0.0000000000E+00    0.1072232951E+02
   -0.1798167048E+00    0.7021534188E-01    0.2042893809E+00   -0.1788237782E+00    0.0000000000E+00    0.0000000000E+00    0.0000000000E+00   -0.1604726238E+02
   -0.4262944776E-01    0.6393386870E-01   -0.6906635490E-01    0.2639561519E+00    0.0000000000E+00    0.0000000000E+00    0.0000000000E+00   -0.6390523152E+01
    0.4173120890E+00   -0.3102160804E+00   -0.1803801622E+00   -0.4668964569E+00    0.0000000000E+00    0.0000000000E+00    0.0000000000E+00   -0.3096065975E+01
    0.4438426095E-01    0.8539126160E-02   -0.7429055067E-01    0.1682309695E+00    0.0000000000E+00    0.0000000000E+00    0.0000000000E+00   -0.1240749377E+01
    0.2773622545E-01   -0.4147826769E-01    0.3493895164E-01   -0.1576756991E+00    0.0000000000E+00    0.0000000000E+00    0.0000000000E+00   -0.5913551339E+00
   -0.1059855364E+00    0.9313911596E-01    0.2935518431E-01    0.1874552882E+00    0.0000000000E+00    0.0000000000E+00    0.0000000000E+00   -0.1894143619E+00
   -0.7303861745E-01    0.2617873113E-01    0.6801950494E-01   -0.5972991149E-01    0.0000000000E+00    0.0000000000E+00    0.0000000000E+00   -0.8627306078E-01
   -0.8135793981E-01    0.7758182193E-01    0.4108655095E-01    0.1475088556E+00    0.0000000000E+00    0.0000000000E+00    0.0000000000E+00   -0.2215043608E-01
   -0.3756462649E-01   -0.7627027214E-03    0.1718909660E-01   -0.7437537134E-01    0.0000000000E+00    0.0000000000E+00    0.0000000000E+00   -0.1013396020E-01
   -0.1578972551E-01    0.3140320596E-01    0.1999241427E-01    0.1011701672E+00    0.0000000000E+00    0.0000000000E+00    0.0000000000E+00   -0.2254742055E-02
   -0.2407950865E-01    0.8928002359E-02    0.1736153072E-01   -0.5000610820E-01    0.0000000000E+00    0.0000000000E+00    0.0000000000E+00   -0.1195194114E-02
   -0.5440261898E-02    0.1223419649E-02   -0.1004581661E-01    0.4398509224E-01    0.0000000000E+00    0.0000000000E+00    0.0000000000E+00   -0.9736408659E-04
   -0.5526832419E-02    0.7791275738E-02    0.2118892146E-01   -0.1725492154E-01    0.0000000000E+00    0.0000000000E+00    0.0000000000E+00   -0.1255872736E-03
   -0.2578386055E-02    0.1900540317E-04   -0.1438452207E-01    0.9683883757E-02    0.0000000000E+00    0.0000000000E+00    0.0000000000E+00    0.1220487767E-04
   -0.1357169136E-02   -0.1775820786E-03    0.9727881898E-02   -0.7918251827E-02    0.0000000000E+00    0.0000000000E+00    0.0000000000E+00   -0.1180386277E-04
   -0.3526122924E-03   -0.2005748729E-02   -0.1768192939E-01   -0.3620522543E-01    0.0000000000E+00    0.0000000000E+00    0.0000000000E+00    0.3807055328E-05
   -0.5339622932E-04   -0.2009598596E-02    0.4807953383E-02    0.4619327325E-01    0.0000000000E+00    0.0000000000E+00    0.0000000000E+00   -0.1473357559E-05
    0.1288310774E-04    0.1538775746E-03    0.2476411526E-02   -0.1934353985E-01    0.0000000000E+00    0.0000000000E+00    0.0000000000E+00    0.5394875318E-06
   -0.4895508785E-05   -0.4323810824E-04   -0.6595014974E-03    0.3735117679E-02    0.0000000000E+00    0.0000000000E+00    0.0000000000E+00   -0.1916342914E-06
    0.1926018377E-05    0.1443264898E-04    0.2126896163E-03   -0.1049310795E-02    0.0000000000E+00    0.0000000000E+00    0.0000000000E+00    0.6621239168E-07
   -0.7545433308E-06   -0.5104532771E-05   -0.7366355709E-04    0.3368968265E-03    0.0000000000E+00    0.0000000000E+00    0.0000000000E+00   -0.2233040737E-07
    0.2922994731E-06    0.1848341500E-05    0.2631264703E-04   -0.1148457408E-03    0.0000000000E+00    0.0000000000E+00    0.0000000000E+00    0.7377734606E-08
   -0.1118600819E-06   -0.6756113658E-06   -0.9527240457E-05    0.4032874212E-04    0.0000000000E+00    0.0000000000E+00    0.0000000000E+00   -0.2395448146E-08
    0.4229002269E-07    0.2474543533E-06    0.3465522053E-05   -0.1436801704E-04    0.0000000000E+00    0.0000000000E+00    0.0000000000E+00    0.7660210961E-09
   -0.1578579388E-07   -0.9035171216E-07   -0.1258837084E-05    0.5144759375E-05    0.0000000000E+00    0.0000000000E+00    0.0000000000E+00   -0.2414726701E-09
    0.5806466367E-08    0.3272440559E-07    0.4541627022E-06   -0.1837608037E-05    0.0000000000E+00    0.0000000000E+00    0.0000000000E+00    0.7497824249E-10
   -0.2096269943E-08   -0.1168684637E-07   -0.1617163436E-06    0.6497319396E-06    0.0000000000E+00    0.0000000000E+00    0.0000000000E+00   -0.2286642744E-10
    0.7377537962E-09    0.4081786311E-08    0.5635552225E-07   -0.2252976760E-06    0.0000000000E+00    0.0000000000E+00    0.0000000000E+00    0.6810757932E-11
   -0.2503652102E-09   -0.1377787377E-08   -0.1899054489E-07    0.7565368664E-07    0.0000000000E+00    0.0000000000E+00    0.0000000000E+00   -0.1962207782E-11
    0.8055251940E-10    0.4416171037E-09    0.6079291954E-08   -0.2415817071E-07    0.0000000000E+00    0.0000000000E+00    0.0000000000E+00    0.5384113854E-12
   -0.2393447257E-10   -0.1308681512E-09   -0.1799832441E-08    0.7139646538E-08    0.0000000000E+00    0.0000000000E+00    0.0000000000E+00   -0.1372806538E-12
    0.6301104408E-11    0.3438836006E-10    0.4726131591E-09   -0.1872436907E-08    0.0000000000E+00    0.0000000000E+00    0.0000000000E+00    0.3126286138E-13
   -0.1372494833E-11   -0.7480500119E-11   -0.1027543966E-09    0.4067397963E-09    0.0000000000E+00    0.0000000000E+00    0.0000000000E+00   -0.5949277991E-14
    0.2180996589E-12    0.1187598011E-11    0.1630699623E-10   -0.6450853727E-10    0.0000000000E+00    0.0000000000E+00    0.0000000000E+00    0.8357712502E-15
   -0.1872624404E-13   -0.1019011628E-12   -0.1398822339E-11    0.5531109343E-11    0.0000000000E+00    0.0000000000E+00    0.0000000000E+00   -0.6429972064E-16
 l,ispin:           2           2
 psi n=1,noccmax(l):
   -0.8362920309E-01   -0.4390825442E-01    0.5377627292E-01    0.1038482625E-01    0.0000000000E+00    0.0000000000E+00    0.0000000000E+00    0.3435402728E+01
    0.2561933887E+00    0.1327148561E+00   -0.1686546829E+00   -0.1811216473E-01    0.0000000000E+00    0.0000000000E+00    0.0000000000E+00   -0.1247426711E+02
   -0.3564046655E+00   -0.1765996275E+00    0.2498131246E+00   -0.3273130635E-01    0.0000000000E+00    0.0000000000E+00    0.0000000000E+00    0.2043582256E+02
    0.2743548832E+00    0.1169324591E+00   -0.2269188888E+00    0.1603835866E+00    0.0000000000E+00    0.0000000000E+00    0.0000000000E+00   -0.1935882151E+02
   -0.1233143723E+00   -0.2252642816E-01    0.1556385260E+00   -0.2839457394E+00    0.0000000000E+00    0.0000000000E+00    0.0000000000E+00    0.1292129897E+02
    0.9155396428E-01    0.2667228294E-02   -0.1375404115E+00    0.3049195274E+00    0.0000000000E+00    0.0000000000E+00    0.0000000000E+00   -0.1106942807E+02
   -0.2391284213E+00   -0.9305516506E-01    0.2120302791E+00   -0.1982226445E+00    0.0000000000E+00    0.0000000000E+00    0.0000000000E+00    0.1660469888E+02
    0.1715906061E-01   -0.2358550706E-01   -0.9462786372E-01    0.2621107840E+00    0.0000000000E+00    0.0000000000E+00    0.0000000000E+00    0.6649157360E+01
    0.5094763737E+00    0.3287841775E+00   -0.2059389874E+00   -0.5108587099E+00    0.0000000000E+00    0.0000000000E+00    0.0000000000E+00    0.3198025090E+01
    0.2315465614E-01   -0.2284476445E-01   -0.5350203343E-01    0.2051833339E+00    0.0000000000E+00    0.0000000000E+00    0.0000000000E+00    0.1259607008E+01
   -0.9677840623E-02    0.1645252939E-01    0.5138364154E-01   -0.1548815430E+00    0.0000000000E+00    0.0000000000E+00    0.0000000000E+00    0.5919941911E+00
   -0.1439414570E+00   -0.1055185471E+00    0.4525687757E-01    0.2134909714E+00    0.0000000000E+00    0.0000000000E+00    0.0000000000E+00    0.1845031269E+00
   -0.9280557458E-01   -0.3322443545E-01    0.7094582075E-01   -0.6503936623E-01    0.0000000000E+00    0.0000000000E+00    0.0000000000E+00    0.8308488035E-01
   -0.9464557462E-01   -0.7827715506E-01    0.4403750712E-01    0.1562502251E+00    0.0000000000E+00    0.0000000000E+00    0.0000000000E+00    0.1996437032E-01
   -0.3986147819E-01    0.2246809779E-02    0.1394720946E-01   -0.8210426306E-01    0.0000000000E+00    0.0000000000E+00    0.0000000000E+00    0.9340207326E-02
   -0.2081652109E-01   -0.3365606712E-01    0.2398126122E-01    0.1088071470E+00    0.0000000000E+00    0.0000000000E+00    0.0000000000E+00    0.1745804448E-02
   -0.2319378204E-01   -0.5747701602E-02    0.1175868003E-01   -0.5962599882E-01    0.0000000000E+00    0.0000000000E+00    0.0000000000E+00    0.9990531027E-03
   -0.5853941510E-02   -0.1451102160E-02   -0.7143481572E-02    0.5090958333E-01    0.0000000000E+00    0.0000000000E+00    0.0000000000E+00    0.2754942488E-04
   -0.5266775750E-02   -0.6778578183E-02    0.1759954352E-01   -0.2536247541E-01    0.0000000000E+00    0.0000000000E+00    0.0000000000E+00    0.9871267910E-04
   -0.2226945208E-02    0.6138865384E-03   -0.1343403486E-01    0.1438471817E-01    0.0000000000E+00    0.0000000000E+00    0.0000000000E+00   -0.1858630898E-04
   -0.1085667850E-02    0.6139016528E-03    0.7702989586E-02   -0.1469378237E-01    0.0000000000E+00    0.0000000000E+00    0.0000000000E+00    0.1048099841E-04
   -0.2279847221E-03    0.2188810416E-02   -0.1639596562E-01   -0.2791389478E-01    0.0000000000E+00    0.0000000000E+00    0.0000000000E+00   -0.3823148129E-05
   -0.3463862537E-04    0.1751787686E-02    0.5264589459E-02    0.4200381738E-01    0.0000000000E+00    0.0000000000E+00    0.0000000000E+00    0.1450965122E-05
    0.9772695572E-05   -0.1451750438E-03    0.2064469416E-02   -0.1853999505E-01    0.0000000000E+00    0.0000000000E+00    0.0000000000E+00   -0.5319893665E-06
   -0.3853791984E-05    0.4092107614E-04   -0.5525516977E-03    0.3722292737E-02    0.0000000000E+00    0.0000000000E+00    0.0000000000E+00    0.1894506990E-06
    0.1540141611E-05   -0.1367267055E-04    0.1784141109E-03   -0.1066616794E-02    0.0000000000E+00    0.0000000000E+00    0.0000000000E+00   -0.6567624100E-07
   -0.6085188617E-06    0.4839518712E-05   -0.6182778676E-04    0.3464144158E-03    0.0000000000E+00    0.0000000000E+00    0.0000000000E+00    0.2223134619E-07
    0.2369729574E-06   -0.1753607253E-05    0.2209394973E-04   -0.1189356789E-03    0.0000000000E+00    0.0000000000E+00    0.0000000000E+00   -0.7372047134E-08
   -0.9100440219E-07    0.6413676755E-06   -0.8002412973E-05    0.4195732580E-04    0.0000000000E+00    0.0000000000E+00    0.0000000000E+00    0.2401775628E-08
    0.3448854842E-07   -0.2350267657E-06    0.2911668580E-05   -0.1499359956E-04    0.0000000000E+00    0.0000000000E+00    0.0000000000E+00   -0.7703513344E-09
   -0.1289573795E-07    0.8584716669E-07   -0.1057887369E-05    0.5379658202E-05    0.0000000000E+00    0.0000000000E+00    0.0000000000E+00    0.2434540354E-09
    0.4749232622E-08   -0.3110215124E-07    0.3817314890E-06   -0.1924143043E-05    0.0000000000E+00    0.0000000000E+00    0.0000000000E+00   -0.7575072756E-10
   -0.1716096391E-08    0.1110999878E-07   -0.1359440355E-06    0.6809623460E-06    0.0000000000E+00    0.0000000000E+00    0.0000000000E+00    0.2314049006E-10
    0.6043415294E-09   -0.3880972251E-08    0.4737930088E-07   -0.2362771410E-06    0.0000000000E+00    0.0000000000E+00    0.0000000000E+00   -0.6901407711E-11
   -0.2051846218E-09    0.1310168889E-08   -0.1596704429E-07    0.7937507967E-07    0.0000000000E+00    0.0000000000E+00    0.0000000000E+00    0.1990339204E-11
    0.6603806871E-10   -0.4199828206E-09    0.5111712840E-08   -0.2535408195E-07    0.0000000000E+00    0.0000000000E+00    0.0000000000E+00   -0.5465537703E-12
   -0.1962652341E-10    0.1244656389E-09   -0.1513440132E-08    0.7494622504E-08    0.0000000000E+00    0.0000000000E+00    0.0000000000E+00    0.1394385829E-12
    0.5167868040E-11   -0.3270761438E-10    0.3974236020E-09   -0.1965810527E-08    0.0000000000E+00    0.0000000000E+00    0.0000000000E+00   -0.3176829299E-13
   -0.1125795882E-11    0.7115149588E-11   -0.8640902776E-10    0.4270644934E-09    0.0000000000E+00    0.0000000000E+00    0.0000000000E+00    0.6047449591E-14
    0.1789134203E-12   -0.1129625558E-11    0.1371325883E-10   -0.6773657249E-10    0.0000000000E+00    0.0000000000E+00    0.0000000000E+00   -0.8497697319E-15
   -0.1536266722E-13    0.9692875639E-13   -0.1176346113E-11    0.5808158688E-11    0.0000000000E+00    0.0000000000E+00    0.0000000000E+00    0.6538842353E-16
 l,ispin:           3           1
 psi n=1,noccmax(l):
   -0.3347232990E+01   -0.1932213833E+00   -0.2739629320E+00   -0.1253710511E+00    0.0000000000E+00    0.0000000000E+00    0.0000000000E+00
    0.1213614890E+02    0.7014262146E+00    0.9724554472E+00    0.6006958538E+00    0.0000000000E+00    0.0000000000E+00    0.0000000000E+00
   -0.1986658227E+02   -0.1148613999E+01   -0.1583305987E+01   -0.1044466388E+01    0.0000000000E+00    0.0000000000E+00    0.0000000000E+00
    0.1881210716E+02    0.1087031286E+01    0.1515328869E+01    0.8784740137E+00    0.0000000000E+00    0.0000000000E+00    0.0000000000E+00
   -0.1254886389E+02   -0.7238177446E+00   -0.1039018036E+01   -0.3889108126E+00    0.0000000000E+00    0.0000000000E+00    0.0000000000E+00
    0.1072232951E+02    0.6160289931E+00    0.8812450510E+00    0.3438917367E+00    0.0000000000E+00    0.0000000000E+00    0.0000000000E+00
   -0.1604726238E+02   -0.9172382608E+00   -0.1246370697E+01   -0.9186387746E+00    0.0000000000E+00    0.0000000000E+00    0.0000000000E+00
   -0.6390523152E+01   -0.3697519227E+00   -0.4250137633E+00   -0.8761760615E+00    0.0000000000E+00    0.0000000000E+00    0.0000000000E+00
   -0.3096065975E+01   -0.1875659757E+00   -0.2818672432E+00   -0.5746700950E-01    0.0000000000E+00    0.0000000000E+00    0.0000000000E+00
   -0.1240749377E+01   -0.7673466445E-01   -0.7466653719E-01   -0.2793676612E+00    0.0000000000E+00    0.0000000000E+00    0.0000000000E+00
   -0.5913551339E+00   -0.3412605417E-01   -0.6229234261E-01    0.5894421471E-01    0.0000000000E+00    0.0000000000E+00    0.0000000000E+00
   -0.1894143619E+00   -0.1121605288E-01   -0.1587393167E-02   -0.9125846794E-01    0.0000000000E+00    0.0000000000E+00    0.0000000000E+00
   -0.8627306078E-01   -0.3617532657E-02   -0.1339344835E-01    0.4537592524E-01    0.0000000000E+00    0.0000000000E+00    0.0000000000E+00
   -0.2215043608E-01   -0.1701392830E-02    0.4513787119E-02   -0.3512364721E-01    0.0000000000E+00    0.0000000000E+00    0.0000000000E+00
   -0.1013396020E-01    0.2196297124E-02   -0.1076180133E-02    0.2673834910E-01    0.0000000000E+00    0.0000000000E+00    0.0000000000E+00
   -0.2254742055E-02   -0.2278261635E-02   -0.5391300267E-03   -0.1989078650E-01    0.0000000000E+00    0.0000000000E+00    0.0000000000E+00
   -0.1195194114E-02    0.1746269427E-02    0.1534025378E-02    0.1624587507E-01    0.0000000000E+00    0.0000000000E+00    0.0000000000E+00
   -0.9736408659E-04    0.1534138064E-03    0.6858416305E-03   -0.9548169312E-02    0.0000000000E+00    0.0000000000E+00    0.0000000000E+00
   -0.1255872736E-03   -0.6287824593E-04   -0.3090375094E-03    0.7447572293E-02    0.0000000000E+00    0.0000000000E+00    0.0000000000E+00
    0.1220487767E-04    0.4016487624E-03    0.1302952169E-02   -0.3358634038E-02    0.0000000000E+00    0.0000000000E+00    0.0000000000E+00
   -0.1180386277E-04    0.2186193147E-03   -0.8713101536E-04    0.3872887180E-02    0.0000000000E+00    0.0000000000E+00    0.0000000000E+00
    0.3807055328E-05    0.2594072056E-03    0.1086174117E-02   -0.7130106068E-03    0.0000000000E+00    0.0000000000E+00    0.0000000000E+00
   -0.1473357559E-05    0.1278297915E-03   -0.5405667144E-03   -0.1643980552E-02    0.0000000000E+00    0.0000000000E+00    0.0000000000E+00
    0.5394875318E-06   -0.1054941597E-04   -0.6184635792E-04    0.9179509385E-03    0.0000000000E+00    0.0000000000E+00    0.0000000000E+00
   -0.1916342914E-06    0.2617752514E-05    0.1427819818E-04   -0.1809638381E-03    0.0000000000E+00    0.0000000000E+00    0.0000000000E+00
    0.6621239168E-07   -0.7575713703E-06   -0.3865539572E-05    0.4655799812E-04    0.0000000000E+00    0.0000000000E+00    0.0000000000E+00
   -0.2233040737E-07    0.2296824512E-06    0.1116700628E-05   -0.1312476511E-04    0.0000000000E+00    0.0000000000E+00    0.0000000000E+00
    0.7377734606E-08   -0.7073081841E-07   -0.3324227705E-06    0.3849661417E-05    0.0000000000E+00    0.0000000000E+00    0.0000000000E+00
   -0.2395448146E-08    0.2187265920E-07    0.1003862994E-06   -0.1150856354E-05    0.0000000000E+00    0.0000000000E+00    0.0000000000E+00
    0.7660210961E-09   -0.6756436834E-08   -0.3049706450E-07    0.3470872560E-06    0.0000000000E+00    0.0000000000E+00    0.0000000000E+00
   -0.2414726701E-09    0.2077471389E-08    0.9268068680E-08   -0.1049137989E-06    0.0000000000E+00    0.0000000000E+00    0.0000000000E+00
    0.7497824249E-10   -0.6335636509E-09   -0.2803248792E-08    0.3160587531E-07    0.0000000000E+00    0.0000000000E+00    0.0000000000E+00
   -0.2286642744E-10    0.1907204721E-09    0.8389617299E-09   -0.9430982801E-08    0.0000000000E+00    0.0000000000E+00    0.0000000000E+00
    0.6810757932E-11   -0.5627288573E-10   -0.2465251042E-09    0.2765148210E-08    0.0000000000E+00    0.0000000000E+00    0.0000000000E+00
   -0.1962207782E-11    0.1610222807E-10    0.7033789127E-10   -0.7876605069E-09    0.0000000000E+00    0.0000000000E+00    0.0000000000E+00
    0.5384113854E-12   -0.4396574232E-11   -0.1916589365E-10    0.2143669918E-09    0.0000000000E+00    0.0000000000E+00    0.0000000000E+00
   -0.1372806538E-12    0.1117029942E-11    0.4862413075E-11   -0.5433736630E-10    0.0000000000E+00    0.0000000000E+00    0.0000000000E+00
    0.3126286138E-13   -0.2537296787E-12   -0.1103354337E-11    0.1232203361E-10    0.0000000000E+00    0.0000000000E+00    0.0000000000E+00
   -0.5949277991E-14    0.4819546407E-13    0.2094289750E-12   -0.2337763506E-11    0.0000000000E+00    0.0000000000E+00    0.0000000000E+00
    0.8357712502E-15   -0.6761674097E-14   -0.2936727324E-13    0.3277023338E-12    0.0000000000E+00    0.0000000000E+00    0.0000000000E+00
   -0.6429972064E-16    0.5197128475E-15    0.2256402421E-14   -0.2517244165E-13    0.0000000000E+00    0.0000000000E+00    0.0000000000E+00
 l,ispin:           3           2
 psi n=1,noccmax(l):
    0.3435402728E+01    0.1598592756E+00    0.2409768603E+00    0.9543365912E-01    0.0000000000E+00    0.0000000000E+00    0.0000000000E+00
   -0.1247426711E+02   -0.5813232112E+00   -0.8543096048E+00   -0.4931754163E+00    0.0000000000E+00    0.0000000000E+00    0.0000000000E+00
    0.2043582256E+02    0.9527461642E+00    0.1391025073E+01    0.8695020851E+00    0.0000000000E+00    0.0000000000E+00    0.0000000000E+00
   -0.1935882151E+02   -0.9019272340E+00   -0.1333533711E+01   -0.7136739557E+00    0.0000000000E+00    0.0000000000E+00    0.0000000000E+00
    0.1292129897E+02    0.6007113503E+00    0.9178603752E+00    0.2800750907E+00    0.0000000000E+00    0.0000000000E+00    0.0000000000E+00
   -0.1106942807E+02   -0.5120921980E+00   -0.7794175978E+00   -0.2528098869E+00    0.0000000000E+00    0.0000000000E+00    0.0000000000E+00
    0.1660469888E+02    0.7630897428E+00    0.1096591946E+01    0.7832846531E+00    0.0000000000E+00    0.0000000000E+00    0.0000000000E+00
    0.6649157360E+01    0.3102236140E+00    0.3689368104E+00    0.8241085411E+00    0.0000000000E+00    0.0000000000E+00    0.0000000000E+00
    0.3198025090E+01    0.1580789211E+00    0.2531956938E+00    0.3251409708E-01    0.0000000000E+00    0.0000000000E+00    0.0000000000E+00
    0.1259607008E+01    0.6380402341E-01    0.6214676779E-01    0.2668359602E+00    0.0000000000E+00    0.0000000000E+00    0.0000000000E+00
    0.5919941911E+00    0.2756115644E-01    0.5540578125E-01   -0.6507289000E-01    0.0000000000E+00    0.0000000000E+00    0.0000000000E+00
    0.1845031269E+00    0.8802337920E-02   -0.8466523219E-03    0.8843299830E-01    0.0000000000E+00    0.0000000000E+00    0.0000000000E+00
    0.8308488035E-01    0.2480017075E-02    0.1207231946E-01   -0.4647134014E-01    0.0000000000E+00    0.0000000000E+00    0.0000000000E+00
    0.1996437032E-01    0.1293569234E-02   -0.4945998722E-02    0.3444982379E-01    0.0000000000E+00    0.0000000000E+00    0.0000000000E+00
    0.9340207326E-02   -0.2360309345E-02    0.8566120015E-03   -0.2682860261E-01    0.0000000000E+00    0.0000000000E+00    0.0000000000E+00
    0.1745804448E-02    0.2214303693E-02    0.4714284254E-03    0.1969263017E-01    0.0000000000E+00    0.0000000000E+00    0.0000000000E+00
    0.9990531027E-03   -0.1786223335E-02   -0.1606070466E-02   -0.1625624848E-01    0.0000000000E+00    0.0000000000E+00    0.0000000000E+00
    0.2754942488E-04   -0.1606838295E-03   -0.6792976000E-03    0.9509087383E-02    0.0000000000E+00    0.0000000000E+00    0.0000000000E+00
    0.9871267910E-04    0.5369005359E-04    0.2777156631E-03   -0.7465102468E-02    0.0000000000E+00    0.0000000000E+00    0.0000000000E+00
   -0.1858630898E-04   -0.4037459024E-03   -0.1294762221E-02    0.3359017558E-02    0.0000000000E+00    0.0000000000E+00    0.0000000000E+00
    0.1048099841E-04   -0.2199916038E-03    0.7755228520E-04   -0.3877951231E-02    0.0000000000E+00    0.0000000000E+00    0.0000000000E+00
   -0.3823148129E-05   -0.2590734352E-03   -0.1074341702E-02    0.7553009139E-03    0.0000000000E+00    0.0000000000E+00    0.0000000000E+00
    0.1450965122E-05   -0.1270225562E-03    0.5398610712E-03    0.1614079295E-02    0.0000000000E+00    0.0000000000E+00    0.0000000000E+00
   -0.5319893665E-06    0.1050747838E-04    0.6059825016E-04   -0.9098854943E-03    0.0000000000E+00    0.0000000000E+00    0.0000000000E+00
    0.1894506990E-06   -0.2608389136E-05   -0.1399352185E-04    0.1797014893E-03    0.0000000000E+00    0.0000000000E+00    0.0000000000E+00
   -0.6567624100E-07    0.7550268171E-06    0.3787984693E-05   -0.4626835031E-04    0.0000000000E+00    0.0000000000E+00    0.0000000000E+00
    0.2223134619E-07   -0.2289427555E-06   -0.1094153234E-05    0.1304842670E-04    0.0000000000E+00    0.0000000000E+00    0.0000000000E+00
   -0.7372047134E-08    0.7050956648E-07    0.3256805422E-06   -0.3828214232E-05    0.0000000000E+00    0.0000000000E+00    0.0000000000E+00
    0.2401775628E-08   -0.2180562265E-07   -0.9834435260E-07    0.1144626927E-05    0.0000000000E+00    0.0000000000E+00    0.0000000000E+00
   -0.7703513344E-09    0.6736024932E-08    0.2987561877E-07   -0.3452452887E-06    0.0000000000E+00    0.0000000000E+00    0.0000000000E+00
    0.2434540354E-09   -0.2071258403E-08   -0.9079009194E-08    0.1043646160E-06    0.0000000000E+00    0.0000000000E+00    0.0000000000E+00
   -0.7575072756E-10    0.6316823612E-09    0.2746029715E-08   -0.3144200950E-07    0.0000000000E+00    0.0000000000E+00    0.0000000000E+00
    0.2314049006E-10   -0.1901569896E-09   -0.8218311135E-09    0.9382413946E-08    0.0000000000E+00    0.0000000000E+00    0.0000000000E+00
   -0.6901407711E-11    0.5610721456E-10    0.2414904115E-09   -0.2750974990E-08    0.0000000000E+00    0.0000000000E+00    0.0000000000E+00
    0.1990339204E-11   -0.1605493973E-10   -0.6890127441E-10    0.7836366060E-09    0.0000000000E+00    0.0000000000E+00    0.0000000000E+00
   -0.5465537703E-12    0.4383685107E-11    0.1877442478E-10   -0.2132744155E-09    0.0000000000E+00    0.0000000000E+00    0.0000000000E+00
    0.1394385829E-12   -0.1113759245E-11   -0.4763095974E-11    0.5406087676E-10    0.0000000000E+00    0.0000000000E+00    0.0000000000E+00
   -0.3176829299E-13    0.2529873921E-12    0.1080817915E-11   -0.1225940682E-10    0.0000000000E+00    0.0000000000E+00    0.0000000000E+00
    0.6047449591E-14   -0.4805455375E-13   -0.2051513588E-12    0.2325891486E-11    0.0000000000E+00    0.0000000000E+00    0.0000000000E+00
   -0.8497697319E-15    0.6741913257E-14    0.2876745036E-13   -0.3260390954E-12    0.0000000000E+00    0.0000000000E+00    0.0000000000E+00
    0.6538842353E-16   -0.5181944547E-15   -0.2210316256E-14    0.2504473167E-13    0.0000000000E+00    0.0000000000E+00    0.0000000000E+00
