   40             4.00000 ng, rij 
     2.500     5.000                                       rcov,rprb 
 r                           (non)relativistic calculation
 PBE                         XC-functional
 96.000 18.000    0.4600000000    0.4445830128E+02   -0.2718877954E+01    0.0000000000E+00    0.0000000000E+00  znuc,zion,rloc,gpot()
   3                                                       lpx, (Projectors for l=0..lpx)
    0.4632645985   -0.2164365618E+01    0.1491843570E+01   -0.8610782187E+00    0.6547085577E+00   -0.1690450227E+01    0.1341753271E+01  r_l(),hsep(), so=+0.5
    0.3950363330    0.3569706917E+01   -0.3024648246E+01    0.5623383277E+01    0.1228083184E+01   -0.2906175239E+01    0.2065434181E+01  r_l(),hsep(), so=+0.5
   -0.3375548409E+01    0.3778256113E+01   -0.6511631892E+01   -0.1226021591E+01    0.2901296620E+01   -0.2061966920E+01         hsep(), so=-0.5
    0.6691231406    0.2639095283E+00    0.5534800377E+00   -0.6275873723E+00    0.0000000000E+00   -0.0000000000E+00    0.0000000000E+00  r_l(),hsep(), so=+0.5
    0.1539218064E+00    0.5118077105E+00   -0.5803353947E+00    0.0000000000E+00   -0.0000000000E+00    0.0000000000E+00         hsep(), so=-0.5
    0.3084901120   -0.1725454827E+02   -0.0000000000E+00    0.0000000000E+00    0.0000000000E+00   -0.0000000000E+00    0.0000000000E+00  r_l(),hsep(), so=+0.5
   -0.1740427378E+02   -0.0000000000E+00    0.0000000000E+00    0.0000000000E+00   -0.0000000000E+00    0.0000000000E+00         hsep(), so=-0.5
 ---------------------------------------------
 Additional information (last calculation):
 gaussian exponents:
 xp():   26.733715734841120        18.903591682419663        13.366857867420563        9.4517958412098331        6.6834289337102799        4.7258979206049156        3.3417144668551426        2.3629489603024596        1.6708572334275706        1.1814744801512300       0.83542861671378577       0.59073724007561523       0.41771430835689283       0.29536862003780756       0.20885715417844655       0.14768431001890384       0.10442857708922330        7.3842155009451932E-002   5.2214288544611659E-002   3.6921077504725973E-002   2.6107144272305836E-002   1.8460538752362993E-002   1.3053572136152922E-002   9.2302693761814984E-003   6.5267860680764608E-003   4.6151346880907509E-003   3.2633930340382317E-003   2.3075673440453759E-003   1.6316965170191159E-003   1.1537836720226882E-003   8.1584825850955836E-004   5.7689183601134419E-004   4.0792412925477934E-004   2.8844591800567210E-004   2.0396206462738965E-004   1.4422295900283613E-004   1.0198103231369488E-004   7.2111479501418065E-005   5.0990516156847438E-005   3.6055739750709039E-005
 orbital coefficients (one orbital per column)
 l,ispin:           0           1
 psi n=1,noccmax(l):
   -0.8292509419E-01    0.2967186793E-01   -0.1465447786E-01   -0.1423852797E-01    0.0000000000E+00    0.0000000000E+00    0.0000000000E+00   -0.4554225301E-01   -0.1336683098E-01
    0.4518403243E+00   -0.1642894451E+00    0.8112942323E-01    0.7904189072E-01    0.0000000000E+00    0.0000000000E+00    0.0000000000E+00    0.2606086043E+00    0.7846457362E-01
   -0.1128317893E+01    0.4157102120E+00   -0.2022509050E+00   -0.2005877978E+00    0.0000000000E+00    0.0000000000E+00    0.0000000000E+00   -0.6931065700E+00   -0.2115672792E+00
    0.1607004833E+01   -0.5969337920E+00    0.2754113723E+00    0.2891576178E+00    0.0000000000E+00    0.0000000000E+00    0.0000000000E+00    0.1082114284E+01    0.3312648437E+00
   -0.1192258165E+01    0.4376839192E+00   -0.1548836897E+00   -0.2137209716E+00    0.0000000000E+00    0.0000000000E+00    0.0000000000E+00   -0.1014393380E+01   -0.3051475914E+00
   -0.5462647762E+00    0.2601471425E+00   -0.2669057524E+00   -0.1253774845E+00    0.0000000000E+00    0.0000000000E+00    0.0000000000E+00    0.2739728925E+00    0.5188348352E-01
    0.2282139840E+01   -0.9977458622E+00    0.7205795909E+00    0.4932736863E+00    0.0000000000E+00    0.0000000000E+00    0.0000000000E+00    0.4739297571E+00    0.2419516886E+00
    0.1550178690E+01   -0.5871184144E+00    0.9089320069E-01    0.2675372615E+00    0.0000000000E+00    0.0000000000E+00    0.0000000000E+00    0.1204407185E+01    0.2855100736E+00
   -0.5925634267E+01    0.2585894247E+01   -0.1146288218E+01   -0.1253994605E+01    0.0000000000E+00    0.0000000000E+00    0.0000000000E+00   -0.2615425172E+01   -0.8786613617E+00
    0.6537266236E+00   -0.4950202191E+00   -0.3860358340E-01    0.2366504196E+00    0.0000000000E+00    0.0000000000E+00    0.0000000000E+00   -0.3416866129E+00   -0.1709370979E-01
   -0.3136012380E+00    0.3751725097E+00    0.1582462934E+00   -0.1609307691E+00    0.0000000000E+00    0.0000000000E+00    0.0000000000E+00   -0.7674314762E-02   -0.5010715609E-01
    0.1499509567E+01   -0.9312146861E+00    0.8418192915E-01    0.3972200325E+00    0.0000000000E+00    0.0000000000E+00    0.0000000000E+00    0.5788806917E+00    0.2565218561E+00
    0.4181714489E+00   -0.1900964800E+00    0.6307853406E+00    0.2571272273E+00    0.0000000000E+00    0.0000000000E+00    0.0000000000E+00    0.3817156384E+00    0.9808641475E-01
    0.6435748798E+00   -0.6069070664E+00   -0.2231913697E+00    0.9110774287E-01    0.0000000000E+00    0.0000000000E+00    0.0000000000E+00    0.3014371520E+00    0.1827009205E+00
   -0.2815259486E-01    0.3866495137E+00    0.2680928501E+00   -0.3918250086E-01    0.0000000000E+00    0.0000000000E+00    0.0000000000E+00    0.1056655429E+00   -0.7778909250E-01
    0.1580385280E+00   -0.7124095357E+00    0.3331984563E+00    0.7405922841E+00    0.0000000000E+00    0.0000000000E+00    0.0000000000E+00    0.7281717616E-01    0.1875537554E+00
   -0.8255112843E-01    0.5572460859E+00   -0.7128736970E+00   -0.1387685251E+01    0.0000000000E+00    0.0000000000E+00    0.0000000000E+00    0.6721514270E-02   -0.1054510773E+00
    0.5983529688E-01   -0.1285420681E+00    0.6420323988E+00    0.1741267599E+01    0.0000000000E+00    0.0000000000E+00    0.0000000000E+00    0.8520066405E-02    0.2527708249E-01
   -0.4066261958E-01    0.2391443477E+00   -0.5992070499E+00   -0.2127394087E+01    0.0000000000E+00    0.0000000000E+00    0.0000000000E+00   -0.2661707271E-02   -0.2525862576E-01
    0.2738481792E-01    0.2254961680E-01    0.1129439682E-01    0.1538334789E+01    0.0000000000E+00    0.0000000000E+00    0.0000000000E+00    0.1727961397E-02   -0.1598605033E-01
   -0.1819506180E-01    0.9165641482E-01   -0.2255709372E+00   -0.2157441256E+01    0.0000000000E+00    0.0000000000E+00    0.0000000000E+00   -0.9588722212E-03   -0.1833611754E-01
    0.1191816203E-01   -0.2098787420E-01    0.8835412423E-01    0.1892048884E+01    0.0000000000E+00    0.0000000000E+00    0.0000000000E+00    0.5272887617E-03   -0.6295947019E-02
   -0.7691279178E-02    0.1893954249E-01    0.2172384053E+00    0.4540560876E+00    0.0000000000E+00    0.0000000000E+00    0.0000000000E+00   -0.2841863872E-03   -0.1731949502E-02
    0.4887263709E-02   -0.1169015372E-01   -0.4013115853E-02   -0.1076446276E+01    0.0000000000E+00    0.0000000000E+00    0.0000000000E+00    0.1499864670E-03    0.5847433834E-03
   -0.3056012347E-02    0.7059983463E-02   -0.4818987364E-02    0.4214129130E+00    0.0000000000E+00    0.0000000000E+00    0.0000000000E+00   -0.7749152755E-04   -0.2708353619E-03
    0.1879304427E-02   -0.4163961725E-02    0.4437902057E-02   -0.1970121921E+00    0.0000000000E+00    0.0000000000E+00    0.0000000000E+00    0.3920072494E-04    0.1282192010E-03
   -0.1135786043E-02    0.2402603123E-02   -0.3013589360E-02    0.9850386997E-01    0.0000000000E+00    0.0000000000E+00    0.0000000000E+00   -0.1942728592E-04   -0.6026390062E-04
    0.6740788202E-03   -0.1358783956E-02    0.1843071407E-02   -0.5062655909E-01    0.0000000000E+00    0.0000000000E+00    0.0000000000E+00    0.9438767158E-05    0.2797148177E-04
   -0.3924700418E-03    0.7543532115E-03   -0.1066537149E-02    0.2628776836E-01    0.0000000000E+00    0.0000000000E+00    0.0000000000E+00   -0.4498443789E-05   -0.1281169544E-04
    0.2238617349E-03   -0.4113808806E-03    0.5950725028E-03   -0.1366393679E-01    0.0000000000E+00    0.0000000000E+00    0.0000000000E+00    0.2103395335E-05    0.5789819766E-05
   -0.1248306188E-03    0.2202279908E-03   -0.3226449943E-03    0.7063699064E-02    0.0000000000E+00    0.0000000000E+00    0.0000000000E+00   -0.9642547326E-06   -0.2579232789E-05
    0.6782800330E-04   -0.1154487087E-03    0.1703294851E-03   -0.3609352440E-02    0.0000000000E+00    0.0000000000E+00    0.0000000000E+00    0.4325019589E-06    0.1129871586E-05
   -0.3572810994E-04    0.5897605405E-04   -0.8733899655E-04    0.1809431040E-02    0.0000000000E+00    0.0000000000E+00    0.0000000000E+00   -0.1890369660E-06   -0.4844914818E-06
    0.1809873564E-04   -0.2912027267E-04    0.4320661963E-04   -0.8811475217E-03    0.0000000000E+00    0.0000000000E+00    0.0000000000E+00    0.7995200859E-07    0.2018165913E-06
   -0.8709340792E-05    0.1372250411E-04   -0.2037766875E-04    0.4110221329E-03    0.0000000000E+00    0.0000000000E+00    0.0000000000E+00   -0.3235500482E-07   -0.8070023658E-07
    0.3907484698E-05   -0.6053780118E-05    0.8992172024E-05   -0.1799747120E-03    0.0000000000E+00    0.0000000000E+00    0.0000000000E+00    0.1230962834E-07    0.3041906477E-07
   -0.1588612906E-05    0.2428556356E-05   -0.3607230640E-05    0.7180461572E-04    0.0000000000E+00    0.0000000000E+00    0.0000000000E+00   -0.4284722664E-08   -0.1051295903E-07
    0.5600325455E-06   -0.8472431525E-06    0.1258234535E-05   -0.2494997497E-04    0.0000000000E+00    0.0000000000E+00    0.0000000000E+00    0.1307522965E-08    0.3190742684E-08
   -0.1594011293E-06    0.2392108571E-06   -0.3551737840E-06    0.7023779189E-05    0.0000000000E+00    0.0000000000E+00    0.0000000000E+00   -0.3261868289E-09   -0.7927317735E-09
    0.3221081081E-07   -0.4804089607E-07    0.7131433431E-07   -0.1407584477E-05    0.0000000000E+00    0.0000000000E+00    0.0000000000E+00    0.5857470652E-10    0.1419166803E-09
   -0.3414995992E-08    0.5069572783E-08   -0.7524056341E-08    0.1483069953E-06    0.0000000000E+00    0.0000000000E+00    0.0000000000E+00   -0.5601074867E-11   -0.1353941134E-10
 l,ispin:           1           1
 psi n=1,noccmax(l):
   -0.4554225301E-01   -0.1336683098E-01    0.7393088306E-02    0.1572654683E-01    0.0000000000E+00    0.0000000000E+00    0.0000000000E+00   -0.1104804259E-01   -0.6166165389E-02
    0.2606086043E+00    0.7846457362E-01   -0.4756950659E-01   -0.8351215385E-01    0.0000000000E+00    0.0000000000E+00    0.0000000000E+00    0.1680916540E-02    0.2159530600E-02
   -0.6931065700E+00   -0.2115672792E+00    0.1326205837E+00    0.2161844659E+00    0.0000000000E+00    0.0000000000E+00    0.0000000000E+00    0.7703862771E-01    0.3854197338E-01
    0.1082114284E+01    0.3312648437E+00   -0.2037334518E+00   -0.3472931947E+00    0.0000000000E+00    0.0000000000E+00    0.0000000000E+00   -0.1834765418E+00   -0.9515358134E-01
   -0.1014393380E+01   -0.3051475914E+00    0.1636689866E+00    0.3710314326E+00    0.0000000000E+00    0.0000000000E+00    0.0000000000E+00    0.1957768751E+00    0.1043616708E+00
    0.2739728925E+00    0.5188348352E-01    0.4847282978E-01   -0.2194155048E+00    0.0000000000E+00    0.0000000000E+00    0.0000000000E+00   -0.1212492857E-01   -0.1359469831E-01
    0.4739297571E+00    0.2419516886E+00   -0.2919001048E+00    0.1850449302E-01    0.0000000000E+00    0.0000000000E+00    0.0000000000E+00   -0.2757144580E+00   -0.1375705263E+00
    0.1204407185E+01    0.2855100736E+00   -0.1035364082E+00   -0.4037349995E+00    0.0000000000E+00    0.0000000000E+00    0.0000000000E+00   -0.9888648487E-01   -0.3684623494E-01
   -0.2615425172E+01   -0.8786613617E+00    0.5706030032E+00    0.8559961597E+00    0.0000000000E+00    0.0000000000E+00    0.0000000000E+00    0.6757897852E+00    0.3398504899E+00
   -0.3416866129E+00   -0.1709370979E-01    0.1126754408E+00   -0.2136936558E+00    0.0000000000E+00    0.0000000000E+00    0.0000000000E+00   -0.6381453859E-01   -0.4448119339E-01
   -0.7674314762E-02   -0.5010715609E-01   -0.6734713041E-01    0.2397430064E+00    0.0000000000E+00    0.0000000000E+00    0.0000000000E+00    0.7063279998E-01    0.3652708219E-01
    0.5788806917E+00    0.2565218561E+00   -0.9259963727E-01   -0.3735593556E+00    0.0000000000E+00    0.0000000000E+00    0.0000000000E+00   -0.1076928562E+00   -0.6590970631E-01
    0.3817156384E+00    0.9808641475E-01   -0.1885713841E+00    0.8205273964E-01    0.0000000000E+00    0.0000000000E+00    0.0000000000E+00   -0.9895292163E-01   -0.3783530964E-01
    0.3014371520E+00    0.1827009205E+00   -0.3422704195E-01   -0.2704081436E+00    0.0000000000E+00    0.0000000000E+00    0.0000000000E+00   -0.8880355109E-01   -0.5968089623E-01
    0.1056655429E+00   -0.7778909250E-01   -0.2876410009E-01    0.1945391162E+00    0.0000000000E+00    0.0000000000E+00    0.0000000000E+00   -0.3637145802E-01    0.2110464046E-02
    0.7281717616E-01    0.1875537554E+00   -0.1152351606E+00   -0.3474120408E+00    0.0000000000E+00    0.0000000000E+00    0.0000000000E+00   -0.2709637418E-01   -0.3551952797E-01
    0.6721514270E-02   -0.1054510773E+00    0.1113361800E+00    0.3746715961E+00    0.0000000000E+00    0.0000000000E+00    0.0000000000E+00   -0.1980462094E-01    0.1815241459E-02
    0.8520066405E-02    0.2527708249E-01   -0.7431179492E-01   -0.3687688555E+00    0.0000000000E+00    0.0000000000E+00    0.0000000000E+00   -0.5322776737E-02   -0.4193881785E-02
   -0.2661707271E-02   -0.2525862576E-01    0.6322883386E-01    0.3735443188E+00    0.0000000000E+00    0.0000000000E+00    0.0000000000E+00   -0.4593203766E-02   -0.4108410669E-02
    0.1727961397E-02   -0.1598605033E-01    0.2350086719E-01   -0.2453957297E+00    0.0000000000E+00    0.0000000000E+00    0.0000000000E+00   -0.1241908236E-02    0.1369029692E-02
   -0.9588722212E-03   -0.1833611754E-01    0.2632600339E-01    0.3301291254E+00    0.0000000000E+00    0.0000000000E+00    0.0000000000E+00   -0.6406213873E-03    0.1059744653E-02
    0.5272887617E-03   -0.6295947019E-02    0.1870325428E-01   -0.2189764938E+00    0.0000000000E+00    0.0000000000E+00    0.0000000000E+00   -0.1202884872E-04    0.2316089077E-02
   -0.2841863872E-03   -0.1731949502E-02   -0.4304961238E-01   -0.7210672300E-01    0.0000000000E+00    0.0000000000E+00    0.0000000000E+00   -0.3048896223E-04    0.1059003030E-02
    0.1499864670E-03    0.5847433834E-03    0.2671318797E-02    0.1077390076E+00    0.0000000000E+00    0.0000000000E+00    0.0000000000E+00    0.1301088776E-04   -0.1422163735E-03
   -0.7749152755E-04   -0.2708353619E-03   -0.7528096774E-03   -0.3473151427E-01    0.0000000000E+00    0.0000000000E+00    0.0000000000E+00   -0.5488596650E-05    0.4261064907E-04
    0.3920072494E-04    0.1282192010E-03    0.2685943185E-03    0.1340472354E-01    0.0000000000E+00    0.0000000000E+00    0.0000000000E+00    0.2252696156E-05   -0.1473883010E-04
   -0.1942728592E-04   -0.6026390062E-04   -0.1043606669E-03   -0.5546307383E-02    0.0000000000E+00    0.0000000000E+00    0.0000000000E+00   -0.9029708600E-06    0.5337100285E-05
    0.9438767158E-05    0.2797148177E-04    0.4233538512E-04    0.2365252015E-02    0.0000000000E+00    0.0000000000E+00    0.0000000000E+00    0.3548249589E-06   -0.1964009438E-05
   -0.4498443789E-05   -0.1281169544E-04   -0.1760839243E-04   -0.1021876966E-02    0.0000000000E+00    0.0000000000E+00    0.0000000000E+00   -0.1370947091E-06    0.7259433339E-06
    0.2103395335E-05    0.5789819766E-05    0.7427244818E-05    0.4431786007E-03    0.0000000000E+00    0.0000000000E+00    0.0000000000E+00    0.5217863647E-07   -0.2679507084E-06
   -0.9642547326E-06   -0.2579232789E-05   -0.3150121352E-05   -0.1917130313E-03    0.0000000000E+00    0.0000000000E+00    0.0000000000E+00   -0.1957052867E-07    0.9836037637E-07
    0.4325019589E-06    0.1129871586E-05    0.1332762092E-05    0.8223060358E-04    0.0000000000E+00    0.0000000000E+00    0.0000000000E+00    0.7223622310E-08   -0.3575746403E-07
   -0.1890369660E-06   -0.4844914818E-06   -0.5576242657E-06   -0.3472910455E-04    0.0000000000E+00    0.0000000000E+00    0.0000000000E+00   -0.2614495579E-08    0.1280294462E-07
    0.7995200859E-07    0.2018165913E-06    0.2282992901E-06    0.1430883723E-04    0.0000000000E+00    0.0000000000E+00    0.0000000000E+00    0.9218356133E-09   -0.4479592370E-08
   -0.3235500482E-07   -0.8070023658E-07   -0.9018823495E-07   -0.5676573925E-05    0.0000000000E+00    0.0000000000E+00    0.0000000000E+00   -0.3132573514E-09    0.1513941808E-08
    0.1230962834E-07    0.3041906477E-07    0.3370724830E-07    0.2127539201E-05    0.0000000000E+00    0.0000000000E+00    0.0000000000E+00    0.1008866182E-09   -0.4856767327E-09
   -0.4284722664E-08   -0.1051295903E-07   -0.1158008006E-07   -0.7322646287E-06    0.0000000000E+00    0.0000000000E+00    0.0000000000E+00   -0.2999781487E-10    0.1440110421E-09
    0.1307522965E-08    0.3190742684E-08    0.3499966217E-08    0.2215877943E-06    0.0000000000E+00    0.0000000000E+00    0.0000000000E+00    0.7901489186E-11   -0.3785772722E-10
   -0.3261868289E-09   -0.7927317735E-09   -0.8670171490E-09   -0.5493540103E-07    0.0000000000E+00    0.0000000000E+00    0.0000000000E+00   -0.1721739645E-11    0.8237585848E-11
    0.5857470652E-10    0.1419166803E-09    0.1548976868E-09    0.9819563456E-08    0.0000000000E+00    0.0000000000E+00    0.0000000000E+00    0.2736723598E-12   -0.1308057384E-11
   -0.5601074867E-11   -0.1353941134E-10   -0.1475664815E-10   -0.9357920959E-09    0.0000000000E+00    0.0000000000E+00    0.0000000000E+00   -0.2350243146E-13    0.1122529853E-12
 l,ispin:           1           2
 psi n=1,noccmax(l):
    0.5886710352E-01   -0.1592401621E-01   -0.8027853236E-02   -0.1405479880E-01    0.0000000000E+00    0.0000000000E+00    0.0000000000E+00   -0.2022282826E-01   -0.1004542464E-01
   -0.3934146096E+00    0.1120297245E+00    0.6400977600E-01    0.8843938945E-01    0.0000000000E+00    0.0000000000E+00    0.0000000000E+00    0.2057732953E-01    0.1163982117E-01
    0.1141767134E+01   -0.3331834618E+00   -0.1983262282E+00   -0.2523246746E+00    0.0000000000E+00    0.0000000000E+00    0.0000000000E+00    0.7273936804E-01    0.3073614939E-01
   -0.1871035348E+01    0.5526043089E+00    0.3280475502E+00    0.4208521164E+00    0.0000000000E+00    0.0000000000E+00    0.0000000000E+00   -0.2128698427E+00   -0.9639507775E-01
    0.1831990746E+01   -0.5453607715E+00   -0.3039388559E+00   -0.4456229292E+00    0.0000000000E+00    0.0000000000E+00    0.0000000000E+00    0.2401201267E+00    0.1112751943E+00
   -0.5033528974E+00    0.1460327013E+00    0.1514846433E-01    0.2166212966E+00    0.0000000000E+00    0.0000000000E+00    0.0000000000E+00   -0.2393251446E-01   -0.1482608463E-01
   -0.1949891362E+01    0.6469980462E+00    0.5430996905E+00    0.2762317016E+00    0.0000000000E+00    0.0000000000E+00    0.0000000000E+00   -0.3584608455E+00   -0.1647953444E+00
    0.9808597509E+00   -0.4347596910E+00   -0.4134741590E+00   -0.1501702134E+00    0.0000000000E+00    0.0000000000E+00    0.0000000000E+00   -0.1521522974E-01    0.9055155864E-02
    0.3318125046E+01   -0.9803523876E+00   -0.5578952235E+00   -0.7513819815E+00    0.0000000000E+00    0.0000000000E+00    0.0000000000E+00    0.7668588707E+00    0.3453438282E+00
   -0.9092589050E+00    0.3245963784E+00    0.1136210265E+00    0.3413756503E+00    0.0000000000E+00    0.0000000000E+00    0.0000000000E+00   -0.8634493557E-01   -0.4999007756E-01
   -0.2177768898E+00    0.6319961739E-01    0.1573331013E+00   -0.7869372897E-01    0.0000000000E+00    0.0000000000E+00    0.0000000000E+00    0.3807349145E-01    0.1701488465E-01
   -0.9763305178E+00    0.3707257536E+00    0.1427294815E+00    0.3433801081E+00    0.0000000000E+00    0.0000000000E+00    0.0000000000E+00   -0.1433698483E+00   -0.7561143605E-01
   -0.2990155978E+00    0.1147673149E+00    0.2040916629E+00    0.3232889853E-02    0.0000000000E+00    0.0000000000E+00    0.0000000000E+00   -0.1170261179E+00   -0.4244191200E-01
   -0.3136378276E+00    0.1423731912E+00   -0.2785309372E-01    0.1365051488E+00    0.0000000000E+00    0.0000000000E+00    0.0000000000E+00   -0.9705600839E-01   -0.5828800679E-01
   -0.2556102857E-01   -0.6934802154E-01    0.6834617001E-01   -0.7597577036E-01    0.0000000000E+00    0.0000000000E+00    0.0000000000E+00   -0.3914701382E-01    0.2154268799E-02
   -0.6025602446E-01    0.1419042689E+00    0.3642015953E-01    0.1791107096E+00    0.0000000000E+00    0.0000000000E+00    0.0000000000E+00   -0.2944158927E-01   -0.3549400439E-01
    0.1694565680E-01   -0.1227460737E+00   -0.9889287536E-01   -0.2696153009E+00    0.0000000000E+00    0.0000000000E+00    0.0000000000E+00   -0.1832181340E-01    0.4089540406E-02
   -0.1289275635E-01    0.1807661849E-01    0.5905263307E-01    0.2627597643E+00    0.0000000000E+00    0.0000000000E+00    0.0000000000E+00   -0.5412002346E-02   -0.4265516940E-02
    0.7152039727E-02   -0.3926013740E-01   -0.7798488155E-01   -0.3157846648E+00    0.0000000000E+00    0.0000000000E+00    0.0000000000E+00   -0.3967063857E-02   -0.3103548213E-02
   -0.4075537707E-02   -0.1307847416E-01   -0.1281412095E-01    0.1973638863E+00    0.0000000000E+00    0.0000000000E+00    0.0000000000E+00   -0.9950095965E-03    0.1655705554E-02
    0.2278904240E-02   -0.1654465583E-01   -0.2404029603E-01   -0.2636818321E+00    0.0000000000E+00    0.0000000000E+00    0.0000000000E+00   -0.4640399581E-03    0.1353239498E-02
   -0.1252444699E-02   -0.1936691112E-02    0.3523082428E-02    0.2401578266E+00    0.0000000000E+00    0.0000000000E+00    0.0000000000E+00    0.7917674182E-05    0.2264391938E-02
    0.6759271436E-03   -0.1500279049E-02    0.3130012056E-01    0.4427701052E-02    0.0000000000E+00    0.0000000000E+00    0.0000000000E+00   -0.2357390596E-04    0.9293127989E-03
   -0.3580210055E-03    0.6869129039E-03   -0.2719416071E-02   -0.7225159893E-01    0.0000000000E+00    0.0000000000E+00    0.0000000000E+00    0.1020989328E-04   -0.1287706772E-03
    0.1860562312E-03   -0.3401026934E-03    0.7839648062E-03    0.2391397531E-01    0.0000000000E+00    0.0000000000E+00    0.0000000000E+00   -0.4312849017E-05    0.3895754451E-04
   -0.9485360747E-04    0.1658243591E-03   -0.2781491698E-03   -0.9321950809E-02    0.0000000000E+00    0.0000000000E+00    0.0000000000E+00    0.1771836622E-05   -0.1355259144E-04
    0.4744044215E-04   -0.7925697944E-04    0.1072513078E-03    0.3877551559E-02    0.0000000000E+00    0.0000000000E+00    0.0000000000E+00   -0.7109921886E-06    0.4925874271E-05
   -0.2327896670E-04    0.3718441860E-04   -0.4324413539E-04   -0.1659165017E-02    0.0000000000E+00    0.0000000000E+00    0.0000000000E+00    0.2796999504E-06   -0.1817254532E-05
    0.1120697065E-04   -0.1715623578E-04    0.1790805803E-04    0.7184793209E-03    0.0000000000E+00    0.0000000000E+00    0.0000000000E+00   -0.1081833999E-06    0.6728655666E-06
   -0.5291265357E-05    0.7792965712E-05   -0.7530961644E-05   -0.3121134208E-03    0.0000000000E+00    0.0000000000E+00    0.0000000000E+00    0.4121386071E-07   -0.2486590239E-06
    0.2447416906E-05   -0.3484276300E-05    0.3187639352E-05    0.1351786397E-03    0.0000000000E+00    0.0000000000E+00    0.0000000000E+00   -0.1547042665E-07    0.9135566694E-07
   -0.1106476855E-05    0.1530349552E-05   -0.1346820113E-05   -0.5803276555E-04    0.0000000000E+00    0.0000000000E+00    0.0000000000E+00    0.5714024419E-08   -0.3323062757E-07
    0.4869171409E-06   -0.6574623989E-06    0.5630085926E-06    0.2452534380E-04    0.0000000000E+00    0.0000000000E+00    0.0000000000E+00   -0.2069215409E-08    0.1190314715E-07
   -0.2071141300E-06    0.2742442516E-06   -0.2303717209E-06   -0.1010957451E-04    0.0000000000E+00    0.0000000000E+00    0.0000000000E+00    0.7298827681E-09   -0.4165978404E-08
    0.8420639147E-07   -0.1097708575E-06    0.9097350376E-07    0.4012053893E-05    0.0000000000E+00    0.0000000000E+00    0.0000000000E+00   -0.2481087635E-09    0.1408240166E-08
   -0.3215687104E-07    0.4140669912E-07   -0.3399281212E-07   -0.1504074446E-05    0.0000000000E+00    0.0000000000E+00    0.0000000000E+00    0.7992502031E-10   -0.4518325210E-09
    0.1122629798E-07   -0.1431778524E-07    0.1167647821E-07    0.5177751409E-06    0.0000000000E+00    0.0000000000E+00    0.0000000000E+00   -0.2376956066E-10    0.1339892869E-09
   -0.3433724015E-08    0.4347164763E-08   -0.3528782309E-08   -0.1567033734E-06    0.0000000000E+00    0.0000000000E+00    0.0000000000E+00    0.6261848278E-11   -0.3522571913E-10
    0.8581334264E-09   -0.1080335336E-08    0.8741072522E-09    0.3885331076E-07    0.0000000000E+00    0.0000000000E+00    0.0000000000E+00   -0.1364606703E-11    0.7665264601E-11
   -0.1543076005E-09    0.1934420215E-09   -0.1561591964E-09   -0.6945432619E-08    0.0000000000E+00    0.0000000000E+00    0.0000000000E+00    0.2169229332E-12   -0.1217220898E-11
    0.1477042499E-10   -0.1845773383E-10    0.1487653718E-10    0.6619256829E-09    0.0000000000E+00    0.0000000000E+00    0.0000000000E+00   -0.1862999853E-13    0.1044603217E-12
 l,ispin:           2           1
 psi n=1,noccmax(l):
   -0.1104804259E-01   -0.6166165389E-02   -0.1457463637E-01    0.4335931378E-01    0.0000000000E+00    0.0000000000E+00    0.0000000000E+00   -0.4497913801E+01
    0.1680916540E-02    0.2159530600E-02    0.3182260411E-01   -0.1701972525E+00    0.0000000000E+00    0.0000000000E+00    0.0000000000E+00    0.1229760636E+02
    0.7703862771E-01    0.3854197338E-01   -0.1792917538E-01    0.3634854574E+00    0.0000000000E+00    0.0000000000E+00    0.0000000000E+00   -0.1549496094E+02
   -0.1834765418E+00   -0.9515358134E-01   -0.1738596114E-01   -0.5428235641E+00    0.0000000000E+00    0.0000000000E+00    0.0000000000E+00    0.1123338441E+02
    0.1957768751E+00    0.1043616708E+00    0.1743302963E-01    0.6151950391E+00    0.0000000000E+00    0.0000000000E+00    0.0000000000E+00   -0.6142535415E+01
   -0.1212492857E-01   -0.1359469831E-01    0.6929720660E-01   -0.5312144986E+00    0.0000000000E+00    0.0000000000E+00    0.0000000000E+00    0.6679257700E+01
   -0.2757144580E+00   -0.1375705263E+00   -0.2116825302E+00    0.3404613480E+00    0.0000000000E+00    0.0000000000E+00    0.0000000000E+00   -0.1013124411E+02
   -0.9888648487E-01   -0.3684623494E-01    0.4386453168E-01   -0.4381884954E+00    0.0000000000E+00    0.0000000000E+00    0.0000000000E+00   -0.5281620052E+01
    0.6757897852E+00    0.3398504899E+00    0.2627123068E+00    0.6834430137E+00    0.0000000000E+00    0.0000000000E+00    0.0000000000E+00   -0.2123379937E+01
   -0.6381453859E-01   -0.4448119339E-01    0.3050303443E-02   -0.3478074913E+00    0.0000000000E+00    0.0000000000E+00    0.0000000000E+00   -0.1211050350E+01
    0.7063279998E-01    0.3652708219E-01   -0.8480353104E-02    0.2729036300E+00    0.0000000000E+00    0.0000000000E+00    0.0000000000E+00   -0.4435273135E+00
   -0.1076928562E+00   -0.6590970631E-01   -0.3255530832E-01   -0.2652806600E+00    0.0000000000E+00    0.0000000000E+00    0.0000000000E+00   -0.2061202939E+00
   -0.9895292163E-01   -0.3783530964E-01   -0.6100555807E-01    0.1237569246E+00    0.0000000000E+00    0.0000000000E+00    0.0000000000E+00   -0.6259467709E-01
   -0.8880355109E-01   -0.5968089623E-01   -0.3872613582E-01   -0.1894530349E+00    0.0000000000E+00    0.0000000000E+00    0.0000000000E+00   -0.2609935224E-01
   -0.3637145802E-01    0.2110464046E-02   -0.7922601759E-02    0.1161295305E+00    0.0000000000E+00    0.0000000000E+00    0.0000000000E+00   -0.6242963502E-02
   -0.2709637418E-01   -0.3551952797E-01   -0.3263993590E-01   -0.1406471042E+00    0.0000000000E+00    0.0000000000E+00    0.0000000000E+00   -0.3062844941E-02
   -0.1980462094E-01    0.1815241459E-02    0.3007032983E-02    0.9527238350E-01    0.0000000000E+00    0.0000000000E+00    0.0000000000E+00   -0.4049358318E-03
   -0.5322776737E-02   -0.4193881785E-02   -0.4211283856E-02   -0.8272564460E-01    0.0000000000E+00    0.0000000000E+00    0.0000000000E+00   -0.2634781928E-03
   -0.4593203766E-02   -0.4108410669E-02   -0.6843910165E-02    0.5697396172E-01    0.0000000000E+00    0.0000000000E+00    0.0000000000E+00    0.5239087569E-05
   -0.1241908236E-02    0.1369029692E-02    0.8100568276E-02   -0.3985500075E-01    0.0000000000E+00    0.0000000000E+00    0.0000000000E+00   -0.2130129566E-04
   -0.6406213873E-03    0.1059744653E-02   -0.2593793640E-02    0.4166994323E-01    0.0000000000E+00    0.0000000000E+00    0.0000000000E+00    0.5957149807E-05
   -0.1202884872E-04    0.2316089077E-02    0.1289676599E-01   -0.1367053776E-02    0.0000000000E+00    0.0000000000E+00    0.0000000000E+00   -0.2475801665E-05
   -0.3048896223E-04    0.1059003030E-02   -0.6593191064E-02   -0.2530882407E-01    0.0000000000E+00    0.0000000000E+00    0.0000000000E+00    0.9259809929E-06
    0.1301088776E-04   -0.1422163735E-03   -0.4719663840E-03    0.1476032330E-01    0.0000000000E+00    0.0000000000E+00    0.0000000000E+00   -0.3376633426E-06
   -0.5488596650E-05    0.4261064907E-04    0.1482325292E-03   -0.3727719027E-02    0.0000000000E+00    0.0000000000E+00    0.0000000000E+00    0.1197154173E-06
    0.2252696156E-05   -0.1473883010E-04   -0.4917457981E-04    0.1167713343E-02    0.0000000000E+00    0.0000000000E+00    0.0000000000E+00   -0.4135295818E-07
   -0.9029708600E-06    0.5337100285E-05    0.1709439874E-04   -0.3966183878E-03    0.0000000000E+00    0.0000000000E+00    0.0000000000E+00    0.1395871239E-07
    0.3548249589E-06   -0.1964009438E-05   -0.6096203731E-05    0.1396686569E-03    0.0000000000E+00    0.0000000000E+00    0.0000000000E+00   -0.4618938112E-08
   -0.1370947091E-06    0.7259433339E-06    0.2202137446E-05   -0.5003506117E-04    0.0000000000E+00    0.0000000000E+00    0.0000000000E+00    0.1502459590E-08
    0.5217863647E-07   -0.2679507084E-06   -0.7994628228E-06    0.1805546405E-04    0.0000000000E+00    0.0000000000E+00    0.0000000000E+00   -0.4813553345E-09
   -0.1957052867E-07    0.9836037637E-07    0.2899947614E-06   -0.6519640660E-05    0.0000000000E+00    0.0000000000E+00    0.0000000000E+00    0.1520002813E-09
    0.7223622310E-08   -0.3575746403E-07   -0.1045259428E-06    0.2341793374E-05    0.0000000000E+00    0.0000000000E+00    0.0000000000E+00   -0.4726832196E-10
   -0.2614495579E-08    0.1280294462E-07    0.3719675171E-07   -0.8311465965E-06    0.0000000000E+00    0.0000000000E+00    0.0000000000E+00    0.1443402432E-10
    0.9218356133E-09   -0.4479592370E-08   -0.1295763619E-07    0.2889501907E-06    0.0000000000E+00    0.0000000000E+00    0.0000000000E+00   -0.4303652535E-11
   -0.3132573514E-09    0.1513941808E-08    0.4365460487E-08   -0.9719988121E-07    0.0000000000E+00    0.0000000000E+00    0.0000000000E+00    0.1240932380E-11
    0.1008866182E-09   -0.4856767327E-09   -0.1397301700E-08    0.3107626866E-07    0.0000000000E+00    0.0000000000E+00    0.0000000000E+00   -0.3407224479E-12
   -0.2999781487E-10    0.1440110421E-09    0.4136558401E-09   -0.9191926348E-08    0.0000000000E+00    0.0000000000E+00    0.0000000000E+00    0.8691903943E-13
    0.7901489186E-11   -0.3785772722E-10   -0.1086170250E-09    0.2412066723E-08    0.0000000000E+00    0.0000000000E+00    0.0000000000E+00   -0.1980166251E-13
   -0.1721739645E-11    0.8237585848E-11    0.2361490404E-10   -0.5241716140E-09    0.0000000000E+00    0.0000000000E+00    0.0000000000E+00    0.3769326493E-14
    0.2736723598E-12   -0.1308057384E-11   -0.3747642310E-11    0.8315630791E-10    0.0000000000E+00    0.0000000000E+00    0.0000000000E+00   -0.5296412550E-15
   -0.2350243146E-13    0.1122529853E-12    0.3214751895E-12   -0.7131393910E-11    0.0000000000E+00    0.0000000000E+00    0.0000000000E+00    0.4075435630E-16
 l,ispin:           2           2
 psi n=1,noccmax(l):
   -0.2022282826E-01   -0.1004542464E-01   -0.1751412060E-01   -0.3848701448E-01    0.0000000000E+00    0.0000000000E+00    0.0000000000E+00    0.4620253111E+01
    0.2057732953E-01    0.1163982117E-01    0.3822428978E-01    0.1569908458E+00    0.0000000000E+00    0.0000000000E+00    0.0000000000E+00   -0.1263705883E+02
    0.7273936804E-01    0.3073614939E-01   -0.2044463213E-01   -0.3479722903E+00    0.0000000000E+00    0.0000000000E+00    0.0000000000E+00    0.1593030851E+02
   -0.2128698427E+00   -0.9639507775E-01   -0.2524725317E-01    0.5326118277E+00    0.0000000000E+00    0.0000000000E+00    0.0000000000E+00   -0.1155934888E+02
    0.2401201267E+00    0.1112751943E+00    0.3143841867E-01   -0.6085890400E+00    0.0000000000E+00    0.0000000000E+00    0.0000000000E+00    0.6334397918E+01
   -0.2393251446E-01   -0.1482608463E-01    0.6104785938E-01    0.5188945529E+00    0.0000000000E+00    0.0000000000E+00    0.0000000000E+00   -0.6898291484E+01
   -0.3584608455E+00   -0.1647953444E+00   -0.2314121827E+00   -0.3020127880E+00    0.0000000000E+00    0.0000000000E+00    0.0000000000E+00    0.1044769456E+02
   -0.1521522974E-01    0.9055155864E-02    0.8118335165E-01    0.3840698947E+00    0.0000000000E+00    0.0000000000E+00    0.0000000000E+00    0.5482395765E+01
    0.7668588707E+00    0.3453438282E+00    0.2741108927E+00   -0.6795579970E+00    0.0000000000E+00    0.0000000000E+00    0.0000000000E+00    0.2193367805E+01
   -0.8634493557E-01   -0.4999007756E-01   -0.6174783662E-02    0.3447784374E+00    0.0000000000E+00    0.0000000000E+00    0.0000000000E+00    0.1229313351E+01
    0.3807349145E-01    0.1701488465E-01   -0.2354356408E-01   -0.2478980948E+00    0.0000000000E+00    0.0000000000E+00    0.0000000000E+00    0.4437056692E+00
   -0.1433698483E+00   -0.7561143605E-01   -0.4422907494E-01    0.2684734895E+00    0.0000000000E+00    0.0000000000E+00    0.0000000000E+00    0.2031786771E+00
   -0.1170261179E+00   -0.4244191200E-01   -0.6421428948E-01   -0.1134756843E+00    0.0000000000E+00    0.0000000000E+00    0.0000000000E+00    0.6005867265E-01
   -0.9705600839E-01   -0.5828800679E-01   -0.3835822379E-01    0.1827862415E+00    0.0000000000E+00    0.0000000000E+00    0.0000000000E+00    0.2471433636E-01
   -0.3914701382E-01    0.2154268799E-02   -0.7782736548E-02   -0.1106974757E+00    0.0000000000E+00    0.0000000000E+00    0.0000000000E+00    0.5628012851E-02
   -0.2944158927E-01   -0.3549400439E-01   -0.3282860599E-01    0.1359234512E+00    0.0000000000E+00    0.0000000000E+00    0.0000000000E+00    0.2726861296E-02
   -0.1832181340E-01    0.4089540406E-02    0.5975297004E-02   -0.9477829693E-01    0.0000000000E+00    0.0000000000E+00    0.0000000000E+00    0.2892975828E-03
   -0.5412002346E-02   -0.4265516940E-02   -0.5447447334E-02    0.8151777161E-01    0.0000000000E+00    0.0000000000E+00    0.0000000000E+00    0.2244402430E-03
   -0.3967063857E-02   -0.3103548213E-02   -0.4375793636E-02   -0.5841993622E-01    0.0000000000E+00    0.0000000000E+00    0.0000000000E+00   -0.1712157498E-04
   -0.9950095965E-03    0.1655705554E-02    0.7451108063E-02    0.3969022886E-01    0.0000000000E+00    0.0000000000E+00    0.0000000000E+00    0.1918758202E-04
   -0.4640399581E-03    0.1353239498E-02   -0.1318728307E-02   -0.4317086000E-01    0.0000000000E+00    0.0000000000E+00    0.0000000000E+00   -0.6246691994E-05
    0.7917674182E-05    0.2264391938E-02    0.1155902929E-01    0.5865625656E-02    0.0000000000E+00    0.0000000000E+00    0.0000000000E+00    0.2484549146E-05
   -0.2357390596E-04    0.9293127989E-03   -0.6494538092E-02    0.2213182656E-01    0.0000000000E+00    0.0000000000E+00    0.0000000000E+00   -0.9319258771E-06
    0.1020989328E-04   -0.1287706772E-03   -0.3173712798E-03   -0.1377932432E-01    0.0000000000E+00    0.0000000000E+00    0.0000000000E+00    0.3402026985E-06
   -0.4312849017E-05    0.3895754451E-04    0.1028844532E-03    0.3524806016E-02    0.0000000000E+00    0.0000000000E+00    0.0000000000E+00   -0.1208279446E-06
    0.1771836622E-05   -0.1355259144E-04   -0.3408442272E-04   -0.1110368340E-02    0.0000000000E+00    0.0000000000E+00    0.0000000000E+00    0.4183104548E-07
   -0.7109921886E-06    0.4925874271E-05    0.1179735264E-04    0.3783070788E-03    0.0000000000E+00    0.0000000000E+00    0.0000000000E+00   -0.1415510302E-07
    0.2796999504E-06   -0.1817254532E-05   -0.4191610568E-05   -0.1334735315E-03    0.0000000000E+00    0.0000000000E+00    0.0000000000E+00    0.4695537921E-08
   -0.1081833999E-06    0.6728655666E-06    0.1510080652E-05    0.4787508428E-04    0.0000000000E+00    0.0000000000E+00    0.0000000000E+00   -0.1530904407E-08
    0.4121386071E-07   -0.2486590239E-06   -0.5472092141E-06   -0.1729052687E-04    0.0000000000E+00    0.0000000000E+00    0.0000000000E+00    0.4914696831E-09
   -0.1547042665E-07    0.9135566694E-07    0.1982474158E-06    0.6247043885E-05    0.0000000000E+00    0.0000000000E+00    0.0000000000E+00   -0.1554631255E-09
    0.5714024419E-08   -0.3323062757E-07   -0.7139768978E-07   -0.2244785024E-05    0.0000000000E+00    0.0000000000E+00    0.0000000000E+00    0.4841415755E-10
   -0.2069215409E-08    0.1190314715E-07    0.2539388234E-07    0.7969423117E-06    0.0000000000E+00    0.0000000000E+00    0.0000000000E+00   -0.1480087152E-10
    0.7298827681E-09   -0.4165978404E-08   -0.8842898955E-08   -0.2771143352E-06    0.0000000000E+00    0.0000000000E+00    0.0000000000E+00    0.4417021305E-11
   -0.2481087635E-09    0.1408240166E-08    0.2978497162E-08    0.9323157853E-07    0.0000000000E+00    0.0000000000E+00    0.0000000000E+00   -0.1274515677E-11
    0.7992502031E-10   -0.4518325210E-09   -0.9532148554E-09   -0.2981051925E-07    0.0000000000E+00    0.0000000000E+00    0.0000000000E+00    0.3501318155E-12
   -0.2376956066E-10    0.1339892869E-09    0.2821606276E-09    0.8818158901E-08    0.0000000000E+00    0.0000000000E+00    0.0000000000E+00   -0.8935589515E-13
    0.6261848278E-11   -0.3522571913E-10   -0.7408443257E-10   -0.2314101792E-08    0.0000000000E+00    0.0000000000E+00    0.0000000000E+00    0.2036308156E-13
   -0.1364606703E-11    0.7665264601E-11    0.1610634307E-10    0.5029004872E-09    0.0000000000E+00    0.0000000000E+00    0.0000000000E+00   -0.3877085322E-14
    0.2169229332E-12   -0.1217220898E-11   -0.2555977586E-11   -0.7978379329E-10    0.0000000000E+00    0.0000000000E+00    0.0000000000E+00    0.5448756723E-15
   -0.1862999853E-13    0.1044603217E-12    0.2192495407E-12    0.6842292702E-11    0.0000000000E+00    0.0000000000E+00    0.0000000000E+00   -0.4193186920E-16
 l,ispin:           3           1
 psi n=1,noccmax(l):
   -0.4497913801E+01   -0.3040939341E+00   -0.4031283245E+00    0.3033020636E+00    0.0000000000E+00    0.0000000000E+00    0.0000000000E+00
    0.1229760636E+02    0.8314705560E+00    0.1102287851E+01   -0.8279361236E+00    0.0000000000E+00    0.0000000000E+00    0.0000000000E+00
   -0.1549496094E+02   -0.1054311140E+01   -0.1397924963E+01    0.9423812076E+00    0.0000000000E+00    0.0000000000E+00    0.0000000000E+00
    0.1123338441E+02    0.7800919440E+00    0.1034773430E+01   -0.4425710789E+00    0.0000000000E+00    0.0000000000E+00    0.0000000000E+00
   -0.6142535415E+01   -0.4429764260E+00   -0.5878779673E+00   -0.2473938780E-01    0.0000000000E+00    0.0000000000E+00    0.0000000000E+00
    0.6679257700E+01    0.4651781110E+00    0.6155298309E+00   -0.1258650839E+00    0.0000000000E+00    0.0000000000E+00    0.0000000000E+00
   -0.1013124411E+02   -0.6726042559E+00   -0.8871516751E+00    0.5732686159E+00    0.0000000000E+00    0.0000000000E+00    0.0000000000E+00
   -0.5281620052E+01   -0.3203916360E+00   -0.4216865216E+00    0.8248582201E+00    0.0000000000E+00    0.0000000000E+00    0.0000000000E+00
   -0.2123379937E+01   -0.1665339431E+00   -0.2262988191E+00    0.3013205029E-01    0.0000000000E+00    0.0000000000E+00    0.0000000000E+00
   -0.1211050350E+01   -0.7304870332E-01   -0.9659086451E-01    0.2805031712E+00    0.0000000000E+00    0.0000000000E+00    0.0000000000E+00
   -0.4435273135E+00   -0.3635567605E-01   -0.4977870334E-01   -0.5627455695E-01    0.0000000000E+00    0.0000000000E+00    0.0000000000E+00
   -0.2061202939E+00   -0.9084524840E-02   -0.1062323036E-01    0.9042871111E-01    0.0000000000E+00    0.0000000000E+00    0.0000000000E+00
   -0.6259467709E-01   -0.5360037799E-02   -0.8072804463E-02   -0.4387796469E-01    0.0000000000E+00    0.0000000000E+00    0.0000000000E+00
   -0.2609935224E-01    0.2695485875E-03    0.2111527940E-02    0.3251428150E-01    0.0000000000E+00    0.0000000000E+00    0.0000000000E+00
   -0.6242963502E-02    0.8251339407E-03    0.7616475707E-04   -0.2397456725E-01    0.0000000000E+00    0.0000000000E+00    0.0000000000E+00
   -0.3062844941E-02   -0.1436487661E-02   -0.1089351025E-02    0.1726253069E-01    0.0000000000E+00    0.0000000000E+00    0.0000000000E+00
   -0.4049358318E-03    0.1873655554E-02    0.2811205855E-02   -0.1534980467E-01    0.0000000000E+00    0.0000000000E+00    0.0000000000E+00
   -0.2634781928E-03   -0.2663962862E-04   -0.4256764926E-03    0.9307472558E-02    0.0000000000E+00    0.0000000000E+00    0.0000000000E+00
    0.5239087569E-05    0.1219934090E-03    0.7232981512E-03   -0.7881700832E-02    0.0000000000E+00    0.0000000000E+00    0.0000000000E+00
   -0.2130129566E-04    0.3919002983E-03    0.6561855209E-03    0.3923533588E-02    0.0000000000E+00    0.0000000000E+00    0.0000000000E+00
    0.5957149807E-05    0.2040029811E-03    0.3053990536E-03   -0.4426935903E-02    0.0000000000E+00    0.0000000000E+00    0.0000000000E+00
   -0.2475801665E-05    0.2369755129E-03    0.6591688769E-03    0.2111734118E-02    0.0000000000E+00    0.0000000000E+00    0.0000000000E+00
    0.9259809929E-06    0.7612324539E-04   -0.4970307148E-03    0.5259692181E-03    0.0000000000E+00    0.0000000000E+00    0.0000000000E+00
   -0.3376633426E-06   -0.8878625382E-05    0.5093071403E-05   -0.5688104285E-03    0.0000000000E+00    0.0000000000E+00    0.0000000000E+00
    0.1197154173E-06    0.2260489351E-05   -0.5498979144E-06    0.1308885952E-03    0.0000000000E+00    0.0000000000E+00    0.0000000000E+00
   -0.4135295818E-07   -0.6614768249E-06    0.1396201041E-06   -0.3551209349E-04    0.0000000000E+00    0.0000000000E+00    0.0000000000E+00
    0.1395871239E-07    0.2018265696E-06   -0.4499089229E-07    0.1026259634E-04    0.0000000000E+00    0.0000000000E+00    0.0000000000E+00
   -0.4618938112E-08   -0.6240030998E-07    0.1488207409E-07   -0.3050947601E-05    0.0000000000E+00    0.0000000000E+00    0.0000000000E+00
    0.1502459590E-08    0.1934674607E-07   -0.4851878633E-08    0.9193892031E-06    0.0000000000E+00    0.0000000000E+00    0.0000000000E+00
   -0.4813553345E-09   -0.5986614079E-08    0.1552960065E-08   -0.2786729905E-06    0.0000000000E+00    0.0000000000E+00    0.0000000000E+00
    0.1520002813E-09    0.1842963577E-08   -0.4887250164E-09    0.8451061440E-07    0.0000000000E+00    0.0000000000E+00    0.0000000000E+00
   -0.4726832196E-10   -0.5625117337E-09    0.1513019845E-09   -0.2551523881E-07    0.0000000000E+00    0.0000000000E+00    0.0000000000E+00
    0.1443402432E-10    0.1694301807E-09   -0.4598887125E-10    0.7624975095E-08    0.0000000000E+00    0.0000000000E+00    0.0000000000E+00
   -0.4303652535E-11   -0.5001158734E-10    0.1365373036E-10   -0.2237936132E-08    0.0000000000E+00    0.0000000000E+00    0.0000000000E+00
    0.1240932380E-11    0.1431474664E-10   -0.3922512190E-11    0.6379392216E-09    0.0000000000E+00    0.0000000000E+00    0.0000000000E+00
   -0.3407224479E-12   -0.3909326159E-11    0.1073728106E-11   -0.1737061341E-09    0.0000000000E+00    0.0000000000E+00    0.0000000000E+00
    0.8691903943E-13    0.9933820517E-12   -0.2732406313E-12    0.4404613164E-10    0.0000000000E+00    0.0000000000E+00    0.0000000000E+00
   -0.1980166251E-13   -0.2256671883E-12    0.6212917115E-13   -0.9990752711E-11    0.0000000000E+00    0.0000000000E+00    0.0000000000E+00
    0.3769326493E-14    0.4286826376E-13   -0.1180892938E-13    0.1895794880E-11    0.0000000000E+00    0.0000000000E+00    0.0000000000E+00
   -0.5296412550E-15   -0.6014606370E-14    0.1657428015E-14   -0.2657804592E-12    0.0000000000E+00    0.0000000000E+00    0.0000000000E+00
    0.4075435630E-16    0.4623097048E-15   -0.1274248963E-15    0.2041766160E-13    0.0000000000E+00    0.0000000000E+00    0.0000000000E+00
 l,ispin:           3           2
 psi n=1,noccmax(l):
    0.4620253111E+01   -0.2767498843E+00   -0.3757225342E+00    0.2795126785E+00    0.0000000000E+00    0.0000000000E+00    0.0000000000E+00
   -0.1263705883E+02    0.7569962964E+00    0.1027745910E+01   -0.7633677351E+00    0.0000000000E+00    0.0000000000E+00    0.0000000000E+00
    0.1593030851E+02   -0.9609395373E+00   -0.1304518294E+01    0.8627744914E+00    0.0000000000E+00    0.0000000000E+00    0.0000000000E+00
   -0.1155934888E+02    0.7130533753E+00    0.9676638178E+00   -0.3882900440E+00    0.0000000000E+00    0.0000000000E+00    0.0000000000E+00
    0.6334397918E+01   -0.4071364605E+00   -0.5519762065E+00   -0.5050113183E-01    0.0000000000E+00    0.0000000000E+00    0.0000000000E+00
   -0.6898291484E+01    0.4265445268E+00    0.5770804790E+00   -0.9663891686E-01    0.0000000000E+00    0.0000000000E+00    0.0000000000E+00
    0.1044769456E+02   -0.6126438606E+00   -0.8273467071E+00    0.5226106814E+00    0.0000000000E+00    0.0000000000E+00    0.0000000000E+00
    0.5482395765E+01   -0.2913956017E+00   -0.3942723610E+00    0.7971391434E+00    0.0000000000E+00    0.0000000000E+00    0.0000000000E+00
    0.2193367805E+01   -0.1549098258E+00   -0.2150965350E+00    0.2272179014E-01    0.0000000000E+00    0.0000000000E+00    0.0000000000E+00
    0.1229313351E+01   -0.6487805729E-01   -0.8835338066E-01    0.2709190590E+00    0.0000000000E+00    0.0000000000E+00    0.0000000000E+00
    0.4437056692E+00   -0.3303131102E-01   -0.4613742739E-01   -0.5870447595E-01    0.0000000000E+00    0.0000000000E+00    0.0000000000E+00
    0.2031786771E+00   -0.7256901170E-02   -0.8650789232E-02    0.8757654113E-01    0.0000000000E+00    0.0000000000E+00    0.0000000000E+00
    0.6005867265E-01   -0.4702920004E-02   -0.7258198697E-02   -0.4419701794E-01    0.0000000000E+00    0.0000000000E+00    0.0000000000E+00
    0.2471433636E-01    0.6134713705E-03    0.2513237201E-02    0.3167439482E-01    0.0000000000E+00    0.0000000000E+00    0.0000000000E+00
    0.5628012851E-02    0.9201998116E-03    0.2040858434E-03   -0.2383857373E-01    0.0000000000E+00    0.0000000000E+00    0.0000000000E+00
    0.2726861296E-02   -0.1370123827E-02   -0.9956899027E-03    0.1693817873E-01    0.0000000000E+00    0.0000000000E+00    0.0000000000E+00
    0.2892975828E-03    0.1898910891E-02    0.2848753514E-02   -0.1524574267E-01    0.0000000000E+00    0.0000000000E+00    0.0000000000E+00
    0.2244402430E-03   -0.1833269880E-04   -0.4181870176E-03    0.9196522545E-02    0.0000000000E+00    0.0000000000E+00    0.0000000000E+00
   -0.1712157498E-04    0.1290026133E-03    0.7430306839E-03   -0.7841606505E-02    0.0000000000E+00    0.0000000000E+00    0.0000000000E+00
    0.1918758202E-04    0.3934007933E-03    0.6513432684E-03    0.3889744342E-02    0.0000000000E+00    0.0000000000E+00    0.0000000000E+00
   -0.6246691994E-05    0.2049745015E-03    0.3105695691E-03   -0.4398786180E-02    0.0000000000E+00    0.0000000000E+00    0.0000000000E+00
    0.2484549146E-05    0.2363310061E-03    0.6483785844E-03    0.2128231277E-02    0.0000000000E+00    0.0000000000E+00    0.0000000000E+00
   -0.9319258771E-06    0.7555234225E-04   -0.4947563446E-03    0.5049441593E-03    0.0000000000E+00    0.0000000000E+00    0.0000000000E+00
    0.3402026985E-06   -0.8819851943E-05    0.5571764192E-05   -0.5615290065E-03    0.0000000000E+00    0.0000000000E+00    0.0000000000E+00
   -0.1208279446E-06    0.2245977923E-05   -0.6750800634E-06    0.1293581824E-03    0.0000000000E+00    0.0000000000E+00    0.0000000000E+00
    0.4183104548E-07   -0.6573080462E-06    0.1752211255E-06   -0.3511275034E-04    0.0000000000E+00    0.0000000000E+00    0.0000000000E+00
   -0.1415510302E-07    0.2005702974E-06   -0.5554364999E-07    0.1014966461E-04    0.0000000000E+00    0.0000000000E+00    0.0000000000E+00
    0.4695537921E-08   -0.6201524922E-07    0.1807097332E-07   -0.3017830482E-05    0.0000000000E+00    0.0000000000E+00    0.0000000000E+00
   -0.1530904407E-08    0.1922809365E-07   -0.5823872626E-08    0.9095010756E-06    0.0000000000E+00    0.0000000000E+00    0.0000000000E+00
    0.4914696831E-09   -0.5950060111E-08    0.1850020560E-08   -0.2756950076E-06    0.0000000000E+00    0.0000000000E+00    0.0000000000E+00
   -0.1554631255E-09    0.1831746145E-08   -0.5793585525E-09    0.8361160089E-07    0.0000000000E+00    0.0000000000E+00    0.0000000000E+00
    0.4841415755E-10   -0.5590957309E-09    0.1787878743E-09   -0.2524468842E-07    0.0000000000E+00    0.0000000000E+00    0.0000000000E+00
   -0.1480087152E-10    0.1684029557E-09   -0.5422966885E-10    0.7544310925E-08    0.0000000000E+00    0.0000000000E+00    0.0000000000E+00
    0.4417021305E-11   -0.4970873279E-10    0.1607822223E-10   -0.2214300399E-08    0.0000000000E+00    0.0000000000E+00    0.0000000000E+00
   -0.1274515677E-11    0.1422813421E-10   -0.4614845044E-11    0.6312096998E-09    0.0000000000E+00    0.0000000000E+00    0.0000000000E+00
    0.3501318155E-12   -0.3885686813E-11    0.1262486927E-11   -0.1718752950E-09    0.0000000000E+00    0.0000000000E+00    0.0000000000E+00
   -0.8935589515E-13    0.9873777635E-12   -0.3211482792E-12    0.4358217427E-10    0.0000000000E+00    0.0000000000E+00    0.0000000000E+00
    0.2036308156E-13   -0.2243036136E-12    0.7300316963E-13   -0.9885561556E-11    0.0000000000E+00    0.0000000000E+00    0.0000000000E+00
   -0.3877085322E-14    0.4260929335E-13   -0.1387333626E-13    0.1875840552E-11    0.0000000000E+00    0.0000000000E+00    0.0000000000E+00
    0.5448756723E-15   -0.5978277429E-14    0.1946949511E-14   -0.2629835893E-12    0.0000000000E+00    0.0000000000E+00    0.0000000000E+00
   -0.4193186920E-16    0.4595176141E-15   -0.1496720595E-15    0.2020283584E-13    0.0000000000E+00    0.0000000000E+00    0.0000000000E+00
