   40             4.00000 ng, rij 
     1.191     8.000                                       rcov,rprb 
 r                           (non)relativistic calculation
 PBE                         XC-functional
  8.000  6.000    0.2000000000   -0.4172846086E+02    0.5716159336E+01    0.0000000000E+00    0.0000000000E+00  znuc,zion,rloc,gpot()
   1                                                       lpx, (Projectors for l=0..lpx)
    0.2163024467    0.2228024587E+02   -0.0000000000E+00    0.0000000000E+00    0.0000000000E+00   -0.0000000000E+00    0.0000000000E+00  r_l(),hsep(), so=+0.5
    0.1379057415    0.8088201788E+01   -0.0000000000E+00    0.0000000000E+00    0.0000000000E+00   -0.0000000000E+00    0.0000000000E+00  r_l(),hsep(), so=+0.5
    0.8044913024E+01   -0.0000000000E+00    0.0000000000E+00    0.0000000000E+00   -0.0000000000E+00    0.0000000000E+00         hsep(), so=-0.5
 ---------------------------------------------
 Additional information (last calculation):
 gaussian exponents:
 xp():   141.42135623730948        100.00000000000000        70.710678118654755        50.000000000000028        35.355339059327392        25.000000000000007        17.677669529663703        12.500000000000009        8.8388347648318515        6.2500000000000071        4.4194173824159275        3.1250000000000036        2.2097086912079633        1.5625000000000018        1.1048543456039821       0.78125000000000122       0.55242717280199116       0.39062500000000083       0.27621358640099575       0.19531250000000042       0.13810679320049787        9.7656250000000236E-002   6.9053396600248951E-002   4.8828125000000125E-002   3.4526698300124482E-002   2.4414062500000066E-002   1.7263349150062245E-002   1.2207031250000036E-002   8.6316745750311223E-003   6.1035156250000191E-003   4.3158372875155638E-003   3.0517578125000104E-003   2.1579186437577823E-003   1.5258789062500054E-003   1.0789593218788914E-003   7.6293945312500293E-004   5.3947966093944580E-004   3.8146972656250152E-004   2.6973983046972290E-004   1.9073486328125081E-004
 orbital coefficients (one orbital per column)
 l,ispin:           0           1
 psi n=1,noccmax(l):
    0.5061470214E-02    0.6077007208E-03    0.8230327510E-03    0.0000000000E+00
   -0.3706855592E-01   -0.4945450755E-02   -0.5548836020E-02    0.0000000000E+00
    0.1131023444E+00    0.1699999430E-01    0.1790524596E-01    0.0000000000E+00
   -0.1477313712E+00   -0.2295787840E-01   -0.3016646029E-01    0.0000000000E+00
    0.2240831792E-01   -0.1298610955E-02    0.2732952133E-01    0.0000000000E+00
    0.2106646188E+00    0.4510725965E-01   -0.1484179186E-01    0.0000000000E+00
   -0.8784568399E-02   -0.2308881725E-01    0.4241633175E-01    0.0000000000E+00
    0.7455585070E+00    0.1404174407E+00    0.1186943487E-01    0.0000000000E+00
   -0.7855737898E+00   -0.1777456251E+00   -0.1963781861E-01    0.0000000000E+00
    0.1000646750E+01    0.2144659164E+00    0.2587273886E-01    0.0000000000E+00
    0.5119854085E+00    0.4449141641E-01    0.1443816534E+00    0.0000000000E+00
    0.5031138860E+00    0.1379062693E+00   -0.5152266863E-01    0.0000000000E+00
   -0.6313504118E-02   -0.5594609307E-01    0.1169877693E+00    0.0000000000E+00
   -0.1162092509E+00    0.3826795527E-01   -0.1447797971E+00    0.0000000000E+00
   -0.4138392312E+00   -0.1469446772E+00    0.9739837396E-01    0.0000000000E+00
   -0.3731014319E+00    0.3187570941E-02   -0.2019615676E+00    0.0000000000E+00
   -0.4474563861E+00   -0.1818825644E+00    0.1126481572E+00    0.0000000000E+00
   -0.3169356228E+00   -0.9543397184E-02   -0.2476037068E+00    0.0000000000E+00
   -0.2385669114E+00   -0.1246472398E+00    0.1841627670E+00    0.0000000000E+00
   -0.1225981069E+00    0.4356974362E-01   -0.2475806761E+00    0.0000000000E+00
   -0.7367177781E-01   -0.1619626244E+00    0.1720871719E+00    0.0000000000E+00
   -0.1631226880E-01    0.6920594844E-01   -0.2164399528E+00    0.0000000000E+00
   -0.9689895147E-02   -0.8425407368E-01    0.1678498019E+00    0.0000000000E+00
    0.2534922422E-02    0.7989580341E-01   -0.1030001972E+00    0.0000000000E+00
   -0.2267080607E-02    0.1653122672E-02    0.7771252311E-01    0.0000000000E+00
    0.1529265182E-02    0.2688019208E-01    0.1747267470E-02    0.0000000000E+00
   -0.1033196473E-02    0.4240057555E-01    0.3579768709E-01    0.0000000000E+00
    0.6855639772E-03    0.4562605085E-02   -0.2416800341E-01    0.0000000000E+00
   -0.4461933198E-03    0.3503776172E-01    0.1571308843E+00    0.0000000000E+00
    0.2841862336E-03    0.8717965485E-02    0.6184306448E-01    0.0000000000E+00
   -0.1765550047E-03    0.6304162136E-02   -0.2172213317E+00    0.0000000000E+00
    0.1065005729E-03   -0.3757621421E-02    0.6320404698E-01    0.0000000000E+00
   -0.6196708655E-04    0.2158073895E-02   -0.2719639526E-01    0.0000000000E+00
    0.3445237942E-04   -0.1164860858E-02    0.1256352587E-01    0.0000000000E+00
   -0.1805707699E-04    0.5863261449E-03   -0.5751224158E-02    0.0000000000E+00
    0.8747946288E-05   -0.2713801412E-03    0.2502412451E-02    0.0000000000E+00
   -0.3805180103E-05    0.1126917279E-03   -0.9965766134E-03    0.0000000000E+00
    0.1421818370E-05   -0.4029318444E-04    0.3461586387E-03    0.0000000000E+00
   -0.4250268586E-06    0.1157597345E-04   -0.9744826368E-04    0.0000000000E+00
    0.8942991064E-07   -0.2353437342E-05    0.1952869236E-04    0.0000000000E+00
   -0.9795836609E-08    0.2504901901E-06   -0.2057414713E-05    0.0000000000E+00
 l,ispin:           1           1
 psi n=1,noccmax(l):
   -0.4493578199E-02    0.1714724333E-02   -0.2022027846E-02    0.0000000000E+00
    0.3654774339E-01   -0.5737336530E-02    0.1085588089E-01    0.0000000000E+00
   -0.4442803463E+00   -0.2667843202E-01   -0.6839912672E-01    0.0000000000E+00
    0.1320403494E+01    0.1092439337E+00    0.1842899723E+00    0.0000000000E+00
   -0.1544181225E+01   -0.1203069069E+00   -0.2223364303E+00    0.0000000000E+00
    0.8820172555E+00    0.3597502297E-01    0.1528891498E+00    0.0000000000E+00
   -0.8630743322E+00   -0.2529965162E-01   -0.1548974692E+00    0.0000000000E+00
    0.1010820633E+01    0.4289233401E-01    0.1811882638E+00    0.0000000000E+00
    0.1757518109E+01    0.2707477791E+00    0.1520259361E+00    0.0000000000E+00
    0.8455049049E+00    0.1968025171E-01    0.1563070311E+00    0.0000000000E+00
    0.1056661271E+01    0.1936522604E+00    0.7580174701E-01    0.0000000000E+00
    0.9321411685E+00    0.3625070887E-01    0.1646192459E+00    0.0000000000E+00
    0.9133849844E+00    0.1712941300E+00    0.6367834624E-01    0.0000000000E+00
    0.7383938194E+00    0.2213805328E-01    0.1367696147E+00    0.0000000000E+00
    0.6010768380E+00    0.1288224963E+00    0.3147657590E-01    0.0000000000E+00
    0.4205919221E+00   -0.7071782708E-02    0.9243773649E-01    0.0000000000E+00
    0.3046210184E+00    0.8940253554E-01    0.2196581348E-02    0.0000000000E+00
    0.1920643209E+00   -0.2518450956E-01    0.6086458096E-01    0.0000000000E+00
    0.1126280303E+00    0.5551868348E-01   -0.2284846788E-01    0.0000000000E+00
    0.6218726448E-01   -0.3325512366E-01    0.4115442556E-01    0.0000000000E+00
    0.3450815635E-01    0.4574944148E-01   -0.2102464141E-01    0.0000000000E+00
    0.1510302937E-01   -0.3387875271E-01    0.2657913244E-01    0.0000000000E+00
    0.6149011864E-02    0.2885831995E-01   -0.2366727002E-01    0.0000000000E+00
    0.1599607204E-02   -0.2635233072E-01    0.1473126728E-01    0.0000000000E+00
    0.4708265234E-03    0.1253768201E-01   -0.1861182090E-01    0.0000000000E+00
   -0.6614803054E-06   -0.1098413721E-01    0.9149075335E-02    0.0000000000E+00
    0.3415234442E-04    0.1611350593E-02   -0.1435321839E-01    0.0000000000E+00
   -0.1727883012E-04   -0.3485876071E-02    0.9264386137E-02    0.0000000000E+00
    0.9611295070E-05   -0.4073260266E-03   -0.1947979124E-01    0.0000000000E+00
   -0.5176917745E-05   -0.4821018208E-02   -0.4711445166E-02    0.0000000000E+00
    0.2704042412E-05   -0.4921187042E-03    0.1501833500E-01    0.0000000000E+00
   -0.1364634074E-05    0.1006926753E-03   -0.3337746477E-02    0.0000000000E+00
    0.6620575625E-06   -0.3246623695E-04    0.1140910217E-02    0.0000000000E+00
   -0.3065318182E-06    0.1192226585E-04   -0.4286628024E-03    0.0000000000E+00
    0.1339634335E-06   -0.4493100721E-05    0.1623773511E-03    0.0000000000E+00
   -0.5434192113E-07    0.1644881315E-05   -0.5931367569E-04    0.0000000000E+00
    0.1993471922E-07   -0.5599154170E-06    0.2009820766E-04    0.0000000000E+00
   -0.6345808083E-08    0.1685163034E-06   -0.6019903767E-05    0.0000000000E+00
    0.1636978681E-08   -0.4165951628E-07    0.1481905219E-05    0.0000000000E+00
   -0.3017434428E-09    0.7434502358E-08   -0.2635455444E-06    0.0000000000E+00
    0.2944016477E-10   -0.7077863112E-09    0.2502254025E-07    0.0000000000E+00
 l,ispin:           1           2
 psi n=1,noccmax(l):
   -0.4384444420E-02    0.1727035470E-02    0.2009371487E-02    0.0000000000E+00
    0.3595724006E-01   -0.5807397006E-02   -0.1078266865E-01    0.0000000000E+00
   -0.4442487219E+00   -0.2659462632E-01    0.6830108997E-01    0.0000000000E+00
    0.1323304969E+01    0.1093221649E+00   -0.1843394156E+00    0.0000000000E+00
   -0.1548375170E+01   -0.1204954885E+00    0.2225001117E+00    0.0000000000E+00
    0.8860837271E+00    0.3629157753E-01   -0.1532151556E+00    0.0000000000E+00
   -0.8573041665E+00   -0.2452065743E-01    0.1540570019E+00    0.0000000000E+00
    0.1022206991E+01    0.4402546209E-01   -0.1823840135E+00    0.0000000000E+00
    0.1764869215E+01    0.2711725299E+00   -0.1523975528E+00    0.0000000000E+00
    0.8509680412E+00    0.2016926373E-01   -0.1568225187E+00    0.0000000000E+00
    0.1060814427E+01    0.1938822170E+00   -0.7598931307E-01    0.0000000000E+00
    0.9353374785E+00    0.3647115809E-01   -0.1648428935E+00    0.0000000000E+00
    0.9155931815E+00    0.1713372552E+00   -0.6367298272E-01    0.0000000000E+00
    0.7398547832E+00    0.2219695336E-01   -0.1368249179E+00    0.0000000000E+00
    0.6018869393E+00    0.1287697653E+00   -0.3138128563E-01    0.0000000000E+00
    0.4210009862E+00   -0.7077197140E-02   -0.9243332992E-01    0.0000000000E+00
    0.3047436651E+00    0.8933438685E-01   -0.2096406761E-02    0.0000000000E+00
    0.1920067440E+00   -0.2520697360E-01   -0.6084655907E-01    0.0000000000E+00
    0.1125318039E+00    0.5545300157E-01    0.2293499478E-01    0.0000000000E+00
    0.6208730830E-01   -0.3325576780E-01   -0.4116348236E-01    0.0000000000E+00
    0.3440821429E-01    0.4570541065E-01    0.2108789206E-01    0.0000000000E+00
    0.1503239977E-01   -0.3388127823E-01   -0.2658548517E-01    0.0000000000E+00
    0.6108625272E-02    0.2882507675E-01    0.2371203409E-01    0.0000000000E+00
    0.1582817440E-02   -0.2635326394E-01   -0.1473572109E-01    0.0000000000E+00
    0.4654847931E-03    0.1252091967E-01    0.1862951098E-01    0.0000000000E+00
   -0.1613576276E-05   -0.1098531197E-01   -0.9143952432E-02    0.0000000000E+00
    0.3400945439E-04    0.1605005713E-02    0.1435275768E-01    0.0000000000E+00
   -0.1725454763E-04   -0.3486495242E-02   -0.9253508926E-02    0.0000000000E+00
    0.9594899678E-05   -0.4117843732E-03    0.1947794235E-01    0.0000000000E+00
   -0.5167673348E-05   -0.4816103039E-02    0.4678678336E-02    0.0000000000E+00
    0.2699112875E-05   -0.4905164640E-03   -0.1499910886E-01    0.0000000000E+00
   -0.1362145910E-05    0.1002850668E-03    0.3334190423E-02    0.0000000000E+00
    0.6608699091E-06   -0.3232031305E-04   -0.1139773755E-02    0.0000000000E+00
   -0.3059976440E-06    0.1186594309E-04    0.4282509001E-03    0.0000000000E+00
    0.1337387038E-06   -0.4471367706E-05   -0.1622248069E-03    0.0000000000E+00
   -0.5425465401E-07    0.1636835301E-05    0.5925880030E-04    0.0000000000E+00
    0.1990414517E-07   -0.5571618122E-06   -0.2007981252E-04    0.0000000000E+00
   -0.6336508460E-08    0.1676854074E-06    0.6014436310E-05    0.0000000000E+00
    0.1634680232E-08   -0.4145384909E-07   -0.1480566783E-05    0.0000000000E+00
   -0.3013357805E-09    0.7397776833E-08    0.2633084716E-06    0.0000000000E+00
    0.2940169492E-10   -0.7042889019E-09   -0.2500009679E-07    0.0000000000E+00
 l,ispin:           2           1
 psi n=1,noccmax(l):
   -0.9234034525E-02    0.8648266877E-02    0.6615227834E-01    0.0000000000E+00    0.0000000000E+00
    0.3196817859E-01   -0.2998715225E-01   -0.2291824660E+00    0.0000000000E+00    0.0000000000E+00
   -0.6032215748E-01    0.5520860805E-01    0.4276343788E+00    0.0000000000E+00    0.0000000000E+00
    0.8351044948E-01   -0.7327002019E-01   -0.5809426416E+00    0.0000000000E+00    0.0000000000E+00
   -0.9464139628E-01    0.8234086986E-01    0.6559318384E+00    0.0000000000E+00    0.0000000000E+00
    0.9405099597E-01   -0.8396415771E-01   -0.6593109394E+00    0.0000000000E+00    0.0000000000E+00
   -0.8516098352E-01    0.8140029991E-01    0.6157866991E+00    0.0000000000E+00    0.0000000000E+00
    0.7747280337E-01   -0.6658959490E-01   -0.5340282652E+00    0.0000000000E+00    0.0000000000E+00
   -0.6056478533E-01    0.6634948044E-01    0.4674933048E+00    0.0000000000E+00    0.0000000000E+00
    0.5374182609E-01   -0.4841414052E-01   -0.3781317775E+00    0.0000000000E+00    0.0000000000E+00
   -0.4228122242E-01    0.4258991334E-01    0.3131758915E+00    0.0000000000E+00    0.0000000000E+00
    0.3589852314E-01   -0.3119855032E-01   -0.2484347180E+00    0.0000000000E+00    0.0000000000E+00
   -0.2723117315E-01    0.2810557539E-01    0.2038735367E+00    0.0000000000E+00    0.0000000000E+00
    0.2347269180E-01   -0.1932297402E-01   -0.1584398607E+00    0.0000000000E+00    0.0000000000E+00
   -0.1735922956E-01    0.1807845480E-01    0.1302468875E+00    0.0000000000E+00    0.0000000000E+00
    0.1526889488E-01   -0.1179663493E-01   -0.1000270231E+00    0.0000000000E+00    0.0000000000E+00
   -0.1133724520E-01    0.1110151378E-01    0.8221123208E-01    0.0000000000E+00    0.0000000000E+00
    0.1006306980E-01   -0.7062750456E-02   -0.6301259500E-01    0.0000000000E+00    0.0000000000E+00
   -0.7312447455E-02    0.7195971728E-02    0.5268436236E-01    0.0000000000E+00    0.0000000000E+00
    0.6641436829E-02   -0.4480673786E-02   -0.4048138125E-01    0.0000000000E+00    0.0000000000E+00
   -0.5334236683E-02    0.3772904838E-02    0.3292918196E-01    0.0000000000E+00    0.0000000000E+00
    0.4744529525E-02   -0.2220359691E-02   -0.2540020143E-01    0.0000000000E+00    0.0000000000E+00
   -0.3456905425E-02    0.2430259855E-02    0.2154556225E-01    0.0000000000E+00    0.0000000000E+00
    0.3047154419E-02   -0.1119577233E-02   -0.1612853540E-01    0.0000000000E+00    0.0000000000E+00
   -0.1744003314E-02    0.1722303985E-02    0.1415606229E-01    0.0000000000E+00    0.0000000000E+00
    0.1261033847E-02   -0.1045931695E-02   -0.1088338868E-01    0.0000000000E+00    0.0000000000E+00
   -0.4920581391E-03    0.1475324017E-02    0.1012283274E-01    0.0000000000E+00    0.0000000000E+00
    0.3970919036E-03   -0.1058329900E-02   -0.8962450124E-02    0.0000000000E+00    0.0000000000E+00
   -0.1968826951E-03    0.1462785797E-02    0.1218489124E-01    0.0000000000E+00    0.0000000000E+00
    0.5453860207E-03    0.9988818707E-03   -0.8638701484E-02    0.0000000000E+00    0.0000000000E+00
    0.7934587813E-04   -0.1167419596E-02    0.1778453107E-02    0.0000000000E+00    0.0000000000E+00
   -0.1367736291E-04    0.2063832036E-03    0.3753892889E-03    0.0000000000E+00    0.0000000000E+00
    0.3528710141E-05   -0.5839442681E-04   -0.1555444964E-03    0.0000000000E+00    0.0000000000E+00
   -0.1027146525E-05    0.1836012003E-04    0.5522470697E-04    0.0000000000E+00    0.0000000000E+00
    0.3099222572E-06   -0.5861909190E-05   -0.1860399136E-04    0.0000000000E+00    0.0000000000E+00
   -0.9239558370E-07    0.1817918670E-05    0.5926649741E-05    0.0000000000E+00    0.0000000000E+00
    0.2609329199E-07   -0.5273643733E-06   -0.1743982167E-05    0.0000000000E+00    0.0000000000E+00
   -0.6636777734E-08    0.1365660557E-06    0.4551534616E-06    0.0000000000E+00    0.0000000000E+00
    0.1411844158E-08   -0.2939944656E-07   -0.9840547057E-07    0.0000000000E+00    0.0000000000E+00
   -0.2207165016E-09    0.4632165469E-08    0.1554131022E-07    0.0000000000E+00    0.0000000000E+00
    0.1873688498E-10   -0.3952490993E-09   -0.1327783293E-08    0.0000000000E+00    0.0000000000E+00
 l,ispin:           2           2
 psi n=1,noccmax(l):
   -0.9234034525E-02    0.8648266877E-02    0.6615227834E-01    0.0000000000E+00    0.0000000000E+00
    0.3196817859E-01   -0.2998715225E-01   -0.2291824660E+00    0.0000000000E+00    0.0000000000E+00
   -0.6032215748E-01    0.5520860805E-01    0.4276343788E+00    0.0000000000E+00    0.0000000000E+00
    0.8351044948E-01   -0.7327002019E-01   -0.5809426416E+00    0.0000000000E+00    0.0000000000E+00
   -0.9464139628E-01    0.8234086986E-01    0.6559318384E+00    0.0000000000E+00    0.0000000000E+00
    0.9405099597E-01   -0.8396415771E-01   -0.6593109394E+00    0.0000000000E+00    0.0000000000E+00
   -0.8516098352E-01    0.8140029991E-01    0.6157866991E+00    0.0000000000E+00    0.0000000000E+00
    0.7747280337E-01   -0.6658959490E-01   -0.5340282652E+00    0.0000000000E+00    0.0000000000E+00
   -0.6056478533E-01    0.6634948044E-01    0.4674933048E+00    0.0000000000E+00    0.0000000000E+00
    0.5374182609E-01   -0.4841414052E-01   -0.3781317775E+00    0.0000000000E+00    0.0000000000E+00
   -0.4228122242E-01    0.4258991334E-01    0.3131758915E+00    0.0000000000E+00    0.0000000000E+00
    0.3589852314E-01   -0.3119855032E-01   -0.2484347180E+00    0.0000000000E+00    0.0000000000E+00
   -0.2723117315E-01    0.2810557539E-01    0.2038735367E+00    0.0000000000E+00    0.0000000000E+00
    0.2347269180E-01   -0.1932297402E-01   -0.1584398607E+00    0.0000000000E+00    0.0000000000E+00
   -0.1735922956E-01    0.1807845480E-01    0.1302468875E+00    0.0000000000E+00    0.0000000000E+00
    0.1526889488E-01   -0.1179663493E-01   -0.1000270231E+00    0.0000000000E+00    0.0000000000E+00
   -0.1133724520E-01    0.1110151378E-01    0.8221123208E-01    0.0000000000E+00    0.0000000000E+00
    0.1006306980E-01   -0.7062750456E-02   -0.6301259500E-01    0.0000000000E+00    0.0000000000E+00
   -0.7312447455E-02    0.7195971728E-02    0.5268436236E-01    0.0000000000E+00    0.0000000000E+00
    0.6641436829E-02   -0.4480673786E-02   -0.4048138125E-01    0.0000000000E+00    0.0000000000E+00
   -0.5334236683E-02    0.3772904838E-02    0.3292918196E-01    0.0000000000E+00    0.0000000000E+00
    0.4744529525E-02   -0.2220359691E-02   -0.2540020143E-01    0.0000000000E+00    0.0000000000E+00
   -0.3456905425E-02    0.2430259855E-02    0.2154556225E-01    0.0000000000E+00    0.0000000000E+00
    0.3047154419E-02   -0.1119577233E-02   -0.1612853540E-01    0.0000000000E+00    0.0000000000E+00
   -0.1744003314E-02    0.1722303985E-02    0.1415606229E-01    0.0000000000E+00    0.0000000000E+00
    0.1261033847E-02   -0.1045931695E-02   -0.1088338868E-01    0.0000000000E+00    0.0000000000E+00
   -0.4920581391E-03    0.1475324017E-02    0.1012283274E-01    0.0000000000E+00    0.0000000000E+00
    0.3970919036E-03   -0.1058329900E-02   -0.8962450124E-02    0.0000000000E+00    0.0000000000E+00
   -0.1968826951E-03    0.1462785797E-02    0.1218489124E-01    0.0000000000E+00    0.0000000000E+00
    0.5453860207E-03    0.9988818707E-03   -0.8638701484E-02    0.0000000000E+00    0.0000000000E+00
    0.7934587813E-04   -0.1167419596E-02    0.1778453107E-02    0.0000000000E+00    0.0000000000E+00
   -0.1367736291E-04    0.2063832036E-03    0.3753892889E-03    0.0000000000E+00    0.0000000000E+00
    0.3528710141E-05   -0.5839442681E-04   -0.1555444964E-03    0.0000000000E+00    0.0000000000E+00
   -0.1027146525E-05    0.1836012003E-04    0.5522470697E-04    0.0000000000E+00    0.0000000000E+00
    0.3099222572E-06   -0.5861909190E-05   -0.1860399136E-04    0.0000000000E+00    0.0000000000E+00
   -0.9239558370E-07    0.1817918670E-05    0.5926649741E-05    0.0000000000E+00    0.0000000000E+00
    0.2609329199E-07   -0.5273643733E-06   -0.1743982167E-05    0.0000000000E+00    0.0000000000E+00
   -0.6636777734E-08    0.1365660557E-06    0.4551534616E-06    0.0000000000E+00    0.0000000000E+00
    0.1411844158E-08   -0.2939944656E-07   -0.9840547057E-07    0.0000000000E+00    0.0000000000E+00
   -0.2207165016E-09    0.4632165469E-08    0.1554131022E-07    0.0000000000E+00    0.0000000000E+00
    0.1873688498E-10   -0.3952490993E-09   -0.1327783293E-08    0.0000000000E+00    0.0000000000E+00
 l,ispin:           3           1
 psi n=1,noccmax(l):
    0.1685523773E-01   -0.1306753498E+00    0.8223596122E+00    0.0000000000E+00    0.0000000000E+00
   -0.4609686709E-01    0.3573201751E+00   -0.2248730954E+01    0.0000000000E+00    0.0000000000E+00
    0.6906982880E-01   -0.5351674720E+00    0.3368211725E+01    0.0000000000E+00    0.0000000000E+00
   -0.7644684185E-01    0.5918633005E+00   -0.3725506167E+01    0.0000000000E+00    0.0000000000E+00
    0.7074207271E-01   -0.5472668074E+00    0.3445216065E+01    0.0000000000E+00    0.0000000000E+00
   -0.5850708406E-01    0.4523507121E+00   -0.2847938286E+01    0.0000000000E+00    0.0000000000E+00
    0.4500943332E-01   -0.3478781836E+00    0.2190279512E+01    0.0000000000E+00    0.0000000000E+00
   -0.3310292347E-01    0.2550894213E+00   -0.1606807472E+01    0.0000000000E+00    0.0000000000E+00
    0.2350444423E-01   -0.1815888021E+00    0.1143302350E+01    0.0000000000E+00    0.0000000000E+00
   -0.1648350692E-01    0.1263889181E+00   -0.7966736361E+00    0.0000000000E+00    0.0000000000E+00
    0.1137446520E-01   -0.8687873229E-01    0.5479034523E+00    0.0000000000E+00    0.0000000000E+00
   -0.7832603989E-02    0.5909761709E-01   -0.3733745862E+00    0.0000000000E+00    0.0000000000E+00
    0.5338622033E-02   -0.4003988423E-01    0.2531360505E+00    0.0000000000E+00    0.0000000000E+00
   -0.3691267628E-02    0.2690389992E-01   -0.1708170341E+00    0.0000000000E+00    0.0000000000E+00
    0.2518804750E-02   -0.1811428151E-01    0.1151769168E+00    0.0000000000E+00    0.0000000000E+00
   -0.1780608532E-02    0.1206103961E-01   -0.7739884634E-01    0.0000000000E+00    0.0000000000E+00
    0.1239632952E-02   -0.8080294160E-02    0.5211337543E-01    0.0000000000E+00    0.0000000000E+00
   -0.9113550703E-03    0.5325960055E-02   -0.3497814365E-01    0.0000000000E+00    0.0000000000E+00
    0.6484011571E-03   -0.3569050638E-02    0.2362325241E-01    0.0000000000E+00    0.0000000000E+00
   -0.5085906614E-03    0.2308638081E-02   -0.1586240650E-01    0.0000000000E+00    0.0000000000E+00
    0.3990789134E-03   -0.1493046181E-02    0.1069904693E-01    0.0000000000E+00    0.0000000000E+00
   -0.3281158887E-03    0.9306130122E-03   -0.7196418610E-02    0.0000000000E+00    0.0000000000E+00
    0.2497589653E-03   -0.6089700558E-03    0.4928597915E-02    0.0000000000E+00    0.0000000000E+00
   -0.2061426231E-03    0.3519694367E-03   -0.3313933590E-02    0.0000000000E+00    0.0000000000E+00
    0.1316545540E-03   -0.2589373808E-03    0.2345661241E-02    0.0000000000E+00    0.0000000000E+00
   -0.8902266461E-04    0.1657879224E-03   -0.1631759233E-02    0.0000000000E+00    0.0000000000E+00
    0.4289815646E-04   -0.1439983290E-03    0.1237474185E-02    0.0000000000E+00    0.0000000000E+00
   -0.2878458933E-04    0.1018628273E-03   -0.9706622284E-03    0.0000000000E+00    0.0000000000E+00
    0.1949140417E-04   -0.9039557381E-04    0.9887946973E-03    0.0000000000E+00    0.0000000000E+00
   -0.3951491047E-04   -0.9379598811E-04   -0.5034321096E-03    0.0000000000E+00    0.0000000000E+00
   -0.6285409106E-05    0.7116090977E-04    0.6054013051E-04    0.0000000000E+00    0.0000000000E+00
    0.1028266333E-05   -0.1008760659E-04    0.2707793214E-04    0.0000000000E+00    0.0000000000E+00
   -0.2449876044E-06    0.2361323319E-05   -0.8480118337E-05    0.0000000000E+00    0.0000000000E+00
    0.6441846253E-07   -0.6201767497E-06    0.2453557968E-05    0.0000000000E+00    0.0000000000E+00
   -0.1728381405E-07    0.1665108853E-06   -0.6872371624E-06    0.0000000000E+00    0.0000000000E+00
    0.4538253989E-08   -0.4372433597E-07    0.1842068753E-06    0.0000000000E+00    0.0000000000E+00
   -0.1124310492E-08    0.1082541913E-07   -0.4608284930E-07    0.0000000000E+00    0.0000000000E+00
    0.2510828958E-09   -0.2415046120E-08    0.1033521570E-07    0.0000000000E+00    0.0000000000E+00
   -0.4713451793E-10    0.4528366757E-09   -0.1943044734E-08    0.0000000000E+00    0.0000000000E+00
    0.6558084111E-11   -0.6293506114E-10    0.2703795486E-09    0.0000000000E+00    0.0000000000E+00
   -0.5010831925E-12    0.4803917623E-11   -0.2064905737E-10    0.0000000000E+00    0.0000000000E+00
 l,ispin:           3           2
 psi n=1,noccmax(l):
    0.1685523773E-01   -0.1306753498E+00    0.8223596122E+00    0.0000000000E+00    0.0000000000E+00
   -0.4609686709E-01    0.3573201751E+00   -0.2248730954E+01    0.0000000000E+00    0.0000000000E+00
    0.6906982880E-01   -0.5351674720E+00    0.3368211725E+01    0.0000000000E+00    0.0000000000E+00
   -0.7644684185E-01    0.5918633005E+00   -0.3725506167E+01    0.0000000000E+00    0.0000000000E+00
    0.7074207271E-01   -0.5472668074E+00    0.3445216065E+01    0.0000000000E+00    0.0000000000E+00
   -0.5850708406E-01    0.4523507121E+00   -0.2847938286E+01    0.0000000000E+00    0.0000000000E+00
    0.4500943332E-01   -0.3478781836E+00    0.2190279512E+01    0.0000000000E+00    0.0000000000E+00
   -0.3310292347E-01    0.2550894213E+00   -0.1606807472E+01    0.0000000000E+00    0.0000000000E+00
    0.2350444423E-01   -0.1815888021E+00    0.1143302350E+01    0.0000000000E+00    0.0000000000E+00
   -0.1648350692E-01    0.1263889181E+00   -0.7966736361E+00    0.0000000000E+00    0.0000000000E+00
    0.1137446520E-01   -0.8687873229E-01    0.5479034523E+00    0.0000000000E+00    0.0000000000E+00
   -0.7832603989E-02    0.5909761709E-01   -0.3733745862E+00    0.0000000000E+00    0.0000000000E+00
    0.5338622033E-02   -0.4003988423E-01    0.2531360505E+00    0.0000000000E+00    0.0000000000E+00
   -0.3691267628E-02    0.2690389992E-01   -0.1708170341E+00    0.0000000000E+00    0.0000000000E+00
    0.2518804750E-02   -0.1811428151E-01    0.1151769168E+00    0.0000000000E+00    0.0000000000E+00
   -0.1780608532E-02    0.1206103961E-01   -0.7739884634E-01    0.0000000000E+00    0.0000000000E+00
    0.1239632952E-02   -0.8080294160E-02    0.5211337543E-01    0.0000000000E+00    0.0000000000E+00
   -0.9113550703E-03    0.5325960055E-02   -0.3497814365E-01    0.0000000000E+00    0.0000000000E+00
    0.6484011571E-03   -0.3569050638E-02    0.2362325241E-01    0.0000000000E+00    0.0000000000E+00
   -0.5085906614E-03    0.2308638081E-02   -0.1586240650E-01    0.0000000000E+00    0.0000000000E+00
    0.3990789134E-03   -0.1493046181E-02    0.1069904693E-01    0.0000000000E+00    0.0000000000E+00
   -0.3281158887E-03    0.9306130122E-03   -0.7196418610E-02    0.0000000000E+00    0.0000000000E+00
    0.2497589653E-03   -0.6089700558E-03    0.4928597915E-02    0.0000000000E+00    0.0000000000E+00
   -0.2061426231E-03    0.3519694367E-03   -0.3313933590E-02    0.0000000000E+00    0.0000000000E+00
    0.1316545540E-03   -0.2589373808E-03    0.2345661241E-02    0.0000000000E+00    0.0000000000E+00
   -0.8902266461E-04    0.1657879224E-03   -0.1631759233E-02    0.0000000000E+00    0.0000000000E+00
    0.4289815646E-04   -0.1439983290E-03    0.1237474185E-02    0.0000000000E+00    0.0000000000E+00
   -0.2878458933E-04    0.1018628273E-03   -0.9706622284E-03    0.0000000000E+00    0.0000000000E+00
    0.1949140417E-04   -0.9039557381E-04    0.9887946973E-03    0.0000000000E+00    0.0000000000E+00
   -0.3951491047E-04   -0.9379598811E-04   -0.5034321096E-03    0.0000000000E+00    0.0000000000E+00
   -0.6285409106E-05    0.7116090977E-04    0.6054013051E-04    0.0000000000E+00    0.0000000000E+00
    0.1028266333E-05   -0.1008760659E-04    0.2707793214E-04    0.0000000000E+00    0.0000000000E+00
   -0.2449876044E-06    0.2361323319E-05   -0.8480118337E-05    0.0000000000E+00    0.0000000000E+00
    0.6441846253E-07   -0.6201767497E-06    0.2453557968E-05    0.0000000000E+00    0.0000000000E+00
   -0.1728381405E-07    0.1665108853E-06   -0.6872371624E-06    0.0000000000E+00    0.0000000000E+00
    0.4538253989E-08   -0.4372433597E-07    0.1842068753E-06    0.0000000000E+00    0.0000000000E+00
   -0.1124310492E-08    0.1082541913E-07   -0.4608284930E-07    0.0000000000E+00    0.0000000000E+00
    0.2510828958E-09   -0.2415046120E-08    0.1033521570E-07    0.0000000000E+00    0.0000000000E+00
   -0.4713451793E-10    0.4528366757E-09   -0.1943044734E-08    0.0000000000E+00    0.0000000000E+00
    0.6558084111E-11   -0.6293506114E-10    0.2703795486E-09    0.0000000000E+00    0.0000000000E+00
   -0.5010831925E-12    0.4803917623E-11   -0.2064905737E-10    0.0000000000E+00    0.0000000000E+00
