   40             4.00000 ng, rij 
     2.670     5.340                                       rcov,rprb 
 r                           (non)relativistic calculation
 PBE                         XC-functional
 94.000 34.000    0.2350000000    0.1519501704E+03   -0.1295192448E+02    0.0000000000E+00    0.0000000000E+00  znuc,zion,rloc,gpot()
   3                                                       lpx, (Projectors for l=0..lpx)
    0.1796693948    0.8838437002E+01    0.2141647102E+02   -0.5333510961E+02   -0.1579253765E+02    0.4077615688E+02   -0.3236507116E+02  r_l(),hsep(), so=+0.5
    0.2163061385    0.6944223937E+01    0.5923142337E+01   -0.1866456643E+02   -0.7001367970E+01    0.1656826060E+02   -0.1177515082E+02  r_l(),hsep(), so=+0.5
    0.1169177985E+00   -0.1164370492E+02    0.4103644308E+02    0.1637352716E+02   -0.3874683721E+02    0.2753758303E+02         hsep(), so=-0.5
    0.5047215767    0.1590328531E+01   -0.1046419583E+01    0.1186528278E+01    0.0000000000E+00   -0.0000000000E+00    0.0000000000E+00  r_l(),hsep(), so=+0.5
    0.6854047590E+00   -0.4263303171E+00    0.4834131409E+00    0.0000000000E+00   -0.0000000000E+00    0.0000000000E+00         hsep(), so=-0.5
    0.2473423785   -0.1676781754E+00   -0.0000000000E+00    0.0000000000E+00    0.0000000000E+00   -0.0000000000E+00    0.0000000000E+00  r_l(),hsep(), so=+0.5
   -0.5093429225E+00   -0.0000000000E+00    0.0000000000E+00    0.0000000000E+00   -0.0000000000E+00    0.0000000000E+00         hsep(), so=-0.5
 ---------------------------------------------
 Additional information (last calculation):
 gaussian exponents:
 xp():   102.43285196002500        72.430964237211441        51.216425980012524        36.215482118605728        25.608212990006262        18.107741059302864        12.804106495003136        9.0538705296514355        6.4020532475015681        4.5269352648257177        3.2010266237507854        2.2634676324128602        1.6005133118753927        1.1317338162064299       0.80025665593769679       0.56586690810321527       0.40012832796884845       0.28293345405160764       0.20006416398442431       0.14146672702580385       0.10003208199221217        7.0733363512901937E-002   5.0016040996106098E-002   3.5366681756450975E-002   2.5008020498053049E-002   1.7683340878225495E-002   1.2504010249026525E-002   8.8416704391127490E-003   6.2520051245132649E-003   4.4208352195563754E-003   3.1260025622566329E-003   2.2104176097781886E-003   1.5630012811283173E-003   1.1052088048890943E-003   7.8150064056415854E-004   5.5260440244454725E-004   3.9075032028207933E-004   2.7630220122227362E-004   1.9537516014103974E-004   1.3815110061113689E-004
 orbital coefficients (one orbital per column)
 l,ispin:           0           1
 psi n=1,noccmax(l):
   -0.7411944317E-01   -0.6750594452E-02    0.7038200521E-03   -0.1040603565E-02   -0.3931786547E-03    0.0000000000E+00    0.0000000000E+00   -0.4172624615E+00    0.1988283457E+00
    0.5514685273E+00    0.1009951594E+00   -0.2362910552E-01    0.1659412843E-01    0.1156604205E-01    0.0000000000E+00    0.0000000000E+00    0.1559561404E+01   -0.7708033185E+00
   -0.2160962290E+01   -0.5648092044E+00    0.1539746929E+00   -0.9503088754E-01   -0.7427787895E-01    0.0000000000E+00    0.0000000000E+00   -0.2476328234E+01    0.1313724215E+01
    0.5624628168E+01    0.1774310692E+01   -0.5118207475E+00    0.3027882830E+00    0.2460340913E+00    0.0000000000E+00    0.0000000000E+00    0.1118758273E+01   -0.8304816684E+00
   -0.9683366207E+01   -0.3179626538E+01    0.9292156477E+00   -0.5479305759E+00   -0.4472083053E+00    0.0000000000E+00    0.0000000000E+00    0.2650839181E+01   -0.9247807367E+00
    0.7257320412E+01    0.1070406594E+01   -0.2241291669E+00    0.1835414593E+00    0.1137439408E+00    0.0000000000E+00    0.0000000000E+00   -0.2197855701E+01    0.7491825558E+00
    0.6767282887E+01    0.7218927377E+01   -0.2477498188E+01    0.1270943944E+01    0.1173925112E+01    0.0000000000E+00    0.0000000000E+00   -0.5951161718E+01    0.4807964477E+01
   -0.6837436100E+00   -0.3841415613E+01    0.1444324677E+01   -0.6845893959E+00   -0.6791047757E+00    0.0000000000E+00    0.0000000000E+00   -0.7186957237E+01   -0.1976259708E+01
   -0.2060031003E+02   -0.1068781285E+02    0.3349242724E+01   -0.1968724837E+01   -0.1627198280E+01    0.0000000000E+00    0.0000000000E+00    0.2944407433E+02   -0.1080669668E+02
    0.6709280294E+01    0.2856411804E+01   -0.8621605848E+00    0.6376829521E+00    0.4494126765E+00    0.0000000000E+00    0.0000000000E+00   -0.6237473350E+01    0.2637476025E+01
   -0.2871794172E+01    0.2311297810E+00   -0.1824487970E+00   -0.9009158080E-01    0.4575121287E-01    0.0000000000E+00    0.0000000000E+00   -0.2694728001E+00    0.1341683262E+01
    0.8025761291E+01    0.4898082199E+01   -0.1574791092E+01    0.1084741915E+01    0.8119542289E+00    0.0000000000E+00    0.0000000000E+00   -0.7520856302E+01    0.3714223750E+01
   -0.1100821819E+01    0.1113243521E+01   -0.5412957026E+00    0.5547853859E-01    0.2036655220E+00    0.0000000000E+00    0.0000000000E+00   -0.1060228063E+01    0.1270824417E+01
    0.3037716544E+01    0.2019618908E+01   -0.7039446620E+00    0.6737115088E+00    0.4303635097E+00    0.0000000000E+00    0.0000000000E+00   -0.2211915417E+01    0.1128454192E+01
   -0.1489193110E+01   -0.1103990541E+01    0.3890791078E+00   -0.5357885906E+00   -0.3030930115E+00    0.0000000000E+00    0.0000000000E+00    0.3388140793E+00   -0.3398242890E+00
    0.1164174283E+01   -0.2446178436E+00    0.1807282906E+00    0.2590485100E+00    0.6228873540E-01    0.0000000000E+00    0.0000000000E+00   -0.4406856105E+00   -0.2255394464E+00
   -0.8019144691E+00   -0.1193688258E+01    0.5623392807E+00   -0.7319416959E+00   -0.5068273933E+00    0.0000000000E+00    0.0000000000E+00    0.2260107405E+00   -0.4898947894E+00
    0.5542585066E+00   -0.1171186663E+00    0.4473703587E+00    0.1158116032E+00   -0.3756127560E-01    0.0000000000E+00    0.0000000000E+00   -0.1355596616E+00   -0.2093504981E+00
   -0.3791640409E+00   -0.3885523454E+00   -0.3561674093E+00    0.2565188028E-01    0.2098060367E+00    0.0000000000E+00    0.0000000000E+00    0.7856395768E-01   -0.1546679604E+00
    0.2569746711E+00    0.1079101762E+00    0.6427706063E+00   -0.6540219801E+00   -0.9895164661E+00    0.0000000000E+00    0.0000000000E+00   -0.4510383573E-01   -0.4432336036E-01
   -0.1726299440E+00   -0.1157538708E+00   -0.3441844213E+00    0.8487451369E+00    0.1470232529E+01    0.0000000000E+00    0.0000000000E+00    0.2562289361E-01   -0.2980690320E-01
    0.1150157063E+00    0.7591653748E-01   -0.2320815206E-01   -0.6439603124E+00   -0.1616568319E+01    0.0000000000E+00    0.0000000000E+00   -0.1441127059E-01    0.2315801939E-02
   -0.7604228436E-01   -0.5257229108E-01   -0.9767226656E-01    0.4543764180E+00    0.1658958558E+01    0.0000000000E+00    0.0000000000E+00    0.8029296950E-02   -0.4543076054E-02
    0.4991119338E-01    0.3563585266E-01   -0.1102718159E+00    0.1061213249E+00   -0.9091737361E+00    0.0000000000E+00    0.0000000000E+00   -0.4433725692E-02    0.2252209310E-02
   -0.3252951064E-01   -0.2377675672E-01   -0.4495665349E-01    0.1276485042E+00    0.1172609848E+01    0.0000000000E+00    0.0000000000E+00    0.2427254036E-02   -0.1292551432E-02
    0.2104983447E-01    0.1560327527E-01   -0.2099955624E-01    0.3918741620E-01   -0.3663284296E+00    0.0000000000E+00    0.0000000000E+00   -0.1317442590E-02    0.7146016873E-03
   -0.1351718452E-01   -0.1006244548E-01    0.3619840263E-02   -0.2278543751E+00   -0.1591576339E+01    0.0000000000E+00    0.0000000000E+00    0.7087011809E-03   -0.3862928520E-03
    0.8604696106E-02    0.6369543318E-02   -0.2719406868E-02   -0.3333042170E-01    0.1362136705E+01    0.0000000000E+00    0.0000000000E+00   -0.3775169469E-03    0.2038634400E-03
   -0.5420619220E-02   -0.3951272278E-02    0.1711646846E-02    0.1689242027E-01   -0.3834351521E+00    0.0000000000E+00    0.0000000000E+00    0.1988395859E-03   -0.1049196793E-03
    0.3370539235E-02    0.2396841331E-02   -0.1026739677E-02   -0.9404864131E-02    0.1582766442E+00    0.0000000000E+00    0.0000000000E+00   -0.1033148606E-03    0.5259715108E-04
   -0.2060914975E-02   -0.1417434310E-02    0.5916921794E-03    0.5215222708E-02   -0.7357234701E-01    0.0000000000E+00    0.0000000000E+00    0.5277905111E-04   -0.2564422329E-04
    0.1232628439E-02    0.8137549454E-03   -0.3281781025E-03   -0.2820197961E-02    0.3558772541E-01    0.0000000000E+00    0.0000000000E+00   -0.2638388523E-04    0.1213130124E-04
   -0.7158077902E-03   -0.4508249221E-03    0.1749432062E-03    0.1475304050E-02   -0.1729752292E-01    0.0000000000E+00    0.0000000000E+00    0.1282047781E-04   -0.5546402713E-05
    0.3994356272E-03    0.2389408455E-03   -0.8917067910E-04   -0.7410064031E-03    0.8266183835E-02    0.0000000000E+00    0.0000000000E+00   -0.5999252103E-05    0.2434919672E-05
   -0.2110762117E-03   -0.1196310697E-03    0.4301894339E-04    0.3533599992E-03   -0.3808873920E-02    0.0000000000E+00    0.0000000000E+00    0.2667809524E-05   -0.1015698032E-05
    0.1034511550E-03    0.5552834580E-04   -0.1930766828E-04   -0.1571498373E-03    0.1653867076E-02    0.0000000000E+00    0.0000000000E+00   -0.1106025106E-05    0.3959165930E-06
   -0.4562507987E-04   -0.2322858152E-04    0.7843298527E-05    0.6338334271E-04   -0.6559357598E-03    0.0000000000E+00    0.0000000000E+00    0.4155811151E-06   -0.1404719560E-06
    0.1730369755E-04    0.8383195509E-05   -0.2761268351E-05   -0.2219099600E-04    0.2269395590E-03    0.0000000000E+00    0.0000000000E+00   -0.1355423858E-06    0.4350949706E-07
   -0.5250493565E-05   -0.2431747192E-05    0.7847565806E-06    0.6279927185E-05   -0.6368546499E-04    0.0000000000E+00    0.0000000000E+00    0.3578125082E-07   -0.1097939825E-07
    0.1120506273E-05    0.4988395727E-06   -0.1583508399E-06   -0.1263089883E-05    0.1273307034E-04    0.0000000000E+00    0.0000000000E+00   -0.6734627872E-08    0.1988898051E-08
   -0.1243133727E-06   -0.5351180488E-07    0.1676706432E-07    0.1334171245E-06   -0.1339288789E-05    0.0000000000E+00    0.0000000000E+00    0.6690667490E-09   -0.1914396731E-09
 l,ispin:           1           1
 psi n=1,noccmax(l):
   -0.4172624615E+00    0.1988283457E+00   -0.5735793926E-01   -0.3986702604E-01    0.4328499143E-01    0.0000000000E+00    0.0000000000E+00    0.4129131891E+01    0.7123776393E+00
    0.1559561404E+01   -0.7708033185E+00    0.2244454478E+00    0.1541963588E+00   -0.1710376609E+00    0.0000000000E+00    0.0000000000E+00   -0.1433792738E+02   -0.2492412370E+01
   -0.2476328234E+01    0.1313724215E+01   -0.3919118534E+00   -0.2594593654E+00    0.3071507266E+00    0.0000000000E+00    0.0000000000E+00    0.2577950763E+02    0.4510142981E+01
    0.1118758273E+01   -0.8304816684E+00    0.2803896337E+00    0.1480915731E+00   -0.2512947314E+00    0.0000000000E+00    0.0000000000E+00   -0.2992592111E+02   -0.5217969955E+01
    0.2650839181E+01   -0.9247807367E+00    0.1875840838E+00    0.2333481271E+00   -0.5696060585E-01    0.0000000000E+00    0.0000000000E+00    0.2154567545E+02    0.3583699940E+01
   -0.2197855701E+01    0.7491825558E+00   -0.1287640762E+00   -0.2096898559E+00    0.2208864342E-04    0.0000000000E+00    0.0000000000E+00   -0.9397028328E+01   -0.1242053954E+01
   -0.5951161718E+01    0.4807964477E+01   -0.1463094141E+01   -0.9913744585E+00    0.1138527551E+01    0.0000000000E+00    0.0000000000E+00    0.1765409595E+02    0.3215212570E+01
   -0.7186957237E+01   -0.1976259708E+01    0.7863211719E+00    0.4818848438E+00   -0.6878106136E+00    0.0000000000E+00    0.0000000000E+00   -0.2555670564E+02   -0.5615653551E+01
    0.2944407433E+02   -0.1080669668E+02    0.2808909028E+01    0.2259445523E+01   -0.1850326631E+01    0.0000000000E+00    0.0000000000E+00   -0.1177203152E+02   -0.1947424548E+01
   -0.6237473350E+01    0.2637476025E+01   -0.6395528351E+00   -0.6208562422E+00    0.3446928051E+00    0.0000000000E+00    0.0000000000E+00    0.9019678598E+01    0.2021407008E+01
   -0.2694728001E+00    0.1341683262E+01   -0.4898544267E+00   -0.2444808163E+00    0.4510669814E+00    0.0000000000E+00    0.0000000000E+00    0.7201415669E+01    0.1613043075E+01
   -0.7520856302E+01    0.3714223750E+01   -0.9542424835E+00   -0.8531568555E+00    0.5784455279E+00    0.0000000000E+00    0.0000000000E+00    0.6566078466E+01    0.1415519309E+01
   -0.1060228063E+01    0.1270824417E+01   -0.4565658714E+00   -0.2284726146E+00    0.4134073601E+00    0.0000000000E+00    0.0000000000E+00    0.2342810699E+01    0.4272429339E+00
   -0.2211915417E+01    0.1128454192E+01   -0.2490969372E+00   -0.3072778668E+00    0.9883734076E-01    0.0000000000E+00    0.0000000000E+00    0.1149201140E+01    0.2639038748E+00
    0.3388140793E+00   -0.3398242890E+00    0.4433468290E-01    0.1482925427E+00    0.3322173981E-01    0.0000000000E+00    0.0000000000E+00    0.2232121253E+00    0.3051627447E-01
   -0.4406856105E+00   -0.2255394464E+00    0.1433304456E+00    0.2406820856E-02   -0.1602710597E+00    0.0000000000E+00    0.0000000000E+00    0.1369007613E+00   -0.6620743222E-01
    0.2260107405E+00   -0.4898947894E+00    0.1040400812E+00    0.1886223060E+00   -0.3780949908E-01    0.0000000000E+00    0.0000000000E+00   -0.1330440394E-01   -0.7406276475E-01
   -0.1355596616E+00   -0.2093504981E+00    0.1894757341E+00    0.5748387863E-01   -0.1858456136E+00    0.0000000000E+00    0.0000000000E+00    0.1598851673E-01   -0.7359727088E-01
    0.7856395768E-01   -0.1546679604E+00   -0.1033289711E+00   -0.2191910536E-01    0.1542108557E+00    0.0000000000E+00    0.0000000000E+00   -0.6982060126E-02   -0.3461283516E-01
   -0.4510383573E-01   -0.4432336036E-01    0.1834138930E+00    0.1442553860E+00   -0.2986646666E+00    0.0000000000E+00    0.0000000000E+00    0.3493406357E-02   -0.1645499479E-01
    0.2562289361E-01   -0.2980690320E-01   -0.7217674575E-01   -0.1008921834E+00    0.2875765643E+00    0.0000000000E+00    0.0000000000E+00   -0.1693035886E-02   -0.2112451058E-01
   -0.1441127059E-01    0.2315801939E-02    0.4384079568E-02    0.5300677741E-01   -0.2598837998E+00    0.0000000000E+00    0.0000000000E+00    0.8106183440E-03   -0.4243541913E-02
    0.8029296950E-02   -0.4543076054E-02   -0.6465557712E-02   -0.2710215205E-01    0.2286944280E+00    0.0000000000E+00    0.0000000000E+00   -0.3832447822E-03   -0.4790531471E-02
   -0.4433725692E-02    0.2252209310E-02   -0.2043438959E-01   -0.4360615149E-01   -0.1059786065E+00    0.0000000000E+00    0.0000000000E+00    0.1789922300E-03   -0.1463919332E-02
    0.2427254036E-02   -0.1292551432E-02   -0.1403788733E-01   -0.4631289171E-02    0.1512255735E+00    0.0000000000E+00    0.0000000000E+00   -0.8260675824E-04   -0.8459401683E-03
   -0.1317442590E-02    0.7146016873E-03   -0.8746228137E-02   -0.3550109367E-01   -0.6592183775E-02    0.0000000000E+00    0.0000000000E+00    0.3767421618E-04   -0.7770808832E-04
    0.7087011809E-03   -0.3862928520E-03   -0.1672399008E-02    0.3693209551E-01   -0.1929513439E+00    0.0000000000E+00    0.0000000000E+00   -0.1697451945E-04   -0.4446441999E-04
   -0.3775169469E-03    0.2038634400E-03    0.1487571145E-03    0.4843755237E-02    0.1279752686E+00    0.0000000000E+00    0.0000000000E+00    0.7550270740E-05    0.1632911304E-04
    0.1988395859E-03   -0.1049196793E-03   -0.3646707259E-04   -0.1371527249E-02   -0.2900785551E-01    0.0000000000E+00    0.0000000000E+00   -0.3311220317E-05   -0.6739996536E-05
   -0.1033148606E-03    0.5259715108E-04    0.1041971355E-04    0.5061744537E-03    0.9733869309E-02    0.0000000000E+00    0.0000000000E+00    0.1428975765E-05    0.2728016841E-05
    0.5277905111E-04   -0.2564422329E-04   -0.3098829021E-05   -0.2048297585E-03   -0.3708250787E-02    0.0000000000E+00    0.0000000000E+00   -0.6051224193E-06   -0.1075103605E-05
   -0.2638388523E-04    0.1213130124E-04    0.9252730527E-06    0.8543609336E-04    0.1481940377E-02    0.0000000000E+00    0.0000000000E+00    0.2504432138E-06    0.4121111930E-06
    0.1282047781E-04   -0.5546402713E-05   -0.2728161148E-06   -0.3566417804E-04   -0.5996720923E-03    0.0000000000E+00    0.0000000000E+00   -0.1007366842E-06   -0.1533871780E-06
   -0.5999252103E-05    0.2434919672E-05    0.7849566759E-07    0.1462242254E-04    0.2403612429E-03    0.0000000000E+00    0.0000000000E+00    0.3906803120E-07    0.5518773691E-07
    0.2667809524E-05   -0.1015698032E-05   -0.2175694532E-07   -0.5788691848E-05   -0.9360164978E-04    0.0000000000E+00    0.0000000000E+00   -0.1444140644E-07   -0.1902617769E-07
   -0.1106025106E-05    0.3959165930E-06    0.5708154743E-08    0.2167340359E-05    0.3463080154E-04    0.0000000000E+00    0.0000000000E+00    0.5002041002E-08    0.6190054440E-08
    0.4155811151E-06   -0.1404719560E-06   -0.1380960352E-08   -0.7455151954E-06   -0.1181038676E-04    0.0000000000E+00    0.0000000000E+00   -0.1581923107E-08   -0.1853670593E-08
   -0.1355423858E-06    0.4350949706E-07    0.2957692285E-09    0.2254993963E-06    0.3550344173E-05    0.0000000000E+00    0.0000000000E+00    0.4385839761E-09    0.4906744990E-09
    0.3578125082E-07   -0.1097939825E-07   -0.5243429979E-10   -0.5588519923E-07   -0.8759824071E-06    0.0000000000E+00    0.0000000000E+00   -0.9964223656E-10   -0.1072839261E-09
   -0.6734627872E-08    0.1988898051E-08    0.6797983922E-11    0.9986292126E-08    0.1560348865E-06    0.0000000000E+00    0.0000000000E+00    0.1637638870E-10    0.1709316091E-10
    0.6690667490E-09   -0.1914396731E-09   -0.4786946040E-12   -0.9514349134E-09   -0.1483228017E-07    0.0000000000E+00    0.0000000000E+00   -0.1443825168E-11   -0.1470318048E-11
 l,ispin:           1           2
 psi n=1,noccmax(l):
   -0.6140903590E+00    0.2740167806E+00    0.7247630295E-01    0.4611396647E-01   -0.4791263995E-01    0.0000000000E+00    0.0000000000E+00   -0.4109928350E+01   -0.8287128949E+00
    0.2354705481E+01   -0.1102796205E+01   -0.2937999401E+00   -0.1856048777E+00    0.1952951859E+00    0.0000000000E+00    0.0000000000E+00    0.1427046550E+02    0.2901107206E+01
   -0.3836029035E+01    0.1993179312E+01    0.5400019060E+00    0.3325326923E+00   -0.3651097992E+00    0.0000000000E+00    0.0000000000E+00   -0.2566002037E+02   -0.5254369753E+01
    0.1561540135E+01   -0.1461349972E+01   -0.4262589351E+00   -0.2264098497E+00    0.3127429012E+00    0.0000000000E+00    0.0000000000E+00    0.2980229306E+02    0.6087765545E+01
    0.6245480020E+01   -0.1365597701E+01   -0.2809790449E+00   -0.2879845289E+00    0.1131088016E+00    0.0000000000E+00    0.0000000000E+00   -0.2150104818E+02   -0.4193295846E+01
   -0.1091039679E+02    0.2542115676E+01    0.5625751498E+00    0.5030493957E+00   -0.2753064159E+00    0.0000000000E+00    0.0000000000E+00    0.9429345978E+01    0.1462501802E+01
   -0.7946935774E+01    0.6748250834E+01    0.1877652857E+01    0.1168831087E+01   -0.1269207878E+01    0.0000000000E+00    0.0000000000E+00   -0.1751447593E+02   -0.3763247429E+01
    0.2384499925E+02   -0.1187687286E+02   -0.3205665719E+01   -0.2077700546E+01    0.2107853196E+01    0.0000000000E+00    0.0000000000E+00    0.2527765988E+02    0.6624796789E+01
    0.1168881044E+02   -0.7436704386E+01   -0.1884266013E+01   -0.1445051819E+01    0.1098847569E+01    0.0000000000E+00    0.0000000000E+00    0.1161016441E+02    0.2172565680E+01
   -0.1080633622E+02    0.5727596995E+01    0.1446047520E+01    0.1142296822E+01   -0.8269245065E+00    0.0000000000E+00    0.0000000000E+00   -0.8885850188E+01   -0.2329665101E+01
   -0.2347947032E+01    0.3216622243E+01    0.9566932430E+00    0.5265745794E+00   -0.6888634531E+00    0.0000000000E+00    0.0000000000E+00   -0.7111878090E+01   -0.1920846692E+01
   -0.7401576380E+01    0.3983349312E+01    0.1013008490E+01    0.8367547161E+00   -0.5668372924E+00    0.0000000000E+00    0.0000000000E+00   -0.6395814063E+01   -0.1593884884E+01
   -0.3748751261E+00    0.1004701563E+01    0.3512830307E+00    0.1165693358E+00   -0.2932273670E+00    0.0000000000E+00    0.0000000000E+00   -0.2364253813E+01   -0.5920942466E+00
   -0.1709557521E+01    0.4665456395E+00    0.6942685088E-01    0.1721398187E+00    0.1573534329E-01    0.0000000000E+00    0.0000000000E+00   -0.1233533105E+01   -0.2859061202E+00
    0.5181784423E+00   -0.7549009171E+00   -0.2056789029E+00   -0.2674224527E+00    0.8824003175E-01    0.0000000000E+00    0.0000000000E+00   -0.2178585577E+00    0.1504251175E-01
   -0.3964313379E+00   -0.4739867149E+00   -0.1962588825E+00   -0.2012316446E-01    0.1626136786E+00    0.0000000000E+00    0.0000000000E+00   -0.1332009804E+00    0.8648725290E-01
    0.2253329815E+00   -0.5241724649E+00   -0.1657757857E+00   -0.2397560140E+00    0.9919198105E-01    0.0000000000E+00    0.0000000000E+00    0.1637032392E-01    0.9289723844E-01
   -0.1317302960E+00   -0.1747906712E+00   -0.1331632828E+00    0.1737205842E-01    0.9212261780E-01    0.0000000000E+00    0.0000000000E+00   -0.1583345162E-01    0.8060919735E-01
    0.7592401125E-01   -0.1181032342E+00    0.8644406257E-01   -0.2302413710E-01   -0.8065447676E-01    0.0000000000E+00    0.0000000000E+00    0.7139211912E-02    0.3715065515E-01
   -0.4329992272E-01   -0.1427099347E-01   -0.1508935670E+00   -0.8591720887E-01    0.2033483651E+00    0.0000000000E+00    0.0000000000E+00   -0.3532620479E-02    0.1930954145E-01
    0.2444904433E-01   -0.1572209058E-01    0.9376468897E-01    0.1074354247E+00   -0.2584100722E+00    0.0000000000E+00    0.0000000000E+00    0.1707028070E-02    0.2023437555E-01
   -0.1367785525E-01    0.4884327661E-02   -0.2256325541E-02   -0.5544229057E-01    0.2331457163E+00    0.0000000000E+00    0.0000000000E+00   -0.8149586045E-03    0.4346279767E-02
    0.7586788720E-02   -0.3372727635E-02    0.2154764064E-01    0.5302882508E-01   -0.2438456695E+00    0.0000000000E+00    0.0000000000E+00    0.3843886416E-03    0.4450870115E-02
   -0.4174772677E-02    0.1906044495E-02    0.1878342251E-01    0.2881574814E-01    0.1218771891E+00    0.0000000000E+00    0.0000000000E+00   -0.1791955794E-03    0.1193897028E-02
    0.2279820767E-02   -0.1072403864E-02    0.1323725389E-01    0.9708696087E-02   -0.1596079293E+00    0.0000000000E+00    0.0000000000E+00    0.8259131477E-04    0.6862779440E-03
   -0.1235623245E-02    0.5914015856E-03    0.4954057123E-02    0.1390673530E-01    0.8067598626E-01    0.0000000000E+00    0.0000000000E+00   -0.3763737990E-04    0.2678575809E-04
    0.6644146918E-03   -0.3195498909E-03    0.9406312762E-03   -0.3107250871E-01    0.1162599121E+00    0.0000000000E+00    0.0000000000E+00    0.1695359764E-04    0.3855200822E-04
   -0.3541533499E-03    0.1689992843E-03   -0.2005239862E-03   -0.1846154894E-02   -0.1012921209E+00    0.0000000000E+00    0.0000000000E+00   -0.7543071127E-05   -0.1528002673E-04
    0.1868520222E-03   -0.8737677032E-04    0.8397373787E-04    0.5453922270E-03    0.2470187399E-01    0.0000000000E+00    0.0000000000E+00    0.3310716993E-05    0.6370445361E-05
   -0.9735569219E-04    0.4409731518E-04   -0.3760374003E-04   -0.2121244234E-03   -0.8553031678E-02    0.0000000000E+00    0.0000000000E+00   -0.1430617089E-05   -0.2589543250E-05
    0.4992570254E-04   -0.2167884667E-04    0.1691927952E-04    0.8990948095E-04    0.3314366301E-02    0.0000000000E+00    0.0000000000E+00    0.6068825095E-06    0.1023338871E-05
   -0.2507909959E-04    0.1035054713E-04   -0.7514979959E-05   -0.3885885054E-04   -0.1338263597E-02    0.0000000000E+00    0.0000000000E+00   -0.2517127034E-06   -0.3930720604E-06
    0.1225754831E-04   -0.4777660673E-05    0.3264432533E-05    0.1664360231E-04    0.5451401388E-03    0.0000000000E+00    0.0000000000E+00    0.1014971603E-06    0.1465353750E-06
   -0.5774108866E-05    0.2117072134E-05   -0.1374424026E-05   -0.6948845573E-05   -0.2194743874E-03    0.0000000000E+00    0.0000000000E+00   -0.3946844705E-07   -0.5278930864E-07
    0.2586512083E-05   -0.8907980667E-06    0.5541737187E-06    0.2785940442E-05    0.8572695797E-04    0.0000000000E+00    0.0000000000E+00    0.1462994694E-07    0.1821745316E-07
   -0.1080629503E-05    0.3499296961E-06   -0.2101958893E-06   -0.1052294476E-05   -0.3178386428E-04    0.0000000000E+00    0.0000000000E+00   -0.5081328432E-08   -0.5931545680E-08
    0.4092411164E-06   -0.1249886980E-06    0.7297794636E-07    0.3641780370E-06    0.1085535782E-04    0.0000000000E+00    0.0000000000E+00    0.1611230954E-08    0.1777322384E-08
   -0.1345062316E-06    0.3893158038E-07   -0.2222277761E-07   -0.1106206651E-06   -0.3266608879E-05    0.0000000000E+00    0.0000000000E+00   -0.4477912545E-09   -0.4706802459E-09
    0.3576672405E-07   -0.9869412619E-08    0.5534340499E-08    0.2749526398E-07    0.8065604149E-06    0.0000000000E+00    0.0000000000E+00    0.1019527235E-09    0.1029479493E-09
   -0.6776536438E-08    0.1794416745E-08   -0.9924522478E-09   -0.4923180310E-08   -0.1437426420E-06    0.0000000000E+00    0.0000000000E+00   -0.1678706433E-10   -0.1640659604E-10
    0.6771442294E-09   -0.1732202356E-09    0.9479795787E-10    0.4697116717E-09    0.1366876030E-07    0.0000000000E+00    0.0000000000E+00    0.1482310751E-11    0.1411534980E-11
 l,ispin:           2           1
 psi n=1,noccmax(l):
    0.4129131891E+01    0.7123776393E+00    0.3816124687E+00   -0.3181944572E+00    0.3317910495E+00    0.0000000000E+00    0.0000000000E+00   -0.9252013085E+01
   -0.1433792738E+02   -0.2492412370E+01   -0.1335298031E+01    0.1114213077E+01   -0.1161499558E+01    0.0000000000E+00    0.0000000000E+00    0.2659731163E+02
    0.2577950763E+02    0.4510142981E+01    0.2419555873E+01   -0.2013359472E+01    0.2104218223E+01    0.0000000000E+00    0.0000000000E+00   -0.4179381039E+02
   -0.2992592111E+02   -0.5217969955E+01   -0.2814332688E+01    0.2307070250E+01   -0.2440926946E+01    0.0000000000E+00    0.0000000000E+00    0.4623168712E+02
    0.2154567545E+02    0.3583699940E+01    0.1973358876E+01   -0.1516852983E+01    0.1689778803E+01    0.0000000000E+00    0.0000000000E+00   -0.3695359663E+02
   -0.9397028328E+01   -0.1242053954E+01   -0.7502671954E+00    0.4109221687E+00   -0.6053736576E+00    0.0000000000E+00    0.0000000000E+00    0.2085040111E+02
    0.1765409595E+02    0.3215212570E+01    0.1780086538E+01   -0.1362758529E+01    0.1528273082E+01    0.0000000000E+00    0.0000000000E+00   -0.1806565529E+02
   -0.2555670564E+02   -0.5615653551E+01   -0.3039481702E+01    0.2538584849E+01   -0.2668537143E+01    0.0000000000E+00    0.0000000000E+00    0.2367776692E+02
   -0.1177203152E+02   -0.1947424548E+01   -0.9314423848E+00    0.1017264470E+01   -0.8499700043E+00    0.0000000000E+00    0.0000000000E+00    0.1137670336E+01
    0.9019678598E+01    0.2021407008E+01    0.9952771821E+00   -0.1051372881E+01    0.9147497145E+00    0.0000000000E+00    0.0000000000E+00   -0.5147539650E+01
    0.7201415669E+01    0.1613043075E+01    0.9019366734E+00   -0.6945053981E+00    0.7818436181E+00    0.0000000000E+00    0.0000000000E+00   -0.5761458151E+01
    0.6566078466E+01    0.1415519309E+01    0.6968172972E+00   -0.7289543980E+00    0.6376599204E+00    0.0000000000E+00    0.0000000000E+00   -0.3479994586E+01
    0.2342810699E+01    0.4272429339E+00    0.2622496151E+00   -0.1589149837E+00    0.2202983686E+00    0.0000000000E+00    0.0000000000E+00   -0.1940672816E+01
    0.1149201140E+01    0.2639038748E+00    0.1069260292E+00   -0.1593039199E+00    0.1058493816E+00    0.0000000000E+00    0.0000000000E+00   -0.9429297396E+00
    0.2232121253E+00    0.3051627447E-01    0.3965432637E-01    0.1544794235E-01    0.2354727033E-01    0.0000000000E+00    0.0000000000E+00   -0.4297238501E+00
    0.1369007613E+00   -0.6620743222E-01   -0.5890740140E-01    0.1503073547E-01   -0.4747610036E-01    0.0000000000E+00    0.0000000000E+00   -0.1762859972E+00
   -0.1330440394E-01   -0.7406276475E-01   -0.2025385024E-01    0.4985470447E-01   -0.2465461680E-01    0.0000000000E+00    0.0000000000E+00   -0.7037551826E-01
    0.1598851673E-01   -0.7359727088E-01   -0.6305485417E-01    0.3773560332E-01   -0.6136501508E-01    0.0000000000E+00    0.0000000000E+00   -0.2572388861E-01
   -0.6982060126E-02   -0.3461283516E-01    0.5383466999E-02    0.6498611830E-02    0.1703062158E-01    0.0000000000E+00    0.0000000000E+00   -0.8554282956E-02
    0.3493406357E-02   -0.1645499479E-01   -0.2973950595E-01    0.2336195535E-01   -0.4901698277E-01    0.0000000000E+00    0.0000000000E+00   -0.3497568217E-02
   -0.1693035886E-02   -0.2112451058E-01   -0.3723982195E-02    0.7681199136E-02    0.1520594602E-01    0.0000000000E+00    0.0000000000E+00   -0.1194169371E-02
    0.8106183440E-03   -0.4243541913E-02   -0.1401044184E-02   -0.4690626929E-02   -0.1426073757E-01    0.0000000000E+00    0.0000000000E+00   -0.3334190090E-03
   -0.3832447822E-03   -0.4790531471E-02   -0.5390339200E-02    0.1363571997E-01   -0.1671993041E-02    0.0000000000E+00    0.0000000000E+00   -0.1323842488E-03
    0.1789922300E-03   -0.1463919332E-02    0.6417459108E-03   -0.1069004876E-01    0.6839966846E-02    0.0000000000E+00    0.0000000000E+00   -0.2840587387E-04
   -0.8260675824E-04   -0.8459401683E-03    0.7664789493E-03    0.5875194814E-02   -0.4223585446E-02    0.0000000000E+00    0.0000000000E+00   -0.8587118215E-05
    0.3767421618E-04   -0.7770808832E-04    0.1533249802E-02   -0.1159692684E-01    0.3160193030E-01    0.0000000000E+00    0.0000000000E+00   -0.1939094181E-06
   -0.1697451945E-04   -0.4446441999E-04    0.1387690754E-02    0.2722250988E-02   -0.3482140029E-01    0.0000000000E+00    0.0000000000E+00   -0.2516869855E-06
    0.7550270740E-05    0.1632911304E-04   -0.7625353017E-04    0.2168957805E-02    0.1308310718E-01    0.0000000000E+00    0.0000000000E+00    0.8782616242E-07
   -0.3311220317E-05   -0.6739996536E-05    0.2349911980E-04   -0.5086767467E-03   -0.1831639097E-02    0.0000000000E+00    0.0000000000E+00   -0.3092501968E-07
    0.1428975765E-05    0.2728016841E-05   -0.8211845835E-05    0.1545481026E-03    0.4329999157E-03    0.0000000000E+00    0.0000000000E+00    0.1055898738E-07
   -0.6051224193E-06   -0.1075103605E-05    0.2958816103E-05   -0.5125871623E-04   -0.1236846692E-03    0.0000000000E+00    0.0000000000E+00   -0.3499975571E-08
    0.2504432138E-06    0.4121111930E-06   -0.1068668440E-05    0.1757028161E-04    0.3851620888E-04    0.0000000000E+00    0.0000000000E+00    0.1128045020E-08
   -0.1007366842E-06   -0.1533871780E-06    0.3817554366E-06   -0.6064169942E-05   -0.1247113691E-04    0.0000000000E+00    0.0000000000E+00   -0.3534418586E-09
    0.3906803120E-07    0.5518773691E-07   -0.1334443925E-06    0.2070953362E-05    0.4078767811E-05    0.0000000000E+00    0.0000000000E+00    0.1073123330E-09
   -0.1444140644E-07   -0.1902617769E-07    0.4507262426E-07   -0.6883539473E-06   -0.1316236833E-05    0.0000000000E+00    0.0000000000E+00   -0.3133556061E-10
    0.5002041002E-08    0.6190054440E-08   -0.1445160108E-07    0.2182503642E-06    0.4089327601E-06    0.0000000000E+00    0.0000000000E+00    0.8678667667E-11
   -0.1581923107E-08   -0.1853670593E-08    0.4282796532E-08   -0.6417316448E-07   -0.1185663401E-06    0.0000000000E+00    0.0000000000E+00   -0.2227055174E-11
    0.4385839761E-09    0.4906744990E-09   -0.1125263434E-08    0.1676766500E-07    0.3068099363E-07    0.0000000000E+00    0.0000000000E+00    0.5093940539E-12
   -0.9964223656E-10   -0.1072839261E-09    0.2447285774E-09   -0.3632453667E-08   -0.6602055796E-08    0.0000000000E+00    0.0000000000E+00   -0.9722699933E-13
    0.1637638870E-10    0.1709316091E-10   -0.3884384402E-10    0.5749514655E-09    0.1040124967E-08    0.0000000000E+00    0.0000000000E+00    0.1368651183E-13
   -0.1443825168E-11   -0.1470318048E-11    0.3332217963E-11   -0.4922515364E-10   -0.8876344393E-10    0.0000000000E+00    0.0000000000E+00   -0.1054422762E-14
 l,ispin:           2           2
 psi n=1,noccmax(l):
   -0.4109928350E+01   -0.8287128949E+00    0.4003723235E+00    0.3373858007E+00   -0.3579597081E+00    0.0000000000E+00    0.0000000000E+00    0.9746332593E+01
    0.1427046550E+02    0.2901107206E+01   -0.1401771518E+01   -0.1182088279E+01    0.1253592227E+01    0.0000000000E+00    0.0000000000E+00   -0.2805534564E+02
   -0.2566002037E+02   -0.5254369753E+01    0.2541979788E+01    0.2138443371E+01   -0.2274968239E+01    0.0000000000E+00    0.0000000000E+00    0.4416230511E+02
    0.2980229306E+02    0.6087765545E+01   -0.2959337751E+01   -0.2456696598E+01    0.2654215092E+01    0.0000000000E+00    0.0000000000E+00   -0.4892771382E+02
   -0.2150104818E+02   -0.4193295846E+01    0.2076245041E+01    0.1627912556E+01   -0.1875679578E+01    0.0000000000E+00    0.0000000000E+00    0.3907422742E+02
    0.9429345978E+01    0.1462501802E+01   -0.7860013494E+00   -0.4583359014E+00    0.7307691766E+00    0.0000000000E+00    0.0000000000E+00   -0.2175948729E+02
   -0.1751447593E+02   -0.3763247429E+01    0.1873340053E+01    0.1463859686E+01   -0.1699548994E+01    0.0000000000E+00    0.0000000000E+00    0.1862572873E+02
    0.2527765988E+02    0.6624796789E+01   -0.3233361960E+01   -0.2732513507E+01    0.2920657956E+01    0.0000000000E+00    0.0000000000E+00   -0.2535007128E+02
    0.1161016441E+02    0.2172565680E+01   -0.9436570835E+00   -0.1021235240E+01    0.7972684992E+00    0.0000000000E+00    0.0000000000E+00   -0.6978512314E+00
   -0.8885850188E+01   -0.2329665101E+01    0.1043785573E+01    0.1090124765E+01   -0.9056209391E+00    0.0000000000E+00    0.0000000000E+00    0.5845616779E+01
   -0.7111878090E+01   -0.1920846692E+01    0.9649287173E+00    0.7599409709E+00   -0.8825691098E+00    0.0000000000E+00    0.0000000000E+00    0.6166579913E+01
   -0.6395814063E+01   -0.1593884884E+01    0.7130024954E+00    0.7405191700E+00   -0.6180511043E+00    0.0000000000E+00    0.0000000000E+00    0.3652694036E+01
   -0.2364253813E+01   -0.5920942466E+00    0.3172841748E+00    0.2131660166E+00   -0.2973540256E+00    0.0000000000E+00    0.0000000000E+00    0.2011598471E+01
   -0.1233533105E+01   -0.2859061202E+00    0.1054553899E+00    0.1552358260E+00   -0.8244807957E-01    0.0000000000E+00    0.0000000000E+00    0.9633485101E+00
   -0.2178585577E+00    0.1504251175E-01    0.1498884457E-01   -0.3559606859E-01   -0.1888786989E-01    0.0000000000E+00    0.0000000000E+00    0.4337703159E+00
   -0.1332009804E+00    0.8648725290E-01   -0.6459867663E-01   -0.2203667361E-01    0.6634787778E-01    0.0000000000E+00    0.0000000000E+00    0.1749612772E+00
    0.1637032392E-01    0.9289723844E-01   -0.2676084881E-01   -0.5495369205E-01    0.2051217725E-01    0.0000000000E+00    0.0000000000E+00    0.6887220476E-01
   -0.1583345162E-01    0.8060919735E-01   -0.6229087626E-01   -0.3764705376E-01    0.6814900360E-01    0.0000000000E+00    0.0000000000E+00    0.2437779955E-01
    0.7139211912E-02    0.3715065515E-01    0.5885035338E-02   -0.5764322795E-02   -0.2301377369E-01    0.0000000000E+00    0.0000000000E+00    0.8062463858E-02
   -0.3532620479E-02    0.1930954145E-01   -0.3084224443E-01   -0.2496256429E-01    0.5483711040E-01    0.0000000000E+00    0.0000000000E+00    0.3143756690E-02
    0.1707028070E-02    0.2023437555E-01   -0.1558654171E-02   -0.4487320623E-02   -0.2247020568E-01    0.0000000000E+00    0.0000000000E+00    0.9956331112E-03
   -0.8149586045E-03    0.4346279767E-02   -0.1510113537E-02    0.3217941128E-02    0.1950562450E-01    0.0000000000E+00    0.0000000000E+00    0.2728495130E-03
    0.3843886416E-03    0.4450870115E-02   -0.4655884406E-02   -0.1151916250E-01   -0.4290604865E-02    0.0000000000E+00    0.0000000000E+00    0.9515092341E-04
   -0.1791955794E-03    0.1193897028E-02    0.1020296322E-02    0.1024895545E-01   -0.3228281817E-02    0.0000000000E+00    0.0000000000E+00    0.1733689805E-04
    0.8259131477E-04    0.6862779440E-03    0.9885484265E-03   -0.4876401804E-02   -0.1932071515E-03    0.0000000000E+00    0.0000000000E+00    0.4730977187E-05
   -0.3763737990E-04    0.2678575809E-04    0.1609148922E-02    0.1094589083E-01   -0.2657964409E-01    0.0000000000E+00    0.0000000000E+00   -0.1597298341E-06
    0.1695359764E-04    0.3855200822E-04    0.1245533502E-02   -0.3066607271E-02    0.3250205521E-01    0.0000000000E+00    0.0000000000E+00    0.1746072265E-06
   -0.7543071127E-05   -0.1528002673E-04   -0.7603115097E-04   -0.1904329916E-02   -0.1280265828E-01    0.0000000000E+00    0.0000000000E+00   -0.6325388370E-07
    0.3310716993E-05    0.6370445361E-05    0.2321170214E-04    0.4476438648E-03    0.1916791561E-02    0.0000000000E+00    0.0000000000E+00    0.2235769589E-07
   -0.1430617089E-05   -0.2589543250E-05   -0.8076683573E-05   -0.1359594481E-03   -0.4738843414E-03    0.0000000000E+00    0.0000000000E+00   -0.7654046429E-08
    0.6068825095E-06    0.1023338871E-05    0.2904278847E-05    0.4507130159E-04    0.1396452751E-03    0.0000000000E+00    0.0000000000E+00    0.2543869552E-08
   -0.2517127034E-06   -0.3930720604E-06   -0.1047987612E-05   -0.1544419653E-04   -0.4443895775E-04    0.0000000000E+00    0.0000000000E+00   -0.8220305866E-09
    0.1014971603E-06    0.1465353750E-06    0.3742097367E-06    0.5329382639E-05    0.1460611007E-04    0.0000000000E+00    0.0000000000E+00    0.2581758001E-09
   -0.3946844705E-07   -0.5278930864E-07   -0.1307843464E-06   -0.1819860529E-05   -0.4826510622E-05    0.0000000000E+00    0.0000000000E+00   -0.7855038595E-10
    0.1462994694E-07    0.1821745316E-07    0.4417191534E-07    0.6048772659E-06    0.1568566744E-05    0.0000000000E+00    0.0000000000E+00    0.2297683319E-10
   -0.5081328432E-08   -0.5931545680E-08   -0.1416287422E-07   -0.1917836768E-06   -0.4896806582E-06    0.0000000000E+00    0.0000000000E+00   -0.6372625133E-11
    0.1611230954E-08    0.1777322384E-08    0.4197346833E-08    0.5639202351E-07    0.1424451876E-06    0.0000000000E+00    0.0000000000E+00    0.1637128778E-11
   -0.4477912545E-09   -0.4706802459E-09   -0.1102850265E-08   -0.1473488109E-07   -0.3694245727E-07    0.0000000000E+00    0.0000000000E+00   -0.3747876858E-12
    0.1019527235E-09    0.1029479493E-09    0.2398620942E-09    0.3192155535E-08    0.7961510221E-08    0.0000000000E+00    0.0000000000E+00    0.7158304670E-13
   -0.1678706433E-10   -0.1640659604E-10   -0.3807255238E-10   -0.5052706858E-09   -0.1255598926E-08    0.0000000000E+00    0.0000000000E+00   -0.1008179286E-13
    0.1482310751E-11    0.1411534980E-11    0.3266133121E-11    0.4326010727E-10    0.1072273665E-09    0.0000000000E+00    0.0000000000E+00    0.7770096432E-15
 l,ispin:           3           1
 psi n=1,noccmax(l):
   -0.9252013085E+01    0.1033982793E+01    0.1269285336E+01    0.9735416752E+00   -0.1661514057E+01    0.0000000000E+00    0.0000000000E+00
    0.2659731163E+02   -0.2972284611E+01   -0.3637109420E+01   -0.2839701845E+01    0.4382783283E+01    0.0000000000E+00    0.0000000000E+00
   -0.4179381039E+02    0.4670615072E+01    0.5699145908E+01    0.4520854158E+01   -0.6330599837E+01    0.0000000000E+00    0.0000000000E+00
    0.4623168712E+02   -0.5167697947E+01   -0.6308101151E+01   -0.4997237511E+01    0.7062031184E+01    0.0000000000E+00    0.0000000000E+00
   -0.3695359663E+02    0.4133222468E+01    0.5099021689E+01    0.3813070419E+01   -0.7428529481E+01    0.0000000000E+00    0.0000000000E+00
    0.2085040111E+02   -0.2335239800E+01   -0.2982229581E+01   -0.1801993527E+01    0.7592107093E+01    0.0000000000E+00    0.0000000000E+00
   -0.1806565529E+02    0.2025220292E+01    0.2557722947E+01    0.1671507806E+01   -0.5566442973E+01    0.0000000000E+00    0.0000000000E+00
    0.2367776692E+02   -0.2660112065E+01   -0.3223451241E+01   -0.2698875651E+01    0.2555757193E+01    0.0000000000E+00    0.0000000000E+00
    0.1137670336E+01   -0.1121364993E+00    0.6075222220E-02   -0.5731992954E+00   -0.4426315331E+01    0.0000000000E+00    0.0000000000E+00
   -0.5147539650E+01    0.5708584601E+00    0.5612767006E+00    0.1019759023E+01    0.3739574974E+01    0.0000000000E+00    0.0000000000E+00
   -0.5761458151E+01    0.6498568658E+00    0.8067520446E+00    0.6017314587E+00   -0.1210787417E+01    0.0000000000E+00    0.0000000000E+00
   -0.3479994586E+01    0.3863632402E+00    0.3979774499E+00    0.6245409167E+00    0.1908060695E+01    0.0000000000E+00    0.0000000000E+00
   -0.1940672816E+01    0.2190532801E+00    0.2802655727E+00    0.1773064826E+00   -0.6665808354E+00    0.0000000000E+00    0.0000000000E+00
   -0.9429297396E+00    0.1044170218E+00    0.9892209786E-01    0.1946375005E+00    0.7796584612E+00    0.0000000000E+00    0.0000000000E+00
   -0.4297238501E+00    0.4774200726E-01    0.6817118501E-01    0.1577264032E-01   -0.3732266486E+00    0.0000000000E+00    0.0000000000E+00
   -0.1762859972E+00    0.1885272488E-01    0.1143556651E-01    0.5096572174E-01    0.3155861171E+00    0.0000000000E+00    0.0000000000E+00
   -0.7037551826E-01    0.6853746549E-02    0.1428202054E-01   -0.1067568632E-01   -0.1889856246E+00    0.0000000000E+00    0.0000000000E+00
   -0.2572388861E-01    0.2993959507E-02   -0.1733482465E-02    0.1479620737E-01    0.1348374571E+00    0.0000000000E+00    0.0000000000E+00
   -0.8554282956E-02   -0.1379860105E-02    0.1137600554E-02   -0.1067284661E-01   -0.9284942258E-01    0.0000000000E+00    0.0000000000E+00
   -0.3497568217E-02    0.2271023238E-02    0.9847908028E-03    0.9355908911E-02    0.6571453923E-01    0.0000000000E+00    0.0000000000E+00
   -0.1194169371E-02   -0.1480381067E-02   -0.1353341254E-02   -0.8205226052E-02   -0.4839108772E-01    0.0000000000E+00    0.0000000000E+00
   -0.3334190090E-03   -0.3485366952E-04   -0.4144499083E-03    0.4389182760E-02    0.3286991849E-01    0.0000000000E+00    0.0000000000E+00
   -0.1323842488E-03    0.1575555826E-04    0.1934553105E-03   -0.3623068995E-02   -0.2490785964E-01    0.0000000000E+00    0.0000000000E+00
   -0.2840587387E-04   -0.3026681307E-03   -0.9864784013E-03    0.1102523744E-02    0.1642279637E-01    0.0000000000E+00    0.0000000000E+00
   -0.8587118215E-05   -0.1771196663E-03    0.1023700425E-03   -0.1705751887E-02   -0.1472673613E-01    0.0000000000E+00    0.0000000000E+00
   -0.1939094181E-06   -0.1705891450E-03   -0.7505514530E-03   -0.2371003978E-03    0.1062662389E-01    0.0000000000E+00    0.0000000000E+00
   -0.2516869855E-06   -0.9867757287E-04    0.3208451130E-03    0.1470591178E-02   -0.3715414160E-02    0.0000000000E+00    0.0000000000E+00
    0.8782616242E-07    0.5732013851E-05    0.7770915521E-04   -0.6840763630E-03    0.1378307621E-03    0.0000000000E+00    0.0000000000E+00
   -0.3092501968E-07   -0.1514439404E-05   -0.1597166387E-04    0.1133100435E-03    0.2884878683E-03    0.0000000000E+00    0.0000000000E+00
    0.1055898738E-07    0.4535380036E-06    0.4133058040E-05   -0.2722018326E-04   -0.9582726020E-04    0.0000000000E+00    0.0000000000E+00
   -0.3499975571E-08   -0.1394157014E-06   -0.1157193505E-05    0.7349913565E-05    0.2928434401E-04    0.0000000000E+00    0.0000000000E+00
    0.1128045020E-08    0.4279194644E-07    0.3339674338E-06   -0.2076361189E-05   -0.8783424432E-05    0.0000000000E+00    0.0000000000E+00
   -0.3534418586E-09   -0.1296412606E-07   -0.9707972157E-07    0.5951697304E-06    0.2599353277E-05    0.0000000000E+00    0.0000000000E+00
    0.1073123330E-09    0.3843249267E-08    0.2798304472E-07   -0.1698952188E-06   -0.7553668981E-06    0.0000000000E+00    0.0000000000E+00
   -0.3133556061E-10   -0.1103087056E-08   -0.7879015932E-08    0.4750510279E-07    0.2133818596E-06    0.0000000000E+00    0.0000000000E+00
    0.8678667667E-11    0.3017206146E-09    0.2126869854E-08   -0.1275927869E-07   -0.5765162981E-07    0.0000000000E+00    0.0000000000E+00
   -0.2227055174E-11   -0.7672655235E-10   -0.5359620996E-09    0.3203553406E-08    0.1452452499E-07    0.0000000000E+00    0.0000000000E+00
    0.5093940539E-12    0.1743449346E-10    0.1210235101E-09   -0.7214597001E-09   -0.3277419991E-08    0.0000000000E+00    0.0000000000E+00
   -0.9722699933E-13   -0.3311834704E-11   -0.2288970459E-10    0.1361889671E-09    0.6193553183E-09    0.0000000000E+00    0.0000000000E+00
    0.1368651183E-13    0.4645938005E-12    0.3201362287E-11   -0.1902068628E-10   -0.8655360743E-10    0.0000000000E+00    0.0000000000E+00
   -0.1054422762E-14   -0.3570352834E-13   -0.2455061253E-12    0.1457174364E-11    0.6632954241E-11    0.0000000000E+00    0.0000000000E+00
 l,ispin:           3           2
 psi n=1,noccmax(l):
    0.9746332593E+01    0.9021024423E+00    0.1174913975E+01    0.9030181539E+00   -0.1645887622E+01    0.0000000000E+00    0.0000000000E+00
   -0.2805534564E+02   -0.2596581280E+01   -0.3370194101E+01   -0.2642042482E+01    0.4341375318E+01    0.0000000000E+00    0.0000000000E+00
    0.4416230511E+02    0.4087418289E+01    0.5288731636E+01    0.4220596185E+01   -0.6267122557E+01    0.0000000000E+00    0.0000000000E+00
   -0.4892771382E+02   -0.4529628169E+01   -0.5862584986E+01   -0.4674581246E+01    0.6980321200E+01    0.0000000000E+00    0.0000000000E+00
    0.3907422742E+02    0.3620057571E+01    0.4737982586E+01    0.3548879105E+01   -0.7329388647E+01    0.0000000000E+00    0.0000000000E+00
   -0.2175948729E+02   -0.2019166550E+01   -0.2744355246E+01   -0.1613182918E+01    0.7501251193E+01    0.0000000000E+00    0.0000000000E+00
    0.1862572873E+02    0.1730686668E+01    0.2327465201E+01    0.1481398396E+01   -0.5538446219E+01    0.0000000000E+00    0.0000000000E+00
   -0.2535007128E+02   -0.2361228762E+01   -0.3029959008E+01   -0.2573279548E+01    0.2494550026E+01    0.0000000000E+00    0.0000000000E+00
   -0.6978512314E+00   -0.4922732537E-01    0.7116933832E-01   -0.5064178765E+00   -0.4260760432E+01    0.0000000000E+00    0.0000000000E+00
    0.5845616779E+01    0.5364288527E+00    0.5586674681E+00    0.1038392426E+01    0.3703850701E+01    0.0000000000E+00    0.0000000000E+00
    0.6166579913E+01    0.5771938169E+00    0.7594630403E+00    0.5707762339E+00   -0.1182680016E+01    0.0000000000E+00    0.0000000000E+00
    0.3652694036E+01    0.3355294238E+00    0.3626112821E+00    0.5992374971E+00    0.1857743113E+01    0.0000000000E+00    0.0000000000E+00
    0.2011598471E+01    0.1885317150E+00    0.2568891241E+00    0.1584245405E+00   -0.6601660133E+00    0.0000000000E+00    0.0000000000E+00
    0.9633485101E+00    0.8811642739E-01    0.8641424843E-01    0.1845697953E+00    0.7565548337E+00    0.0000000000E+00    0.0000000000E+00
    0.4337703159E+00    0.3985910117E-01    0.6148573020E-01    0.9790236339E-02   -0.3686168862E+00    0.0000000000E+00    0.0000000000E+00
    0.1749612772E+00    0.1524059290E-01    0.8481025087E-02    0.4842605309E-01    0.3065721606E+00    0.0000000000E+00    0.0000000000E+00
    0.6887220476E-01    0.5343504094E-02    0.1284760079E-01   -0.1208708292E-01   -0.1857745854E+00    0.0000000000E+00    0.0000000000E+00
    0.2437779955E-01    0.2302991199E-02   -0.2346279867E-02    0.1421899419E-01    0.1311630341E+00    0.0000000000E+00    0.0000000000E+00
    0.8062463858E-02   -0.1600257681E-02    0.9023112926E-03   -0.1090392914E-01   -0.9093184884E-01    0.0000000000E+00    0.0000000000E+00
    0.3143756690E-02    0.2155887114E-02    0.8746388651E-03    0.9218766742E-02    0.6407102174E-01    0.0000000000E+00    0.0000000000E+00
    0.9956331112E-03   -0.1543320829E-02   -0.1441058127E-02   -0.8291173944E-02   -0.4743820923E-01    0.0000000000E+00    0.0000000000E+00
    0.2728495130E-03   -0.4898257682E-04   -0.4107978593E-03    0.4395292099E-02    0.3215082319E-01    0.0000000000E+00    0.0000000000E+00
    0.9515092341E-04    0.1127386964E-05    0.1541296275E-03   -0.3681433259E-02   -0.2446691076E-01    0.0000000000E+00    0.0000000000E+00
    0.1733689805E-04   -0.3068164857E-03   -0.9772462424E-03    0.1130664460E-02    0.1610252791E-01    0.0000000000E+00    0.0000000000E+00
    0.4730977187E-05   -0.1790791635E-03    0.9140454583E-04   -0.1731025752E-02   -0.1448391761E-01    0.0000000000E+00    0.0000000000E+00
   -0.1597298341E-06   -0.1704398692E-03   -0.7375829176E-03   -0.1802886680E-03    0.1055975840E-01    0.0000000000E+00    0.0000000000E+00
    0.1746072265E-06   -0.9737247721E-04    0.3216816084E-03    0.1436629552E-02   -0.3746613803E-02    0.0000000000E+00    0.0000000000E+00
   -0.6325388370E-07    0.5707065664E-05    0.7565674605E-04   -0.6766254993E-03    0.1681238226E-03    0.0000000000E+00    0.0000000000E+00
    0.2235769589E-07   -0.1507551840E-05   -0.1554885225E-04    0.1126388675E-03    0.2771066830E-03    0.0000000000E+00    0.0000000000E+00
   -0.7654046429E-08    0.4514280122E-06    0.4022383805E-05   -0.2711730688E-04   -0.9264271023E-04    0.0000000000E+00    0.0000000000E+00
    0.2543869552E-08   -0.1387608994E-06   -0.1125914824E-05    0.7330652832E-05    0.2837402601E-04    0.0000000000E+00    0.0000000000E+00
   -0.8220305866E-09    0.4259040902E-07    0.3248822699E-06   -0.2072364110E-05   -0.8519784106E-05    0.0000000000E+00    0.0000000000E+00
    0.2581758001E-09   -0.1290309432E-07   -0.9442788425E-07    0.5942868347E-06    0.2522935518E-05    0.0000000000E+00    0.0000000000E+00
   -0.7855038595E-10    0.3825187359E-08    0.2721670236E-07   -0.1696923936E-06   -0.7334491243E-06    0.0000000000E+00    0.0000000000E+00
    0.2297683319E-10   -0.1097913785E-08   -0.7662908738E-08    0.4745758827E-07    0.2072431061E-06    0.0000000000E+00    0.0000000000E+00
   -0.6372625133E-11    0.3003084712E-09    0.2068480836E-08   -0.1274818839E-07   -0.5600248518E-07    0.0000000000E+00    0.0000000000E+00
    0.1637128778E-11   -0.7636808890E-10   -0.5212407488E-09    0.3201055006E-08    0.1411064021E-07    0.0000000000E+00    0.0000000000E+00
   -0.3747876858E-12    0.1735316096E-10    0.1176984102E-09   -0.7209411978E-09   -0.3184271753E-08    0.0000000000E+00    0.0000000000E+00
    0.7158304670E-13   -0.3296403291E-11   -0.2226072472E-10    0.1360968223E-09    0.6017839028E-09    0.0000000000E+00    0.0000000000E+00
   -0.1008179286E-13    0.4624310592E-12    0.3113387323E-11   -0.1900836917E-10   -0.8410104633E-10    0.0000000000E+00    0.0000000000E+00
    0.7770096432E-15   -0.3553744349E-13   -0.2387593543E-12    0.1456260002E-11    0.6445163015E-11    0.0000000000E+00    0.0000000000E+00
