   40             4.00000 ng, rij 
     1.341     8.000                                       rcov,rprb 
 r                           (non)relativistic calculation
 PBE                         XC-functional
  7.000  5.000    0.3800000000   -0.6358492238E+01    0.8967636009E+00    0.0000000000E+00    0.0000000000E+00  znuc,zion,rloc,gpot()
   1                                                       lpx, (Projectors for l=0..lpx)
    0.2589296891    0.1204428569E+02   -0.0000000000E+00    0.0000000000E+00    0.0000000000E+00   -0.0000000000E+00    0.0000000000E+00  r_l(),hsep(), so=+0.5
    0.1605680301   -0.3994147491E+01   -0.0000000000E+00    0.0000000000E+00    0.0000000000E+00   -0.0000000000E+00    0.0000000000E+00  r_l(),hsep(), so=+0.5
   -0.4019559755E+01   -0.0000000000E+00    0.0000000000E+00    0.0000000000E+00   -0.0000000000E+00    0.0000000000E+00         hsep(), so=-0.5
 ---------------------------------------------
 Additional information (last calculation):
 gaussian exponents:
 xp():   39.174890924462467        27.700831024930746        19.587445462231244        13.850415512465382        9.7937227311156221        6.9252077562326892        4.8968613655578119        3.4626038781163460        2.4484306827789064        1.7313019390581741        1.2242153413894534       0.86565096952908704       0.61210767069472671       0.43282548476454352       0.30605383534736352       0.21641274238227184       0.15302691767368179       0.10820637119113596        7.6513458836840922E-002   5.4103185595567989E-002   3.8256729418420468E-002   2.7051592797784001E-002   1.9128364709210238E-002   1.3525796398892002E-002   9.5641823546051205E-003   6.7628981994460029E-003   4.7820911773025611E-003   3.3814490997230028E-003   2.3910455886512814E-003   1.6907245498615016E-003   1.1955227943256411E-003   8.4536227493075080E-004   5.9776139716282068E-004   4.2268113746537556E-004   2.9888069858141034E-004   2.1134056873268784E-004   1.4944034929070522E-004   1.0567028436634389E-004   7.4720174645352626E-005   5.2835142183171979E-005
 orbital coefficients (one orbital per column)
 l,ispin:           0           1
 psi n=1,noccmax(l):
   -0.1424644423E-01    0.3497176304E-02   -0.1399674838E-02    0.0000000000E+00
    0.3174388214E-01   -0.9547198434E-02    0.1651421017E-02    0.0000000000E+00
   -0.3081777951E-02    0.8071049206E-02    0.7565236970E-02    0.0000000000E+00
    0.7577959871E-02   -0.1399094052E-01   -0.1797038190E-01    0.0000000000E+00
   -0.1258007179E+00    0.4376589073E-01    0.1871118217E-01    0.0000000000E+00
    0.1200378722E+00   -0.5049175698E-01   -0.3687616439E-01    0.0000000000E+00
   -0.8603209828E+00    0.2069292671E+00   -0.3459398598E-01    0.0000000000E+00
   -0.5502185861E+00    0.6149786014E-01   -0.1543877270E+00    0.0000000000E+00
   -0.2245999401E+00    0.9495005500E-01    0.8464453016E-01    0.0000000000E+00
   -0.1097739503E+00   -0.2510702126E-01   -0.1540259411E+00    0.0000000000E+00
    0.9974016702E-01    0.3537515971E-01    0.1749216621E+00    0.0000000000E+00
    0.2826361395E+00   -0.1276413501E+00   -0.1468679985E+00    0.0000000000E+00
    0.3098093578E+00    0.1003117895E-01    0.2498858241E+00    0.0000000000E+00
    0.3618899904E+00   -0.1857391151E+00   -0.1744547258E+00    0.0000000000E+00
    0.2764975285E+00    0.1162230104E-01    0.3213738091E+00    0.0000000000E+00
    0.1988923991E+00   -0.1438647691E+00   -0.2832401745E+00    0.0000000000E+00
    0.1131110177E+00    0.6972162814E-01    0.3796822224E+00    0.0000000000E+00
    0.6230510076E-01   -0.2045264011E+00   -0.3350537160E+00    0.0000000000E+00
    0.1761106862E-01    0.1361505455E+00    0.4180827379E+00    0.0000000000E+00
    0.6892617878E-02   -0.1677037852E+00   -0.4074038485E+00    0.0000000000E+00
   -0.9010993200E-03    0.1850553143E+00    0.3522083761E+00    0.0000000000E+00
    0.1095611967E-02   -0.1067915135E+00   -0.3048576605E+00    0.0000000000E+00
   -0.7282052342E-03    0.1238872565E+00    0.1576560107E+00    0.0000000000E+00
    0.4928092111E-03   -0.3338802698E-01   -0.1179113663E+00    0.0000000000E+00
   -0.3276128252E-03    0.5689829856E-01    0.2287496270E-01    0.0000000000E+00
    0.2139528344E-03    0.2278196498E-02   -0.2668153443E+00    0.0000000000E+00
   -0.1371408638E-03    0.1690048574E-01    0.2784497179E+00    0.0000000000E+00
    0.8618414949E-04   -0.8392144525E-02   -0.3678649508E-01    0.0000000000E+00
   -0.5302306630E-04    0.4664395370E-02    0.1446854097E-01    0.0000000000E+00
    0.3187248862E-04   -0.2586853391E-02   -0.6874334293E-02    0.0000000000E+00
   -0.1866730690E-04    0.1409721260E-02    0.3436424782E-02    0.0000000000E+00
    0.1061111428E-04   -0.7502977842E-03   -0.1732804477E-02    0.0000000000E+00
   -0.5820939151E-05    0.3878420921E-03    0.8640369279E-03    0.0000000000E+00
    0.3056047061E-05   -0.1931911596E-03   -0.4198153260E-03    0.0000000000E+00
   -0.1516641806E-05    0.9161529315E-04    0.1956218365E-03    0.0000000000E+00
    0.6983868296E-06   -0.4059679771E-04   -0.8560569850E-04    0.0000000000E+00
   -0.2901160537E-06    0.1633619833E-04    0.3413942400E-04    0.0000000000E+00
    0.1040806796E-06   -0.5711198363E-05   -0.1185818394E-04    0.0000000000E+00
   -0.3004161984E-07    0.1614814680E-05    0.3337206471E-05    0.0000000000E+00
    0.6137780218E-08   -0.3246187657E-06   -0.6686038237E-06    0.0000000000E+00
   -0.6562990948E-09    0.3427814566E-07    0.7042977383E-07    0.0000000000E+00
 l,ispin:           1           1
 psi n=1,noccmax(l):
   -0.7853060603E-01    0.1188477221E-01    0.1101721478E-01    0.0000000000E+00
    0.4611928749E+00   -0.6955430243E-01   -0.6544994919E-01    0.0000000000E+00
   -0.7514317727E+00    0.1143024776E+00    0.1054822041E+00    0.0000000000E+00
    0.8765790156E+00   -0.1344274966E+00   -0.1204033243E+00    0.0000000000E+00
    0.1472395195E-01    0.4069945910E-02   -0.1237748983E-01    0.0000000000E+00
    0.9349952760E+00   -0.1460281596E+00   -0.1234932224E+00    0.0000000000E+00
    0.1885275160E-01    0.4597325554E-02   -0.1820887890E-01    0.0000000000E+00
    0.1050951096E+01   -0.1684988671E+00   -0.1419613019E+00    0.0000000000E+00
    0.5321684885E+00   -0.6903826005E-01   -0.9264133354E-01    0.0000000000E+00
    0.7147010978E+00   -0.1174643232E+00   -0.9068898573E-01    0.0000000000E+00
    0.4395197035E+00   -0.5882339815E-01   -0.8321247805E-01    0.0000000000E+00
    0.4714790981E+00   -0.8148893035E-01   -0.5532569387E-01    0.0000000000E+00
    0.2730273209E+00   -0.3278027328E-01   -0.5766130747E-01    0.0000000000E+00
    0.2478247643E+00   -0.5072748092E-01   -0.2463994172E-01    0.0000000000E+00
    0.1314815099E+00   -0.9602452649E-02   -0.3619322145E-01    0.0000000000E+00
    0.9406543662E-01   -0.2447864293E-01    0.4528990533E-02    0.0000000000E+00
    0.4320393598E-01    0.5509304912E-02   -0.2607820356E-01    0.0000000000E+00
    0.3037529469E-01   -0.2417727108E-01    0.9885247418E-02    0.0000000000E+00
    0.1000165179E-01    0.1874550534E-01   -0.1790563285E-01    0.0000000000E+00
    0.6079645618E-02   -0.2020155720E-01    0.1830061543E-01    0.0000000000E+00
    0.5392283339E-03    0.2439843469E-01   -0.1064985359E-01    0.0000000000E+00
    0.7934692734E-03   -0.1474721319E-01    0.1414365086E-01    0.0000000000E+00
   -0.2506097593E-03    0.1484382487E-01   -0.2696393285E-02    0.0000000000E+00
    0.1677072871E-03   -0.4504749756E-02    0.5582302944E-02    0.0000000000E+00
   -0.9269663362E-04    0.4984278740E-02    0.2404378547E-02    0.0000000000E+00
    0.5085785272E-04    0.1861483140E-02    0.2054986427E-01    0.0000000000E+00
   -0.2723221203E-04    0.2783236434E-02   -0.1930932265E-01    0.0000000000E+00
    0.1421847504E-04   -0.8973687417E-03    0.1909673940E-02    0.0000000000E+00
   -0.7232904864E-05    0.3955518027E-03   -0.5852480719E-03    0.0000000000E+00
    0.3582222672E-05   -0.1800561470E-03    0.2242756228E-03    0.0000000000E+00
   -0.1725561477E-05    0.8145172522E-04   -0.9209550352E-04    0.0000000000E+00
    0.8069096411E-06   -0.3619740667E-04    0.3855730590E-04    0.0000000000E+00
   -0.3650062226E-06    0.1569732870E-04   -0.1608451970E-04    0.0000000000E+00
    0.1587273652E-06   -0.6592303818E-05    0.6581207239E-05    0.0000000000E+00
   -0.6567062490E-07    0.2650938430E-05   -0.2599665140E-05    0.0000000000E+00
    0.2542230454E-07   -0.1003005410E-05    0.9715061679E-06    0.0000000000E+00
   -0.8968886653E-08    0.3474917997E-06   -0.3336795709E-06    0.0000000000E+00
    0.2765342661E-08   -0.1056299046E-06    0.1008168048E-06    0.0000000000E+00
   -0.6953005049E-09    0.2626890395E-07   -0.2496483284E-07    0.0000000000E+00
    0.1255977681E-09   -0.4705498055E-08    0.4458407656E-08    0.0000000000E+00
   -0.1206312943E-10    0.4490814569E-09   -0.4245918670E-09    0.0000000000E+00
 l,ispin:           1           2
 psi n=1,noccmax(l):
   -0.7871964381E-01    0.1189939434E-01    0.1102909944E-01    0.0000000000E+00
    0.4625836528E+00   -0.6968225208E-01   -0.6556045245E-01    0.0000000000E+00
   -0.7541386601E+00    0.1145763941E+00    0.1057279071E+00    0.0000000000E+00
    0.8814674170E+00   -0.1350004596E+00   -0.1209413186E+00    0.0000000000E+00
    0.1784408343E-01    0.3609981018E-02   -0.1281845593E-01    0.0000000000E+00
    0.9395954076E+00   -0.1465491675E+00   -0.1239834472E+00    0.0000000000E+00
    0.2038006601E-01    0.4363656747E-02   -0.1842386981E-01    0.0000000000E+00
    0.1054106064E+01   -0.1687967231E+00   -0.1422292920E+00    0.0000000000E+00
    0.5331778711E+00   -0.6910290042E-01   -0.9267034080E-01    0.0000000000E+00
    0.7162678506E+00   -0.1175796413E+00   -0.9079042699E-01    0.0000000000E+00
    0.4400316848E+00   -0.5883772621E-01   -0.8319516251E-01    0.0000000000E+00
    0.4721050152E+00   -0.8150139704E-01   -0.5533325961E-01    0.0000000000E+00
    0.2731570738E+00   -0.3276321234E-01   -0.5762133720E-01    0.0000000000E+00
    0.2479766296E+00   -0.5070623647E-01   -0.2461966497E-01    0.0000000000E+00
    0.1314170646E+00   -0.9574203800E-02   -0.3614933645E-01    0.0000000000E+00
    0.9405130672E-01   -0.2444855040E-01    0.4552857452E-02    0.0000000000E+00
    0.4313649920E-01    0.5517693202E-02   -0.2606066378E-01    0.0000000000E+00
    0.3033409208E-01   -0.2415212119E-01    0.9909177878E-02    0.0000000000E+00
    0.9957531866E-02    0.1875067746E-01   -0.1789715869E-01    0.0000000000E+00
    0.6062178512E-02   -0.2017824562E-01    0.1832416312E-01    0.0000000000E+00
    0.5278923117E-03    0.2439727994E-01   -0.1065246702E-01    0.0000000000E+00
    0.7921257169E-03   -0.1473322276E-01    0.1415757249E-01    0.0000000000E+00
   -0.2519456864E-03    0.1484272378E-01   -0.2696162739E-02    0.0000000000E+00
    0.1681342306E-03   -0.4500331316E-02    0.5582462819E-02    0.0000000000E+00
   -0.9296118797E-04    0.4985894780E-02    0.2416938076E-02    0.0000000000E+00
    0.5100214814E-04    0.1860173714E-02    0.2051837652E-01    0.0000000000E+00
   -0.2730963390E-04    0.2779911849E-02   -0.1929930766E-01    0.0000000000E+00
    0.1425918528E-04   -0.8965820435E-03    0.1911465165E-02    0.0000000000E+00
   -0.7253857890E-05    0.3952418719E-03   -0.5861366856E-03    0.0000000000E+00
    0.3592758893E-05   -0.1799230966E-03    0.2246790740E-03    0.0000000000E+00
   -0.1730724886E-05    0.8139362774E-04   -0.9227532536E-04    0.0000000000E+00
    0.8093674754E-06   -0.3617217618E-04    0.3863611010E-04    0.0000000000E+00
   -0.3661372736E-06    0.1568655777E-04   -0.1611831256E-04    0.0000000000E+00
    0.1592270115E-06   -0.6587829810E-05    0.6595277712E-05    0.0000000000E+00
   -0.6588022149E-07    0.2649153262E-05   -0.2605286957E-05    0.0000000000E+00
    0.2550440220E-07   -0.1002333722E-05    0.9736231061E-06    0.0000000000E+00
   -0.8998133334E-08    0.3472600192E-06   -0.3344104125E-06    0.0000000000E+00
    0.2774431395E-08   -0.1055596500E-06    0.1010383932E-06    0.0000000000E+00
   -0.6976000382E-09    0.2625146842E-07   -0.2501983572E-07    0.0000000000E+00
    0.1260151834E-09   -0.4702379483E-08    0.4468246747E-08    0.0000000000E+00
   -0.1210337130E-10    0.4487841439E-09   -0.4255299550E-09    0.0000000000E+00
 l,ispin:           2           1
 psi n=1,noccmax(l):
   -0.4451812880E-02   -0.2252884936E-02    0.3469367114E-01    0.0000000000E+00    0.0000000000E+00
    0.1581689776E-01    0.8522633156E-02   -0.1192007564E+00    0.0000000000E+00    0.0000000000E+00
   -0.2950246986E-01   -0.1577804794E-01    0.2234114315E+00    0.0000000000E+00    0.0000000000E+00
    0.3970447177E-01    0.2051445422E-01   -0.3066344473E+00    0.0000000000E+00    0.0000000000E+00
   -0.4499029547E-01   -0.2344316387E-01    0.3463089986E+00    0.0000000000E+00    0.0000000000E+00
    0.4551138060E-01    0.2435838284E-01   -0.3458325348E+00    0.0000000000E+00    0.0000000000E+00
   -0.4179308704E-01   -0.2205086240E-01    0.3209641740E+00    0.0000000000E+00    0.0000000000E+00
    0.3772456907E-01    0.2135215748E-01   -0.2793246175E+00    0.0000000000E+00    0.0000000000E+00
   -0.2943404284E-01   -0.1366774845E-01    0.2432511432E+00    0.0000000000E+00    0.0000000000E+00
    0.2635608051E-01    0.1511612922E-01   -0.1964066299E+00    0.0000000000E+00    0.0000000000E+00
   -0.1972963084E-01   -0.9426418011E-02    0.1643472063E+00    0.0000000000E+00    0.0000000000E+00
    0.1735591476E-01    0.1056474845E-01   -0.1285945525E+00    0.0000000000E+00    0.0000000000E+00
   -0.1219402623E-01   -0.5802801415E-02    0.1068089897E+00    0.0000000000E+00    0.0000000000E+00
    0.1054964448E-01    0.6651208953E-02   -0.8237153805E-01    0.0000000000E+00    0.0000000000E+00
   -0.6920975116E-02   -0.3243399094E-02    0.6833389490E-01    0.0000000000E+00    0.0000000000E+00
    0.6132423874E-02    0.4486485887E-02   -0.5145813773E-01    0.0000000000E+00    0.0000000000E+00
   -0.3665698897E-02   -0.2314536844E-02    0.4229633588E-01    0.0000000000E+00    0.0000000000E+00
    0.2526650223E-02    0.2219573732E-02   -0.3264208081E-01    0.0000000000E+00    0.0000000000E+00
   -0.8541214685E-03   -0.7451379304E-03    0.2701994334E-01    0.0000000000E+00    0.0000000000E+00
    0.4554934388E-03    0.1301645334E-02   -0.2005057163E-01    0.0000000000E+00    0.0000000000E+00
    0.7130743222E-03    0.1442739493E-03    0.1744797807E-01    0.0000000000E+00    0.0000000000E+00
   -0.4123781902E-03    0.5185388125E-03   -0.1312662139E-01    0.0000000000E+00    0.0000000000E+00
    0.6069618045E-03    0.2539227494E-03    0.1208552995E-01    0.0000000000E+00    0.0000000000E+00
   -0.5920075863E-04    0.3328150134E-03   -0.9919893746E-02    0.0000000000E+00    0.0000000000E+00
    0.5879642825E-04    0.2664126772E-05    0.1084512776E-01    0.0000000000E+00    0.0000000000E+00
    0.3179722495E-03    0.2004229663E-02   -0.4998943793E-02    0.0000000000E+00    0.0000000000E+00
    0.2659153155E-03   -0.1279688231E-02   -0.1406559743E-02    0.0000000000E+00    0.0000000000E+00
   -0.5163300751E-04    0.5645194972E-04    0.1716812823E-02    0.0000000000E+00    0.0000000000E+00
    0.1694136394E-04   -0.8884792180E-05   -0.5232610757E-03    0.0000000000E+00    0.0000000000E+00
   -0.6086227765E-05    0.1930121403E-05    0.1751424470E-03    0.0000000000E+00    0.0000000000E+00
    0.2228936247E-05   -0.4855185972E-06   -0.6082999049E-04    0.0000000000E+00    0.0000000000E+00
   -0.8134649324E-06    0.1329685032E-06    0.2135512363E-04    0.0000000000E+00    0.0000000000E+00
    0.2925647875E-06   -0.3842834756E-07   -0.7465868080E-05    0.0000000000E+00    0.0000000000E+00
   -0.1027214921E-06    0.1145161863E-07    0.2567718137E-05    0.0000000000E+00    0.0000000000E+00
    0.3479645517E-07   -0.3438471767E-08   -0.8568178732E-06    0.0000000000E+00    0.0000000000E+00
   -0.1117805010E-07    0.1012527315E-08    0.2722525681E-06    0.0000000000E+00    0.0000000000E+00
    0.3316820903E-08   -0.2824454960E-09   -0.8014645209E-07    0.0000000000E+00    0.0000000000E+00
   -0.8721829364E-09    0.7112355582E-10    0.2095448022E-07    0.0000000000E+00    0.0000000000E+00
    0.1897907408E-09   -0.1501817243E-10   -0.4540911803E-08    0.0000000000E+00    0.0000000000E+00
   -0.3013487716E-10    0.2335561829E-11    0.7188503826E-09    0.0000000000E+00    0.0000000000E+00
    0.2585739850E-11   -0.1975602181E-12   -0.6154871907E-10    0.0000000000E+00    0.0000000000E+00
 l,ispin:           2           2
 psi n=1,noccmax(l):
   -0.4451812880E-02   -0.2252884936E-02    0.3469367114E-01    0.0000000000E+00    0.0000000000E+00
    0.1581689776E-01    0.8522633156E-02   -0.1192007564E+00    0.0000000000E+00    0.0000000000E+00
   -0.2950246986E-01   -0.1577804794E-01    0.2234114315E+00    0.0000000000E+00    0.0000000000E+00
    0.3970447177E-01    0.2051445422E-01   -0.3066344473E+00    0.0000000000E+00    0.0000000000E+00
   -0.4499029547E-01   -0.2344316387E-01    0.3463089986E+00    0.0000000000E+00    0.0000000000E+00
    0.4551138060E-01    0.2435838284E-01   -0.3458325348E+00    0.0000000000E+00    0.0000000000E+00
   -0.4179308704E-01   -0.2205086240E-01    0.3209641740E+00    0.0000000000E+00    0.0000000000E+00
    0.3772456907E-01    0.2135215748E-01   -0.2793246175E+00    0.0000000000E+00    0.0000000000E+00
   -0.2943404284E-01   -0.1366774845E-01    0.2432511432E+00    0.0000000000E+00    0.0000000000E+00
    0.2635608051E-01    0.1511612922E-01   -0.1964066299E+00    0.0000000000E+00    0.0000000000E+00
   -0.1972963084E-01   -0.9426418011E-02    0.1643472063E+00    0.0000000000E+00    0.0000000000E+00
    0.1735591476E-01    0.1056474845E-01   -0.1285945525E+00    0.0000000000E+00    0.0000000000E+00
   -0.1219402623E-01   -0.5802801415E-02    0.1068089897E+00    0.0000000000E+00    0.0000000000E+00
    0.1054964448E-01    0.6651208953E-02   -0.8237153805E-01    0.0000000000E+00    0.0000000000E+00
   -0.6920975116E-02   -0.3243399094E-02    0.6833389490E-01    0.0000000000E+00    0.0000000000E+00
    0.6132423874E-02    0.4486485887E-02   -0.5145813773E-01    0.0000000000E+00    0.0000000000E+00
   -0.3665698897E-02   -0.2314536844E-02    0.4229633588E-01    0.0000000000E+00    0.0000000000E+00
    0.2526650223E-02    0.2219573732E-02   -0.3264208081E-01    0.0000000000E+00    0.0000000000E+00
   -0.8541214685E-03   -0.7451379304E-03    0.2701994334E-01    0.0000000000E+00    0.0000000000E+00
    0.4554934388E-03    0.1301645334E-02   -0.2005057163E-01    0.0000000000E+00    0.0000000000E+00
    0.7130743222E-03    0.1442739493E-03    0.1744797807E-01    0.0000000000E+00    0.0000000000E+00
   -0.4123781902E-03    0.5185388125E-03   -0.1312662139E-01    0.0000000000E+00    0.0000000000E+00
    0.6069618045E-03    0.2539227494E-03    0.1208552995E-01    0.0000000000E+00    0.0000000000E+00
   -0.5920075863E-04    0.3328150134E-03   -0.9919893746E-02    0.0000000000E+00    0.0000000000E+00
    0.5879642825E-04    0.2664126772E-05    0.1084512776E-01    0.0000000000E+00    0.0000000000E+00
    0.3179722495E-03    0.2004229663E-02   -0.4998943793E-02    0.0000000000E+00    0.0000000000E+00
    0.2659153155E-03   -0.1279688231E-02   -0.1406559743E-02    0.0000000000E+00    0.0000000000E+00
   -0.5163300751E-04    0.5645194972E-04    0.1716812823E-02    0.0000000000E+00    0.0000000000E+00
    0.1694136394E-04   -0.8884792180E-05   -0.5232610757E-03    0.0000000000E+00    0.0000000000E+00
   -0.6086227765E-05    0.1930121403E-05    0.1751424470E-03    0.0000000000E+00    0.0000000000E+00
    0.2228936247E-05   -0.4855185972E-06   -0.6082999049E-04    0.0000000000E+00    0.0000000000E+00
   -0.8134649324E-06    0.1329685032E-06    0.2135512363E-04    0.0000000000E+00    0.0000000000E+00
    0.2925647875E-06   -0.3842834756E-07   -0.7465868080E-05    0.0000000000E+00    0.0000000000E+00
   -0.1027214921E-06    0.1145161863E-07    0.2567718137E-05    0.0000000000E+00    0.0000000000E+00
    0.3479645517E-07   -0.3438471767E-08   -0.8568178732E-06    0.0000000000E+00    0.0000000000E+00
   -0.1117805010E-07    0.1012527315E-08    0.2722525681E-06    0.0000000000E+00    0.0000000000E+00
    0.3316820903E-08   -0.2824454960E-09   -0.8014645209E-07    0.0000000000E+00    0.0000000000E+00
   -0.8721829364E-09    0.7112355582E-10    0.2095448022E-07    0.0000000000E+00    0.0000000000E+00
    0.1897907408E-09   -0.1501817243E-10   -0.4540911803E-08    0.0000000000E+00    0.0000000000E+00
   -0.3013487716E-10    0.2335561829E-11    0.7188503826E-09    0.0000000000E+00    0.0000000000E+00
    0.2585739850E-11   -0.1975602181E-12   -0.6154871907E-10    0.0000000000E+00    0.0000000000E+00
 l,ispin:           3           1
 psi n=1,noccmax(l):
    0.2307104391E-01    0.2785273145E-01    0.1935145001E+00    0.0000000000E+00    0.0000000000E+00
   -0.6310622131E-01   -0.7619588904E-01   -0.5292766820E+00    0.0000000000E+00    0.0000000000E+00
    0.9454140733E-01    0.1141584938E+00    0.7930219299E+00    0.0000000000E+00    0.0000000000E+00
   -0.1045792860E+00   -0.1262795962E+00   -0.8775099407E+00    0.0000000000E+00    0.0000000000E+00
    0.9672414100E-01    0.1168101603E+00    0.8117997786E+00    0.0000000000E+00    0.0000000000E+00
   -0.7996538435E-01   -0.9659920370E-01   -0.6712739276E+00    0.0000000000E+00    0.0000000000E+00
    0.6148456261E-01    0.7429220535E-01    0.5164464736E+00    0.0000000000E+00    0.0000000000E+00
   -0.4510942657E-01   -0.5454443893E-01   -0.3790003815E+00    0.0000000000E+00    0.0000000000E+00
    0.3201818464E-01    0.3869082052E-01    0.2699114269E+00    0.0000000000E+00    0.0000000000E+00
   -0.2232787760E-01   -0.2703784758E-01   -0.1881311750E+00    0.0000000000E+00    0.0000000000E+00
    0.1530534763E-01    0.1853377940E-01    0.1295899490E+00    0.0000000000E+00    0.0000000000E+00
   -0.1043601337E-01   -0.1268990731E-01   -0.8834579304E-01    0.0000000000E+00    0.0000000000E+00
    0.7017064230E-02    0.8530687989E-02    0.6008383144E-01    0.0000000000E+00    0.0000000000E+00
   -0.4726953795E-02   -0.5790687692E-02   -0.4059975600E-01    0.0000000000E+00    0.0000000000E+00
    0.3127127818E-02    0.3834420726E-02    0.2752821405E-01    0.0000000000E+00    0.0000000000E+00
   -0.2092594601E-02   -0.2619492093E-02   -0.1850416987E-01    0.0000000000E+00    0.0000000000E+00
    0.1348591394E-02    0.1706589540E-02    0.1256327230E-01    0.0000000000E+00    0.0000000000E+00
   -0.8555831809E-03   -0.1116528214E-02   -0.8511622869E-02    0.0000000000E+00    0.0000000000E+00
    0.5048229271E-03    0.6811456766E-03    0.5844645878E-02    0.0000000000E+00    0.0000000000E+00
   -0.2921729126E-03   -0.4418518184E-03   -0.3952826885E-02    0.0000000000E+00    0.0000000000E+00
    0.1251765517E-03    0.2138447212E-03    0.2804288562E-02    0.0000000000E+00    0.0000000000E+00
   -0.6146206064E-04   -0.1431645746E-03   -0.1914495726E-02    0.0000000000E+00    0.0000000000E+00
    0.1767158108E-04    0.6281887677E-04    0.1409681157E-02    0.0000000000E+00    0.0000000000E+00
   -0.2157460958E-04   -0.6856660524E-04   -0.1003570651E-02    0.0000000000E+00    0.0000000000E+00
    0.1626043984E-04    0.5762471575E-04    0.8214985619E-03    0.0000000000E+00    0.0000000000E+00
   -0.2841517491E-04   -0.1819146289E-03   -0.2014244191E-03    0.0000000000E+00    0.0000000000E+00
   -0.1831393986E-04    0.7804443753E-04   -0.1460597127E-03    0.0000000000E+00    0.0000000000E+00
    0.2475114299E-05   -0.4485150702E-06    0.9713225757E-04    0.0000000000E+00    0.0000000000E+00
   -0.6190182301E-06   -0.2876470748E-06   -0.2398617471E-04    0.0000000000E+00    0.0000000000E+00
    0.1760756237E-06    0.1232018078E-06    0.6608565176E-05    0.0000000000E+00    0.0000000000E+00
   -0.5213828584E-07   -0.4217422970E-07   -0.1901676961E-05    0.0000000000E+00    0.0000000000E+00
    0.1559320277E-07    0.1349948705E-07    0.5556993532E-06    0.0000000000E+00    0.0000000000E+00
   -0.4640759865E-08   -0.4163766512E-08   -0.1624117762E-06    0.0000000000E+00    0.0000000000E+00
    0.1359166582E-08    0.1244052814E-08    0.4691043931E-07    0.0000000000E+00    0.0000000000E+00
   -0.3868990954E-09   -0.3582373768E-09   -0.1321415446E-07    0.0000000000E+00    0.0000000000E+00
    0.1052345061E-09    0.9810136778E-10    0.3566108883E-08    0.0000000000E+00    0.0000000000E+00
   -0.2665926629E-10   -0.2495221051E-10   -0.8981704874E-09    0.0000000000E+00    0.0000000000E+00
    0.6042180165E-11    0.5668760394E-11    0.2026946441E-09    0.0000000000E+00    0.0000000000E+00
   -0.1145765389E-11   -0.1076464091E-11   -0.3831587216E-10    0.0000000000E+00    0.0000000000E+00
    0.1605415021E-12    0.1509548184E-12    0.5356403060E-11    0.0000000000E+00    0.0000000000E+00
   -0.1232755350E-13   -0.1159688821E-13   -0.4106177422E-12    0.0000000000E+00    0.0000000000E+00
 l,ispin:           3           2
 psi n=1,noccmax(l):
    0.2307104391E-01    0.2785273145E-01    0.1935145001E+00    0.0000000000E+00    0.0000000000E+00
   -0.6310622131E-01   -0.7619588904E-01   -0.5292766820E+00    0.0000000000E+00    0.0000000000E+00
    0.9454140733E-01    0.1141584938E+00    0.7930219299E+00    0.0000000000E+00    0.0000000000E+00
   -0.1045792860E+00   -0.1262795962E+00   -0.8775099407E+00    0.0000000000E+00    0.0000000000E+00
    0.9672414100E-01    0.1168101603E+00    0.8117997786E+00    0.0000000000E+00    0.0000000000E+00
   -0.7996538435E-01   -0.9659920370E-01   -0.6712739276E+00    0.0000000000E+00    0.0000000000E+00
    0.6148456261E-01    0.7429220535E-01    0.5164464736E+00    0.0000000000E+00    0.0000000000E+00
   -0.4510942657E-01   -0.5454443893E-01   -0.3790003815E+00    0.0000000000E+00    0.0000000000E+00
    0.3201818464E-01    0.3869082052E-01    0.2699114269E+00    0.0000000000E+00    0.0000000000E+00
   -0.2232787760E-01   -0.2703784758E-01   -0.1881311750E+00    0.0000000000E+00    0.0000000000E+00
    0.1530534763E-01    0.1853377940E-01    0.1295899490E+00    0.0000000000E+00    0.0000000000E+00
   -0.1043601337E-01   -0.1268990731E-01   -0.8834579304E-01    0.0000000000E+00    0.0000000000E+00
    0.7017064230E-02    0.8530687989E-02    0.6008383144E-01    0.0000000000E+00    0.0000000000E+00
   -0.4726953795E-02   -0.5790687692E-02   -0.4059975600E-01    0.0000000000E+00    0.0000000000E+00
    0.3127127818E-02    0.3834420726E-02    0.2752821405E-01    0.0000000000E+00    0.0000000000E+00
   -0.2092594601E-02   -0.2619492093E-02   -0.1850416987E-01    0.0000000000E+00    0.0000000000E+00
    0.1348591394E-02    0.1706589540E-02    0.1256327230E-01    0.0000000000E+00    0.0000000000E+00
   -0.8555831809E-03   -0.1116528214E-02   -0.8511622869E-02    0.0000000000E+00    0.0000000000E+00
    0.5048229271E-03    0.6811456766E-03    0.5844645878E-02    0.0000000000E+00    0.0000000000E+00
   -0.2921729126E-03   -0.4418518184E-03   -0.3952826885E-02    0.0000000000E+00    0.0000000000E+00
    0.1251765517E-03    0.2138447212E-03    0.2804288562E-02    0.0000000000E+00    0.0000000000E+00
   -0.6146206064E-04   -0.1431645746E-03   -0.1914495726E-02    0.0000000000E+00    0.0000000000E+00
    0.1767158108E-04    0.6281887677E-04    0.1409681157E-02    0.0000000000E+00    0.0000000000E+00
   -0.2157460958E-04   -0.6856660524E-04   -0.1003570651E-02    0.0000000000E+00    0.0000000000E+00
    0.1626043984E-04    0.5762471575E-04    0.8214985619E-03    0.0000000000E+00    0.0000000000E+00
   -0.2841517491E-04   -0.1819146289E-03   -0.2014244191E-03    0.0000000000E+00    0.0000000000E+00
   -0.1831393986E-04    0.7804443753E-04   -0.1460597127E-03    0.0000000000E+00    0.0000000000E+00
    0.2475114299E-05   -0.4485150702E-06    0.9713225757E-04    0.0000000000E+00    0.0000000000E+00
   -0.6190182301E-06   -0.2876470748E-06   -0.2398617471E-04    0.0000000000E+00    0.0000000000E+00
    0.1760756237E-06    0.1232018078E-06    0.6608565176E-05    0.0000000000E+00    0.0000000000E+00
   -0.5213828584E-07   -0.4217422970E-07   -0.1901676961E-05    0.0000000000E+00    0.0000000000E+00
    0.1559320277E-07    0.1349948705E-07    0.5556993532E-06    0.0000000000E+00    0.0000000000E+00
   -0.4640759865E-08   -0.4163766512E-08   -0.1624117762E-06    0.0000000000E+00    0.0000000000E+00
    0.1359166582E-08    0.1244052814E-08    0.4691043931E-07    0.0000000000E+00    0.0000000000E+00
   -0.3868990954E-09   -0.3582373768E-09   -0.1321415446E-07    0.0000000000E+00    0.0000000000E+00
    0.1052345061E-09    0.9810136778E-10    0.3566108883E-08    0.0000000000E+00    0.0000000000E+00
   -0.2665926629E-10   -0.2495221051E-10   -0.8981704874E-09    0.0000000000E+00    0.0000000000E+00
    0.6042180165E-11    0.5668760394E-11    0.2026946441E-09    0.0000000000E+00    0.0000000000E+00
   -0.1145765389E-11   -0.1076464091E-11   -0.3831587216E-10    0.0000000000E+00    0.0000000000E+00
    0.1605415021E-12    0.1509548184E-12    0.5356403060E-11    0.0000000000E+00    0.0000000000E+00
   -0.1232755350E-13   -0.1159688821E-13   -0.4106177422E-12    0.0000000000E+00    0.0000000000E+00
