   40             4.00000 ng, rij 
     2.720     5.440                                       rcov,rprb 
 r                           (non)relativistic calculation
 PBE                         XC-functional
 89.000 29.000    0.2450000000    0.1692936155E+03   -0.8104346861E+01    0.0000000000E+00    0.0000000000E+00  znuc,zion,rloc,gpot()
   3                                                       lpx, (Projectors for l=0..lpx)
    0.1816997198   -0.5604397362E+01    0.3718754496E+02   -0.8420917336E+02   -0.2225653646E+02    0.5746613003E+02   -0.4561232666E+02  r_l(),hsep(), so=+0.5
    0.1875909273    0.2967737698E+01   -0.6678847663E+01    0.9760588487E+01    0.1116059801E+01   -0.2641079531E+01    0.1877029253E+01  r_l(),hsep(), so=+0.5
   -0.2886605717E+02    0.3485300392E+02   -0.6972959354E+02   -0.1711325710E+02    0.4049735774E+02   -0.2878168728E+02         hsep(), so=-0.5
    0.3063734515    0.1295993473E+01   -0.1352337819E+01    0.1533406954E+01    0.0000000000E+00   -0.0000000000E+00    0.0000000000E+00  r_l(),hsep(), so=+0.5
    0.1421686488E+01   -0.2477309550E+01    0.2809004995E+01    0.0000000000E+00   -0.0000000000E+00    0.0000000000E+00         hsep(), so=-0.5
    0.2282451178    0.6845774173E+00   -0.0000000000E+00    0.0000000000E+00    0.0000000000E+00   -0.0000000000E+00    0.0000000000E+00  r_l(),hsep(), so=+0.5
   -0.1861989449E+00   -0.0000000000E+00    0.0000000000E+00    0.0000000000E+00   -0.0000000000E+00    0.0000000000E+00         hsep(), so=-0.5
 ---------------------------------------------
 Additional information (last calculation):
 gaussian exponents:
 xp():   94.241636809535706        66.638900458142459        47.120818404767874        33.319450229071236        23.560409202383937        16.659725114535622        11.780204601191974        8.3298625572678127        5.8901023005959861        4.1649312786339063        2.9450511502979944        2.0824656393169541        1.4725255751489972        1.0412328196584770       0.73626278757449892       0.52061640982923874       0.36813139378724952       0.26030820491461942       0.18406569689362487       0.13015410245730974        9.2032848446812435E-002   6.5077051228654870E-002   4.6016424223406238E-002   3.2538525614327456E-002   2.3008212111703116E-002   1.6269262807163731E-002   1.1504106055851560E-002   8.1346314035818674E-003   5.7520530279257806E-003   4.0673157017909337E-003   2.8760265139628912E-003   2.0336578508954677E-003   1.4380132569814462E-003   1.0168289254477336E-003   7.1900662849072301E-004   5.0841446272386715E-004   3.5950331424536172E-004   2.5420723136193352E-004   1.7975165712268086E-004   1.2710361568096684E-004
 orbital coefficients (one orbital per column)
 l,ispin:           0           1
 psi n=1,noccmax(l):
    0.2201984290E+00    0.7924715783E-01   -0.2459605079E-01   -0.1440177047E-01   -0.1230593891E-01    0.0000000000E+00    0.0000000000E+00   -0.4315384280E+00   -0.1258770967E+00
   -0.1278531521E+01   -0.4699629859E+00    0.1469291693E+00    0.8577940050E-01    0.7338626759E-01    0.0000000000E+00    0.0000000000E+00    0.2158935627E+01    0.6710417609E+00
    0.3814023626E+01    0.1427068467E+01   -0.4483391924E+00   -0.2614747482E+00   -0.2238512641E+00    0.0000000000E+00    0.0000000000E+00   -0.5842285657E+01   -0.1937585371E+01
   -0.7551505166E+01   -0.2817984271E+01    0.8810843209E+00    0.5163686192E+00    0.4415292940E+00    0.0000000000E+00    0.0000000000E+00    0.1101614745E+02    0.3843030252E+01
    0.1013399730E+02    0.3465646896E+01   -0.1035136685E+01   -0.6238282826E+00   -0.5286788435E+00    0.0000000000E+00    0.0000000000E+00   -0.1467504775E+02   -0.5139865180E+01
   -0.6335634890E+01   -0.7041225276E+00   -0.2467979590E-01    0.6649294096E-01    0.3361568811E-01    0.0000000000E+00    0.0000000000E+00    0.1134868602E+02    0.3132227291E+01
   -0.5626652513E+01   -0.5323792420E+01    0.2200085644E+01    0.1100270864E+01    0.9933657408E+00    0.0000000000E+00    0.0000000000E+00   -0.4585608867E+01    0.9841123689E+00
    0.1642651244E+01    0.7515239591E+00   -0.5339221331E+00   -0.1405096647E+00   -0.1582272958E+00    0.0000000000E+00    0.0000000000E+00    0.1563066042E+02    0.4173921002E+01
    0.9006916301E+01    0.7554836595E+01   -0.2492049935E+01   -0.1573018643E+01   -0.1337705114E+01    0.0000000000E+00    0.0000000000E+00   -0.2434947354E+02   -0.1082834506E+02
    0.4273102925E+01    0.1230900933E+01   -0.7597606305E+00   -0.1925724276E+00   -0.2152827364E+00    0.0000000000E+00    0.0000000000E+00    0.2662833391E+01    0.1081869047E+01
   -0.2027060487E+01   -0.4041837897E+00    0.5579042178E+00    0.4958198610E-01    0.9729216015E-01    0.0000000000E+00    0.0000000000E+00   -0.1465917387E+01    0.4836203979E-01
   -0.2171443388E+01   -0.3333842952E+01    0.8004098229E+00    0.7411015838E+00    0.5922548363E+00    0.0000000000E+00    0.0000000000E+00    0.5969925503E+01    0.3326857453E+01
   -0.3049794377E+01   -0.1537993890E+01    0.1100862174E+01    0.2823352899E+00    0.3100332180E+00    0.0000000000E+00    0.0000000000E+00    0.1308006890E+01    0.9288077080E+00
   -0.4410391666E+00   -0.2001038960E+01    0.3573522462E+00    0.5784012173E+00    0.4521669435E+00    0.0000000000E+00    0.0000000000E+00    0.2079380950E+01    0.1433594879E+01
   -0.7754220740E+00    0.1594109687E+00    0.4819888611E+00   -0.1325111307E+00   -0.5970737186E-01    0.0000000000E+00    0.0000000000E+00   -0.2713491609E-01   -0.1428434175E+00
    0.3227423656E+00    0.2553361192E+00   -0.6645751127E+00    0.5570214330E-01    0.4462318641E-02    0.0000000000E+00    0.0000000000E+00    0.3654091265E+00   -0.1568325508E-01
   -0.2668428499E+00    0.9777810152E+00   -0.8281409326E-01   -0.5016647949E+00   -0.4313928149E+00    0.0000000000E+00    0.0000000000E+00   -0.1490662237E+00   -0.4869096580E+00
    0.1879408325E+00    0.3341062435E+00   -0.9042753346E+00   -0.1802311034E+00   -0.1786295305E+00    0.0000000000E+00    0.0000000000E+00    0.9438950817E-01   -0.1682201885E+00
   -0.1313544205E+00    0.3257499419E+00    0.6255772812E+00    0.3133798981E+00    0.3657805686E+00    0.0000000000E+00    0.0000000000E+00   -0.5427015933E-01   -0.1767684412E+00
    0.9041792641E-01    0.3974959143E-02   -0.8888547572E+00   -0.1050801626E+01   -0.1298758386E+01    0.0000000000E+00    0.0000000000E+00    0.3115918143E-01   -0.3570541304E-01
   -0.6144305038E-01    0.6095365237E-01    0.4240607230E+00    0.1192862661E+01    0.1794202835E+01    0.0000000000E+00    0.0000000000E+00   -0.1771416599E-01   -0.3998623940E-01
    0.4128602036E-01   -0.3254468977E-01   -0.2520484770E-02   -0.9166321442E+00   -0.1943356533E+01    0.0000000000E+00    0.0000000000E+00    0.9974080232E-02    0.6589449947E-02
   -0.2746572282E-01    0.2301082436E-01    0.1142560412E+00    0.6562156963E+00    0.1986479580E+01    0.0000000000E+00    0.0000000000E+00   -0.5563122775E-02   -0.7372526376E-02
    0.1810641780E-01   -0.1549078686E-01    0.1090705451E+00   -0.8759075001E-02   -0.1190594068E+01    0.0000000000E+00    0.0000000000E+00    0.3074377489E-02    0.3801750508E-02
   -0.1183484200E-01    0.1028533910E-01    0.4118929291E-01    0.2201101279E+00    0.1562264227E+01    0.0000000000E+00    0.0000000000E+00   -0.1683625167E-02   -0.2155772076E-02
    0.7670656340E-02   -0.6719924493E-02    0.1746213664E-01   -0.5971012150E-01   -0.9848700417E+00    0.0000000000E+00    0.0000000000E+00    0.9135622969E-03    0.1185236614E-02
   -0.4928115542E-02    0.4314806459E-02   -0.4335803676E-02   -0.1931596507E+00   -0.1087974471E+01    0.0000000000E+00    0.0000000000E+00   -0.4909471181E-03   -0.6374911111E-03
    0.3135390916E-02   -0.2718770015E-02    0.2970754648E-02   -0.2278219171E-01    0.1241886349E+01    0.0000000000E+00    0.0000000000E+00    0.2610515892E-03    0.3348703804E-03
   -0.1972145454E-02    0.1678158832E-02   -0.1863507456E-02    0.1665344014E-01   -0.4292497714E+00    0.0000000000E+00    0.0000000000E+00   -0.1371315637E-03   -0.1715845591E-03
    0.1223226267E-02   -0.1012452515E-02    0.1117685961E-02   -0.1022893128E-01    0.1902070408E+00    0.0000000000E+00    0.0000000000E+00    0.7099884160E-04    0.8565596533E-04
   -0.7453765257E-03    0.5952670966E-03   -0.6440556346E-03    0.5884745735E-02   -0.9123171847E-01    0.0000000000E+00    0.0000000000E+00   -0.3610845182E-04   -0.4159708719E-04
    0.4438719230E-03   -0.3396811224E-03    0.3571417659E-03   -0.3233950288E-02    0.4481612825E-01    0.0000000000E+00    0.0000000000E+00    0.1795406905E-04    0.1960595267E-04
   -0.2564217533E-03    0.1870387628E-03   -0.1903278547E-03    0.1705026294E-02   -0.2196171685E-01    0.0000000000E+00    0.0000000000E+00   -0.8670783066E-05   -0.8934160933E-05
    0.1422329023E-03   -0.9854296074E-04    0.9698472356E-04   -0.8599089224E-03    0.1054345002E-01    0.0000000000E+00    0.0000000000E+00    0.4029901833E-05    0.3910760930E-05
   -0.7466378360E-04    0.4906120125E-04   -0.4677718228E-04    0.4110020564E-03   -0.4871432844E-02    0.0000000000E+00    0.0000000000E+00   -0.1779072951E-05   -0.1627252234E-05
    0.3633539966E-04   -0.2265586197E-04    0.2099030628E-04   -0.1830328218E-03    0.2118817889E-02    0.0000000000E+00    0.0000000000E+00    0.7320641118E-06    0.6329700323E-06
   -0.1590860693E-04    0.9434432949E-05   -0.8525557463E-05    0.7388462225E-04   -0.8412513128E-03    0.0000000000E+00    0.0000000000E+00   -0.2730265694E-06   -0.2241927099E-06
    0.5989992429E-05   -0.3391605287E-05    0.3001130518E-05   -0.2588148709E-04    0.2912640521E-03    0.0000000000E+00    0.0000000000E+00    0.8841450860E-07    0.6934479336E-07
   -0.1805033990E-05    0.9805990157E-06   -0.8528582053E-06    0.7326917029E-05   -0.8177648753E-04    0.0000000000E+00    0.0000000000E+00   -0.2318661735E-07   -0.1747960553E-07
    0.3827686749E-06   -0.2006179939E-06    0.1720829417E-06   -0.1474025554E-05    0.1635561214E-04    0.0000000000E+00    0.0000000000E+00    0.4338480347E-08    0.3163689713E-08
   -0.4222696357E-07    0.2147469417E-07   -0.1822037505E-07    0.1557233310E-06   -0.1720716064E-05    0.0000000000E+00    0.0000000000E+00   -0.4288325281E-09   -0.3043178631E-09
 l,ispin:           1           1
 psi n=1,noccmax(l):
   -0.4315384280E+00   -0.1258770967E+00    0.3217588158E-01    0.2724218627E-01   -0.1735216406E-01    0.0000000000E+00    0.0000000000E+00    0.4192603156E+00    0.1778268868E+00
    0.2158935627E+01    0.6710417609E+00   -0.1783688340E+00   -0.1467250314E+00    0.1006970041E+00    0.0000000000E+00    0.0000000000E+00   -0.6352970447E+00   -0.4060984886E+00
   -0.5842285657E+01   -0.1937585371E+01    0.5331220233E+00    0.4279338467E+00   -0.3122707593E+00    0.0000000000E+00    0.0000000000E+00   -0.1305728851E+01    0.1089794060E+00
    0.1101614745E+02    0.3843030252E+01   -0.1081508608E+01   -0.8553045121E+00    0.6476336744E+00    0.0000000000E+00    0.0000000000E+00    0.6717599881E+01    0.1156606336E+01
   -0.1467504775E+02   -0.5139865180E+01    0.1442047313E+01    0.1145095731E+01   -0.8600184380E+00    0.0000000000E+00    0.0000000000E+00   -0.1322748624E+02   -0.2805358891E+01
    0.1134868602E+02    0.3132227291E+01   -0.7595526226E+00   -0.6694044130E+00    0.3833223261E+00    0.0000000000E+00    0.0000000000E+00    0.1274703576E+02    0.2580582944E+01
   -0.4585608867E+01    0.9841123689E+00   -0.6070865577E+00   -0.3151264500E+00    0.5469653529E+00    0.0000000000E+00    0.0000000000E+00   -0.1059058971E+01    0.8653121126E+00
    0.1563066042E+02    0.4173921002E+01   -0.1004911895E+01   -0.8651512326E+00    0.5159718210E+00    0.0000000000E+00    0.0000000000E+00    0.3402673411E+01   -0.2732781535E+00
   -0.2434947354E+02   -0.1082834506E+02    0.3206696528E+01    0.2483305341E+01   -0.1998690896E+01    0.0000000000E+00    0.0000000000E+00   -0.2165045952E+02   -0.5478579639E+01
    0.2662833391E+01    0.1081869047E+01   -0.1312945135E+00   -0.2454831768E+00   -0.4119859622E-01    0.0000000000E+00    0.0000000000E+00    0.5716786252E+01    0.1328064856E+01
   -0.1465917387E+01    0.4836203979E-01   -0.2573929533E+00   -0.4569778773E-01    0.3014702582E+00    0.0000000000E+00    0.0000000000E+00    0.1309825306E+01    0.7404881981E+00
    0.5969925503E+01    0.3326857453E+01   -0.8653182731E+00   -0.7724862521E+00    0.4622564371E+00    0.0000000000E+00    0.0000000000E+00    0.5271830189E+01    0.1520183886E+01
    0.1308006890E+01    0.9288077080E+00   -0.5205434199E+00   -0.2479679482E+00    0.4597553179E+00    0.0000000000E+00    0.0000000000E+00    0.1717754341E+01    0.5848628365E+00
    0.2079380950E+01    0.1433594879E+01   -0.2822727605E+00   -0.3367630768E+00    0.9432348805E-01    0.0000000000E+00    0.0000000000E+00    0.1598934639E+01    0.4872538681E+00
   -0.2713491609E-01   -0.1428434175E+00   -0.1414359286E+00    0.1897011956E-01    0.1818293611E+00    0.0000000000E+00    0.0000000000E+00    0.2987670567E+00    0.5975048235E-01
    0.3654091265E+00   -0.1568325508E-01    0.2061490579E+00    0.3802616106E-01   -0.2191587292E+00    0.0000000000E+00    0.0000000000E+00    0.2440471496E+00    0.1405111635E-01
   -0.1490662237E+00   -0.4869096580E+00    0.2095988996E-01    0.1276513530E+00    0.4470758278E-01    0.0000000000E+00    0.0000000000E+00   -0.1554704064E-01   -0.8387404076E-01
    0.9438950817E-01   -0.1682201885E+00    0.2733783081E+00    0.1179986071E+00   -0.2661037334E+00    0.0000000000E+00    0.0000000000E+00    0.2926718394E-01   -0.5223266856E-01
   -0.5427015933E-01   -0.1767684412E+00   -0.1505836715E+00   -0.6740457015E-01    0.2227881416E+00    0.0000000000E+00    0.0000000000E+00   -0.1150733297E-01   -0.4218177625E-01
    0.3115918143E-01   -0.3570541304E-01    0.2276562603E+00    0.1981885113E+00   -0.3791854261E+00    0.0000000000E+00    0.0000000000E+00    0.5910517818E-02   -0.1203662797E-01
   -0.1771416599E-01   -0.3998623940E-01   -0.8727790555E-01   -0.1419268001E+00    0.3600617495E+00    0.0000000000E+00    0.0000000000E+00   -0.2857329881E-02   -0.2300124673E-01
    0.9974080232E-02    0.6589449947E-02    0.9175868130E-02    0.8567927512E-01   -0.3270152112E+00    0.0000000000E+00    0.0000000000E+00    0.1370242595E-02   -0.2505920822E-02
   -0.5563122775E-02   -0.7372526376E-02   -0.1081471153E-01   -0.5461651352E-01    0.2944644111E+00    0.0000000000E+00    0.0000000000E+00   -0.6489075569E-03   -0.4953371375E-02
    0.3074377489E-02    0.3801750508E-02   -0.2070837516E-01   -0.2696899185E-01   -0.1625659997E+00    0.0000000000E+00    0.0000000000E+00    0.3034770391E-03   -0.5536999318E-03
   -0.1683625167E-02   -0.2155772076E-02   -0.1308918342E-01   -0.1752156345E-01    0.2145381093E+00    0.0000000000E+00    0.0000000000E+00   -0.1401460553E-03   -0.7093345135E-03
    0.9135622969E-03    0.1185236614E-02   -0.6962570794E-02   -0.1862619540E-01   -0.1018555165E+00    0.0000000000E+00    0.0000000000E+00    0.6389224764E-04    0.1019223376E-03
   -0.4909471181E-03   -0.6374911111E-03   -0.6436933612E-03    0.3385509047E-01   -0.1186158561E+00    0.0000000000E+00    0.0000000000E+00   -0.2874213296E-04   -0.6968180257E-04
    0.2610515892E-03    0.3348703804E-03    0.9345770398E-05    0.9319011851E-03    0.1083687690E+00    0.0000000000E+00    0.0000000000E+00    0.1274757476E-04    0.2990502807E-04
   -0.1371315637E-03   -0.1715845591E-03    0.1763065862E-04   -0.4995440335E-03   -0.3105835155E-01    0.0000000000E+00    0.0000000000E+00   -0.5566747948E-05   -0.1253988276E-04
    0.7099884160E-04    0.8565596533E-04   -0.1286836145E-04    0.2435769165E-03    0.1143887201E-01    0.0000000000E+00    0.0000000000E+00    0.2388930817E-05    0.5103020158E-05
   -0.3610845182E-04   -0.4159708719E-04    0.7125229617E-05   -0.1148059512E-03   -0.4573893194E-02    0.0000000000E+00    0.0000000000E+00   -0.1004733930E-05   -0.2017288983E-05
    0.1795406905E-04    0.1960595267E-04   -0.3541510726E-05    0.5238660849E-04    0.1879725449E-02    0.0000000000E+00    0.0000000000E+00    0.4125659943E-06    0.7750284378E-06
   -0.8670783066E-05   -0.8934160933E-05    0.1645377603E-05   -0.2311144248E-04   -0.7737967285E-03    0.0000000000E+00    0.0000000000E+00   -0.1645176891E-06   -0.2889990397E-06
    0.4029901833E-05    0.3910760930E-05   -0.7226378196E-06    0.9814705339E-05    0.3135645130E-03    0.0000000000E+00    0.0000000000E+00    0.6322594239E-07    0.1041414597E-06
   -0.1779072951E-05   -0.1627252234E-05    0.2994327479E-06   -0.3975259372E-05   -0.1229861287E-03    0.0000000000E+00    0.0000000000E+00   -0.2315778770E-07   -0.3594965497E-07
    0.7320641118E-06    0.6329700323E-06   -0.1156302480E-06    0.1511044764E-05    0.4572043599E-04    0.0000000000E+00    0.0000000000E+00    0.7949998860E-08    0.1170846041E-07
   -0.2730265694E-06   -0.2241927099E-06    0.4062756573E-07   -0.5250500989E-06   -0.1564281469E-04    0.0000000000E+00    0.0000000000E+00   -0.2493383977E-08   -0.3509226865E-08
    0.8841450860E-07    0.6934479336E-07   -0.1247092555E-07    0.1599027518E-06    0.4712795253E-05    0.0000000000E+00    0.0000000000E+00    0.6861079865E-09    0.9295428497E-09
   -0.2318661735E-07   -0.1747960553E-07    0.3122510529E-08   -0.3981278360E-07   -0.1164557961E-05    0.0000000000E+00    0.0000000000E+00   -0.1548573961E-09   -0.2033495703E-09
    0.4338480347E-08    0.3163689713E-08   -0.5619900433E-09    0.7136836114E-08    0.2076545106E-06    0.0000000000E+00    0.0000000000E+00    0.2530991165E-10    0.3241236883E-10
   -0.4288325281E-09   -0.3043178631E-09    0.5381349468E-10   -0.6814335634E-09   -0.1975341141E-07    0.0000000000E+00    0.0000000000E+00   -0.2221244259E-11   -0.2788925362E-11
 l,ispin:           1           2
 psi n=1,noccmax(l):
   -0.5589169786E+00   -0.1364722914E+00   -0.3331978687E-01   -0.2684449664E-01    0.1832916050E-01    0.0000000000E+00    0.0000000000E+00    0.5100771349E+00   -0.2092028256E+00
    0.2852907073E+01    0.7723316023E+00    0.1983926365E+00    0.1529217953E+00   -0.1119812249E+00    0.0000000000E+00    0.0000000000E+00   -0.8839004514E+00    0.4961884240E+00
   -0.7955203240E+01   -0.2387071514E+01   -0.6398707727E+00   -0.4760051352E+00    0.3684364204E+00    0.0000000000E+00    0.0000000000E+00   -0.1085135720E+01   -0.2095864157E+00
    0.1568117019E+02    0.5111252674E+01    0.1410426937E+01    0.1025911693E+01   -0.8224686333E+00    0.0000000000E+00    0.0000000000E+00    0.7006158120E+01   -0.1179994789E+01
   -0.2242129506E+02   -0.7568099454E+01   -0.2108180648E+01   -0.1526214702E+01    0.1233986271E+01    0.0000000000E+00    0.0000000000E+00   -0.1445402761E+02    0.3066399166E+01
    0.1843983206E+02    0.5364453598E+01    0.1401145594E+01    0.1078478048E+01   -0.7965008046E+00    0.0000000000E+00    0.0000000000E+00    0.1446664201E+02   -0.2926731422E+01
    0.2593857343E+01    0.4480869686E+01    0.1631722359E+01    0.9384120149E+00   -0.1050674917E+01    0.0000000000E+00    0.0000000000E+00   -0.1223179037E+01   -0.1014505775E+01
   -0.4033137735E+01   -0.4746563176E+01   -0.1732163309E+01   -0.9967533498E+00    0.1115299102E+01    0.0000000000E+00    0.0000000000E+00    0.1744268762E+01    0.8291151445E+00
   -0.1867065547E+02   -0.8610806682E+01   -0.2444974684E+01   -0.1818899428E+01    0.1436237703E+01    0.0000000000E+00    0.0000000000E+00   -0.2271631540E+02    0.5810438976E+01
    0.5573078772E+01    0.2656183736E+01    0.6396305985E+00    0.6082935299E+00   -0.3446324284E+00    0.0000000000E+00    0.0000000000E+00    0.7464992597E+01   -0.1705796837E+01
    0.1255574107E+01    0.1829120347E+01    0.7982662069E+00    0.3673647017E+00   -0.5353423313E+00    0.0000000000E+00    0.0000000000E+00    0.2047599075E+01   -0.1003927679E+01
    0.6241467235E+01    0.3695370518E+01    0.9734499819E+00    0.8234036580E+00   -0.5573484423E+00    0.0000000000E+00    0.0000000000E+00    0.5471758598E+01   -0.1637344213E+01
    0.1165738137E+01    0.9569943720E+00    0.5077376075E+00    0.1832658310E+00   -0.3458636479E+00    0.0000000000E+00    0.0000000000E+00    0.1720581238E+01   -0.6105089381E+00
    0.1626272714E+01    0.1048194164E+01    0.1638455252E+00    0.2665489587E+00   -0.7810658125E-01    0.0000000000E+00    0.0000000000E+00    0.1556581106E+01   -0.4827414340E+00
   -0.1849654911E+00   -0.4606971124E+00    0.1190712913E-02   -0.1503365377E+00   -0.1220116590E-01    0.0000000000E+00    0.0000000000E+00    0.2547596083E+00   -0.3596018549E-01
    0.2816018344E+00   -0.2551798993E+00   -0.2786678300E+00   -0.4944634975E-01    0.1819961007E+00    0.0000000000E+00    0.0000000000E+00    0.2256858128E+00    0.4376333371E-02
   -0.1416544309E+00   -0.5397980326E+00   -0.8265778315E-01   -0.1990097294E+00    0.6833072805E-01    0.0000000000E+00    0.0000000000E+00   -0.2275154504E-01    0.9734683679E-01
    0.8398966144E-01   -0.1597966293E+00   -0.2334587960E+00   -0.4034923222E-01    0.1406124032E+00    0.0000000000E+00    0.0000000000E+00    0.2830524319E-01    0.5842557211E-01
   -0.4833550025E-01   -0.1497297522E+00    0.1344328523E+00    0.1202991842E-01   -0.1122175355E+00    0.0000000000E+00    0.0000000000E+00   -0.1185892164E-01    0.4372021178E-01
    0.2758964617E-01   -0.1373803360E-01   -0.2012416646E+00   -0.1372912064E+00    0.2569392313E+00    0.0000000000E+00    0.0000000000E+00    0.5975948389E-02    0.1436981256E-01
   -0.1560205618E-01   -0.2532923514E-01    0.1102287278E+00    0.1435207855E+00   -0.3029937620E+00    0.0000000000E+00    0.0000000000E+00   -0.2888877158E-02    0.2194395124E-01
    0.8743384911E-02    0.8102489863E-02   -0.9669026999E-02   -0.8463210642E-01    0.2748294478E+00    0.0000000000E+00    0.0000000000E+00    0.1382747475E-02    0.2582391229E-02
   -0.4857287003E-02   -0.5657707229E-02    0.2568867810E-01    0.7478634833E-01   -0.2819230323E+00    0.0000000000E+00    0.0000000000E+00   -0.6537801366E-03    0.4570586426E-02
    0.2675924964E-02    0.3172173831E-02    0.1721636649E-01    0.1500012727E-01    0.1536604417E+00    0.0000000000E+00    0.0000000000E+00    0.3053564758E-03    0.3931074961E-03
   -0.1462204957E-02   -0.1780384249E-02    0.1259044541E-01    0.1896918920E-01   -0.1949477104E+00    0.0000000000E+00    0.0000000000E+00   -0.1408817478E-03    0.6100947896E-03
    0.7924476584E-03    0.9788966178E-03    0.3409954033E-02    0.1693969163E-02    0.1411191706E+00    0.0000000000E+00    0.0000000000E+00    0.6419440252E-04   -0.1125966078E-03
   -0.4257669629E-03   -0.5270940820E-03    0.6414615142E-03   -0.2671768785E-01    0.6094072788E-01    0.0000000000E+00    0.0000000000E+00   -0.2887619486E-04    0.6612118457E-04
    0.2265744740E-03    0.2776262217E-03   -0.2049772552E-03    0.2560379952E-04   -0.8302515485E-01    0.0000000000E+00    0.0000000000E+00    0.1281219007E-04   -0.2852600909E-04
   -0.1192382032E-03   -0.1428639142E-03    0.9329378445E-04    0.2089425623E-03    0.2456746810E-01    0.0000000000E+00    0.0000000000E+00   -0.5599800991E-05    0.1197581174E-04
    0.6191079951E-04    0.7172288335E-04   -0.4333977087E-04   -0.1388351756E-03   -0.9162795258E-02    0.0000000000E+00    0.0000000000E+00    0.2406239181E-05   -0.4878850741E-05
   -0.3160776145E-04   -0.3506298451E-04    0.1989921613E-04    0.7403126181E-04    0.3688204575E-02    0.0000000000E+00    0.0000000000E+00   -0.1013721311E-05    0.1930815976E-05
    0.1579155966E-04    0.1664529042E-04   -0.8948532016E-05   -0.3598393696E-04   -0.1521904612E-02    0.0000000000E+00    0.0000000000E+00    0.4170912856E-06   -0.7425932572E-06
   -0.7669404530E-05   -0.7640291767E-05    0.3918132018E-05    0.1646238318E-04    0.6281860730E-03    0.0000000000E+00    0.0000000000E+00   -0.1666939815E-06    0.2771698849E-06
    0.3587049825E-05    0.3367740971E-05   -0.1658325114E-05   -0.7148820059E-05   -0.2550330777E-03    0.0000000000E+00    0.0000000000E+00    0.6421368430E-07   -0.9996162218E-07
   -0.1594363087E-05   -0.1410264146E-05    0.6710065748E-06    0.2937126497E-05    0.1001608454E-03    0.0000000000E+00    0.0000000000E+00   -0.2357565361E-07    0.3453067969E-07
    0.6606915241E-06    0.5516595412E-06   -0.2551219384E-06   -0.1126952524E-05   -0.3727026039E-04    0.0000000000E+00    0.0000000000E+00    0.8112123598E-08   -0.1125264962E-07
   -0.2481428999E-06   -0.1963345762E-06    0.8872190850E-07    0.3940472882E-06    0.1276035810E-04    0.0000000000E+00    0.0000000000E+00   -0.2549693932E-08    0.3374125164E-08
    0.8089974388E-07    0.6097127676E-07   -0.2704778015E-07   -0.1205149504E-06   -0.3846277069E-05    0.0000000000E+00    0.0000000000E+00    0.7029550940E-09   -0.8940700829E-09
   -0.2134863149E-07   -0.1541891528E-07    0.6741269522E-08    0.3009254787E-07    0.9507756101E-06    0.0000000000E+00    0.0000000000E+00   -0.1589254616E-09    0.1956424096E-09
    0.4016885431E-08    0.2797946397E-08   -0.1209549587E-08   -0.5405046239E-08   -0.1695783416E-06    0.0000000000E+00    0.0000000000E+00    0.2601144436E-10   -0.3119034388E-10
   -0.3989575262E-09   -0.2696816528E-09    0.1155790632E-09    0.5167816773E-09    0.1613437367E-07    0.0000000000E+00    0.0000000000E+00   -0.2285453174E-11    0.2684193975E-11
 l,ispin:           2           1
 psi n=1,noccmax(l):
    0.4192603156E+00    0.1778268868E+00    0.1016111569E+00    0.7184425598E-01   -0.1574810431E+00    0.0000000000E+00    0.0000000000E+00   -0.3799564897E+01
   -0.6352970447E+00   -0.4060984886E+00   -0.2522103604E+00   -0.1575789777E+00    0.4567498753E+00    0.0000000000E+00    0.0000000000E+00    0.9825025420E+01
   -0.1305728851E+01    0.1089794060E+00    0.1621441985E+00    0.1140192781E-01   -0.5783581882E+00    0.0000000000E+00    0.0000000000E+00   -0.1300940440E+02
    0.6717599881E+01    0.1156606336E+01    0.4005754594E+00    0.5534955527E+00    0.2336364183E+00    0.0000000000E+00    0.0000000000E+00    0.1082979856E+02
   -0.1322748624E+02   -0.2805358891E+01   -0.1166624262E+01   -0.1278846398E+01    0.3742504429E+00    0.0000000000E+00    0.0000000000E+00   -0.5042671406E+01
    0.1274703576E+02    0.2580582944E+01    0.1055179318E+01    0.1177202642E+01   -0.2666642006E+00    0.0000000000E+00    0.0000000000E+00    0.1230481687E+01
   -0.1059058971E+01    0.8653121126E+00    0.5887213259E+00    0.3451462684E+00   -0.1174708793E+01    0.0000000000E+00    0.0000000000E+00   -0.4233455315E+01
    0.3402673411E+01   -0.2732781535E+00   -0.2920470424E+00   -0.1000710519E+00    0.8376730237E+00    0.0000000000E+00    0.0000000000E+00    0.3052400494E+01
   -0.2165045952E+02   -0.5478579639E+01   -0.2494584755E+01   -0.2429722605E+01    0.1771053849E+01    0.0000000000E+00    0.0000000000E+00    0.7668801890E+01
    0.5716786252E+01    0.1328064856E+01    0.5334489611E+00    0.6126299395E+00   -0.8774453646E-01    0.0000000000E+00    0.0000000000E+00   -0.2029701506E+01
    0.1309825306E+01    0.7404881981E+00    0.4449166212E+00    0.3085218544E+00   -0.7285171112E+00    0.0000000000E+00    0.0000000000E+00   -0.1400417506E+01
    0.5271830189E+01    0.1520183886E+01    0.6601830409E+00    0.6870187328E+00   -0.3374828209E+00    0.0000000000E+00    0.0000000000E+00   -0.2162845757E+01
    0.1717754341E+01    0.5848628365E+00    0.3412706393E+00    0.2488410918E+00   -0.5204748009E+00    0.0000000000E+00    0.0000000000E+00   -0.9349692559E+00
    0.1598934639E+01    0.4872538681E+00    0.1846451914E+00    0.2204092630E+00    0.1372978565E-02    0.0000000000E+00    0.0000000000E+00   -0.6843680416E+00
    0.2987670567E+00    0.5975048235E-01    0.7120473273E-01    0.2554696575E-01   -0.2001000819E+00    0.0000000000E+00    0.0000000000E+00   -0.2807504406E+00
    0.2440471496E+00    0.1405111635E-01   -0.3377134251E-01   -0.2253072946E-02    0.1433038883E+00    0.0000000000E+00    0.0000000000E+00   -0.1637790971E+00
   -0.1554704064E-01   -0.8387404076E-01   -0.8676010693E-02   -0.3146359854E-01   -0.7973618218E-01    0.0000000000E+00    0.0000000000E+00   -0.5960580973E-01
    0.2926718394E-01   -0.5223266856E-01   -0.6136945916E-01   -0.4397617598E-01    0.1368225444E+00    0.0000000000E+00    0.0000000000E+00   -0.3000670824E-01
   -0.1150733297E-01   -0.4218177625E-01    0.1124850198E-01    0.4613573515E-02   -0.8296177117E-01    0.0000000000E+00    0.0000000000E+00   -0.8776836690E-02
    0.5910517818E-02   -0.1203662797E-01   -0.3267198658E-01   -0.3196325244E-01    0.1022698940E+00    0.0000000000E+00    0.0000000000E+00   -0.4655808753E-02
   -0.2857329881E-02   -0.2300124673E-01   -0.1571800786E-02   -0.5497276555E-03   -0.5860410555E-01    0.0000000000E+00    0.0000000000E+00   -0.1998794179E-02
    0.1370242595E-02   -0.2505920822E-02   -0.9697493176E-03    0.2418172802E-03    0.4862746399E-01    0.0000000000E+00    0.0000000000E+00   -0.5533791236E-03
   -0.6489075569E-03   -0.4953371375E-02   -0.5043687313E-02   -0.9234596062E-02   -0.2767662807E-01    0.0000000000E+00    0.0000000000E+00   -0.2926771713E-03
    0.3034770391E-03   -0.5536999318E-03    0.1590835093E-02    0.8774817860E-02    0.1568428924E-01    0.0000000000E+00    0.0000000000E+00   -0.9280853750E-04
   -0.1401460553E-03   -0.7093345135E-03    0.8337551901E-03   -0.3291110655E-02   -0.1755251714E-01    0.0000000000E+00    0.0000000000E+00   -0.3277307225E-04
    0.6389224764E-04    0.1019223376E-03    0.1801072325E-02    0.9987321369E-02   -0.1095653505E-01    0.0000000000E+00    0.0000000000E+00   -0.5571123741E-05
   -0.2874213296E-04   -0.6968180257E-04    0.8330496707E-03   -0.4189659250E-02    0.2490346953E-01    0.0000000000E+00    0.0000000000E+00   -0.5934669496E-06
    0.1274757476E-04    0.2990502807E-04   -0.6775530300E-04   -0.9408740947E-03   -0.1206869671E-01    0.0000000000E+00    0.0000000000E+00    0.1381419567E-06
   -0.5566747948E-05   -0.1253988276E-04    0.1640891459E-04    0.2559514765E-03    0.2587355877E-02    0.0000000000E+00    0.0000000000E+00   -0.4518704594E-07
    0.2388930817E-05    0.5103020158E-05   -0.4830119917E-05   -0.8229359266E-04   -0.7575059919E-03    0.0000000000E+00    0.0000000000E+00    0.1491429952E-07
   -0.1004733930E-05   -0.2017288983E-05    0.1539183949E-05    0.2813414371E-04    0.2462660662E-03    0.0000000000E+00    0.0000000000E+00   -0.4838866048E-08
    0.4125659943E-06    0.7750284378E-06   -0.5093696550E-06   -0.9821420264E-05   -0.8331807266E-04    0.0000000000E+00    0.0000000000E+00    0.1536132576E-08
   -0.1645176891E-06   -0.2889990397E-06    0.1710837489E-06    0.3429333509E-05    0.2848743094E-04    0.0000000000E+00    0.0000000000E+00   -0.4759803917E-09
    0.6322594239E-07    0.1041414597E-06   -0.5728841150E-07   -0.1180085053E-05   -0.9660787415E-05    0.0000000000E+00    0.0000000000E+00    0.1433285537E-09
   -0.2315778770E-07   -0.3594965497E-07    0.1878444824E-07    0.3942402008E-06    0.3194226920E-05    0.0000000000E+00    0.0000000000E+00   -0.4159627030E-10
    0.7949998860E-08    0.1170846041E-07   -0.5901676950E-08   -0.1254281038E-06   -0.1008758568E-05    0.0000000000E+00    0.0000000000E+00    0.1146819533E-10
   -0.2493383977E-08   -0.3509226865E-08    0.1724934901E-08    0.3696656578E-07    0.2957302136E-06    0.0000000000E+00    0.0000000000E+00   -0.2933028915E-11
    0.6861079865E-09    0.9295428497E-09   -0.4489697059E-09   -0.9674407970E-08   -0.7709980554E-07    0.0000000000E+00    0.0000000000E+00    0.6692208892E-12
   -0.1548573961E-09   -0.2033495703E-09    0.9702481562E-10    0.2098123492E-08    0.1667507749E-07    0.0000000000E+00    0.0000000000E+00   -0.1275029148E-12
    0.2530991165E-10    0.3241236883E-10   -0.1533380229E-10   -0.3323479771E-09   -0.2636168141E-08    0.0000000000E+00    0.0000000000E+00    0.1792486870E-13
   -0.2221244259E-11   -0.2788925362E-11    0.1311580977E-11    0.2846938455E-10    0.2254981895E-09    0.0000000000E+00    0.0000000000E+00   -0.1379634918E-14
 l,ispin:           2           2
 psi n=1,noccmax(l):
    0.5100771349E+00   -0.2092028256E+00    0.1097622485E+00   -0.7999234395E-01   -0.1653204485E+00    0.0000000000E+00    0.0000000000E+00   -0.4187048432E+01
   -0.8839004514E+00    0.4961884240E+00   -0.2783973927E+00    0.1838643008E+00    0.4822015359E+00    0.0000000000E+00    0.0000000000E+00    0.1085531873E+02
   -0.1085135720E+01   -0.2095864157E+00    0.2002059155E+00   -0.5039101664E-01   -0.6166094170E+00    0.0000000000E+00    0.0000000000E+00   -0.1442567536E+02
    0.7006158120E+01   -0.1179994789E+01    0.3814149928E+00   -0.5306115204E+00    0.2573782878E+00    0.0000000000E+00    0.0000000000E+00    0.1205392935E+02
   -0.1445402761E+02    0.3066399166E+01   -0.1204833960E+01    0.1308022463E+01    0.3998690961E+00    0.0000000000E+00    0.0000000000E+00   -0.5573235690E+01
    0.1446664201E+02   -0.2926731422E+01    0.1137350818E+01   -0.1246144433E+01   -0.3313172134E+00    0.0000000000E+00    0.0000000000E+00    0.1067902267E+01
   -0.1223179037E+01   -0.1014505775E+01    0.6265756984E+00   -0.3867108692E+00   -0.1215185024E+01    0.0000000000E+00    0.0000000000E+00   -0.4193433936E+01
    0.1744268762E+01    0.8291151445E+00   -0.5287573594E+00    0.3216934112E+00    0.1054808298E+01    0.0000000000E+00    0.0000000000E+00    0.3732769654E+01
   -0.2271631540E+02    0.5810438976E+01   -0.2484029558E+01    0.2417695048E+01    0.1754097014E+01    0.0000000000E+00    0.0000000000E+00    0.7620088346E+01
    0.7464992597E+01   -0.1705796837E+01    0.6643727163E+00   -0.7282651565E+00   -0.1993420217E+00    0.0000000000E+00    0.0000000000E+00   -0.2423625491E+01
    0.2047599075E+01   -0.1003927679E+01    0.5388829875E+00   -0.3978002159E+00   -0.8154673834E+00    0.0000000000E+00    0.0000000000E+00   -0.1599910138E+01
    0.5471758598E+01   -0.1637344213E+01    0.6703119547E+00   -0.6948393646E+00   -0.3441269213E+00    0.0000000000E+00    0.0000000000E+00   -0.2312902458E+01
    0.1720581238E+01   -0.6105089381E+00    0.3342069361E+00   -0.2444632406E+00   -0.5154411132E+00    0.0000000000E+00    0.0000000000E+00   -0.9926927546E+00
    0.1556581106E+01   -0.4827414340E+00    0.1692379458E+00   -0.2051508498E+00    0.1656361772E-01    0.0000000000E+00    0.0000000000E+00   -0.7158405921E+00
    0.2547596083E+00   -0.3596018549E-01    0.5754719034E-01   -0.1377462883E-01   -0.1878850391E+00    0.0000000000E+00    0.0000000000E+00   -0.2908009510E+00
    0.2256858128E+00    0.4376333371E-02   -0.4228990728E-01    0.1068830360E-01    0.1511481051E+00    0.0000000000E+00    0.0000000000E+00   -0.1677602878E+00
   -0.2275154504E-01    0.9734683679E-01   -0.1307920419E-01    0.3546734435E-01   -0.7505624882E-01    0.0000000000E+00    0.0000000000E+00   -0.6018932097E-01
    0.2830524319E-01    0.5842557211E-01   -0.6250782760E-01    0.4488322938E-01    0.1366315889E+00    0.0000000000E+00    0.0000000000E+00   -0.2992991270E-01
   -0.1185892164E-01    0.4372021178E-01    0.1204114855E-01   -0.5187589363E-02   -0.8250843218E-01    0.0000000000E+00    0.0000000000E+00   -0.8539853422E-02
    0.5975948389E-02    0.1436981256E-01   -0.3408907776E-01    0.3347516889E-01    0.1029245913E+00    0.0000000000E+00    0.0000000000E+00   -0.4618986407E-02
   -0.2888877158E-02    0.2194395124E-01    0.3856724012E-03   -0.2169982505E-02   -0.6128685321E-01    0.0000000000E+00    0.0000000000E+00   -0.1769749183E-02
    0.1382747475E-02    0.2582391229E-02   -0.1235918562E-02    0.1062427829E-02    0.5028587586E-01    0.0000000000E+00    0.0000000000E+00   -0.5283613010E-03
   -0.6537801366E-03    0.4570586426E-02   -0.4335759959E-02    0.7401363540E-02   -0.3049227681E-01    0.0000000000E+00    0.0000000000E+00   -0.2432161574E-03
    0.3053564758E-03    0.3931074961E-03    0.1781876844E-02   -0.8304809952E-02    0.1698757631E-01    0.0000000000E+00    0.0000000000E+00   -0.7522146544E-04
   -0.1408817478E-03    0.6100947896E-03    0.1010917139E-02    0.2494229576E-02   -0.1961013878E-01    0.0000000000E+00    0.0000000000E+00   -0.2263148092E-04
    0.6419440252E-04   -0.1125966078E-03    0.1778305065E-02   -0.9251226640E-02   -0.7589634805E-02    0.0000000000E+00    0.0000000000E+00   -0.3528215519E-05
   -0.2887619486E-04    0.6612118457E-04    0.7510870443E-03    0.4235461673E-02    0.2289815269E-01    0.0000000000E+00    0.0000000000E+00   -0.2251421254E-06
    0.1281219007E-04   -0.2852600909E-04   -0.6354886005E-04    0.8044148543E-03   -0.1157446880E-01    0.0000000000E+00    0.0000000000E+00    0.4873856127E-07
   -0.5599800991E-05    0.1197581174E-04    0.1557218493E-04   -0.2198455568E-03    0.2527162701E-02    0.0000000000E+00    0.0000000000E+00   -0.1578182964E-07
    0.2406239181E-05   -0.4878850741E-05   -0.4628083687E-05    0.7078251878E-04   -0.7460770378E-03    0.0000000000E+00    0.0000000000E+00    0.5179058917E-08
   -0.1013721311E-05    0.1930815976E-05    0.1486651275E-05   -0.2421853579E-04    0.2436695953E-03    0.0000000000E+00    0.0000000000E+00   -0.1673498740E-08
    0.4170912856E-06   -0.7425932572E-06   -0.4951475034E-06    0.8459651416E-05   -0.8267030430E-04    0.0000000000E+00    0.0000000000E+00    0.5298216925E-09
   -0.1666939815E-06    0.2771698849E-06    0.1671282236E-06   -0.2955237640E-05    0.2831658705E-04    0.0000000000E+00    0.0000000000E+00   -0.1638894223E-09
    0.6421368430E-07   -0.9996162218E-07   -0.5616920357E-07    0.1017309646E-05   -0.9614223836E-05    0.0000000000E+00    0.0000000000E+00    0.4930140340E-10
   -0.2357565361E-07    0.3453067969E-07    0.1846640691E-07   -0.3399537356E-06    0.3181370211E-05    0.0000000000E+00    0.0000000000E+00   -0.1430018111E-10
    0.8112123598E-08   -0.1125264962E-07   -0.5812717207E-08    0.1081789708E-06   -0.1005246224E-05    0.0000000000E+00    0.0000000000E+00    0.3941510880E-11
   -0.2549693932E-08    0.3374125164E-08    0.1701187358E-08   -0.3188769388E-07    0.2948111248E-06    0.0000000000E+00    0.0000000000E+00   -0.1007939247E-11
    0.7029550940E-09   -0.8940700829E-09   -0.4431974155E-09    0.8346165255E-08   -0.7688014502E-07    0.0000000000E+00    0.0000000000E+00    0.2299726662E-12
   -0.1589254616E-09    0.1956424096E-09    0.9583859379E-10   -0.1810210888E-08    0.1663056676E-07    0.0000000000E+00    0.0000000000E+00   -0.4381621467E-13
    0.2601144436E-10   -0.3119034388E-10   -0.1515301021E-10    0.2867590001E-09   -0.2629461331E-08    0.0000000000E+00    0.0000000000E+00    0.6160088494E-14
   -0.2285453174E-11    0.2684193975E-11    0.1296510728E-11   -0.2456523273E-10    0.2249441757E-09    0.0000000000E+00    0.0000000000E+00   -0.4741475118E-15
 l,ispin:           3           1
 psi n=1,noccmax(l):
   -0.3799564897E+01   -0.1077146012E+01    0.1096866747E+01    0.5225515457E+00   -0.7243171762E+00    0.0000000000E+00    0.0000000000E+00
    0.9825025420E+01    0.2788090061E+01   -0.2854871044E+01   -0.1281808059E+01    0.2135317169E+01    0.0000000000E+00    0.0000000000E+00
   -0.1300940440E+02   -0.3699954863E+01    0.3837497514E+01    0.1478697373E+01   -0.3650429055E+01    0.0000000000E+00    0.0000000000E+00
    0.1082979856E+02    0.3098440490E+01   -0.3326953742E+01   -0.7193758413E+00    0.4960532622E+01    0.0000000000E+00    0.0000000000E+00
   -0.5042671406E+01   -0.1475944151E+01    0.1792605439E+01   -0.6122518707E+00   -0.5863634069E+01    0.0000000000E+00    0.0000000000E+00
    0.1230481687E+01    0.3997842335E+00   -0.7248015612E+00    0.1261542460E+01    0.5607771996E+01    0.0000000000E+00    0.0000000000E+00
   -0.4233455315E+01   -0.1231955487E+01    0.1419005004E+01   -0.1242665375E+00   -0.3498615699E+01    0.0000000000E+00    0.0000000000E+00
    0.3052400494E+01    0.8952502596E+00   -0.1038640803E+01    0.9296594391E-01    0.2573681507E+01    0.0000000000E+00    0.0000000000E+00
    0.7668801890E+01    0.2121124864E+01   -0.1819673941E+01   -0.2593362249E+01   -0.4308856745E+01    0.0000000000E+00    0.0000000000E+00
   -0.2029701506E+01   -0.5551309738E+00    0.4151026470E+00    0.9696545714E+00    0.2189258778E+01    0.0000000000E+00    0.0000000000E+00
   -0.1400417506E+01   -0.4031560493E+00    0.4442971813E+00    0.5455782031E-01   -0.7996982906E+00    0.0000000000E+00    0.0000000000E+00
   -0.2162845757E+01   -0.6020511311E+00    0.5124841107E+00    0.7693407891E+00    0.1336908457E+01    0.0000000000E+00    0.0000000000E+00
   -0.9349692559E+00   -0.2641926944E+00    0.2765423918E+00    0.9456560279E-01   -0.3038033006E+00    0.0000000000E+00    0.0000000000E+00
   -0.6843680416E+00   -0.1922106322E+00    0.1579279985E+00    0.2770339357E+00    0.5400217648E+00    0.0000000000E+00    0.0000000000E+00
   -0.2807504406E+00   -0.7756511162E-01    0.8570211976E-01    0.3066242709E-02   -0.1786352187E+00    0.0000000000E+00    0.0000000000E+00
   -0.1637790971E+00   -0.4719946389E-01    0.3437534704E-01    0.8846919735E-01    0.2089629197E+00    0.0000000000E+00    0.0000000000E+00
   -0.5960580973E-01   -0.1409246701E-01    0.1873863520E-01   -0.1864130107E-01   -0.1014158538E+00    0.0000000000E+00    0.0000000000E+00
   -0.3000670824E-01   -0.1009388093E-01    0.4941616276E-02    0.2898379513E-01    0.8370113636E-01    0.0000000000E+00    0.0000000000E+00
   -0.8776836690E-02    0.1003923098E-02    0.7193891756E-03   -0.1654653139E-01   -0.5464466784E-01    0.0000000000E+00    0.0000000000E+00
   -0.4655808753E-02   -0.3975092169E-02    0.3025085901E-02    0.1507392413E-01    0.4143042897E-01    0.0000000000E+00    0.0000000000E+00
   -0.1998794179E-02    0.1456472570E-02   -0.1811556695E-02   -0.1129248712E-01   -0.3109695626E-01    0.0000000000E+00    0.0000000000E+00
   -0.5533791236E-03   -0.2055160321E-03    0.1336068261E-03    0.6757858170E-02    0.2130723152E-01    0.0000000000E+00    0.0000000000E+00
   -0.2926771713E-03   -0.2186099102E-04   -0.7653226661E-04   -0.5198531485E-02   -0.1694283696E-01    0.0000000000E+00    0.0000000000E+00
   -0.9280853750E-04    0.2692904388E-03   -0.7549629506E-03    0.2290282722E-02    0.1108384553E-01    0.0000000000E+00    0.0000000000E+00
   -0.3277307225E-04    0.1623330882E-03   -0.3633094681E-04   -0.2601741731E-02   -0.1124050756E-01    0.0000000000E+00    0.0000000000E+00
   -0.5571123741E-05    0.1626548428E-03   -0.5903332155E-03    0.7658814110E-03    0.9509748206E-02    0.0000000000E+00    0.0000000000E+00
   -0.5934669496E-06    0.6794678226E-04    0.3396165902E-03    0.8280638509E-03   -0.4183556647E-02    0.0000000000E+00    0.0000000000E+00
    0.1381419567E-06   -0.6228282886E-05    0.2565087823E-04   -0.5220090682E-03    0.7387328699E-03    0.0000000000E+00    0.0000000000E+00
   -0.4518704594E-07    0.1549950086E-05   -0.6071425087E-05    0.1055644963E-03    0.3066207841E-04    0.0000000000E+00    0.0000000000E+00
    0.1491429952E-07   -0.4456889475E-06    0.1643236591E-05   -0.2721129947E-04   -0.2393841587E-04    0.0000000000E+00    0.0000000000E+00
   -0.4838866048E-08    0.1333919853E-06   -0.4701034643E-06    0.7604655163E-05    0.8783443022E-05    0.0000000000E+00    0.0000000000E+00
    0.1536132576E-08   -0.4023452195E-07    0.1373439960E-06   -0.2190064801E-05   -0.2848689262E-05    0.0000000000E+00    0.0000000000E+00
   -0.4759803917E-09    0.1205099053E-07   -0.4022620267E-07    0.6350817878E-06    0.8783782867E-06    0.0000000000E+00    0.0000000000E+00
    0.1433285537E-09   -0.3545955595E-08    0.1165146081E-07   -0.1826180401E-06   -0.2614108919E-06    0.0000000000E+00    0.0000000000E+00
   -0.4159627030E-10    0.1012791440E-08   -0.3291124725E-08    0.5130532162E-07    0.7493337020E-07    0.0000000000E+00    0.0000000000E+00
    0.1146819533E-10   -0.2761370491E-09    0.8903104223E-09   -0.1382327357E-07   -0.2043444329E-07    0.0000000000E+00    0.0000000000E+00
   -0.2933028915E-11    0.7007384312E-10   -0.2246788399E-09    0.3478003855E-08    0.5179288941E-08    0.0000000000E+00    0.0000000000E+00
    0.6692208892E-12   -0.1590103231E-10    0.5078379535E-10   -0.7843824538E-09   -0.1173336231E-08    0.0000000000E+00    0.0000000000E+00
   -0.1275029148E-12    0.3017842657E-11   -0.9611431752E-11    0.1482102404E-09    0.2223180277E-09    0.0000000000E+00    0.0000000000E+00
    0.1792486870E-13   -0.4231048426E-12    0.1344880628E-11   -0.2071333971E-10   -0.3112332183E-10    0.0000000000E+00    0.0000000000E+00
   -0.1379634918E-14    0.3250275399E-13   -0.1031691534E-12    0.1587570615E-11    0.2387939956E-11    0.0000000000E+00    0.0000000000E+00
 l,ispin:           3           2
 psi n=1,noccmax(l):
   -0.4187048432E+01   -0.1026199447E+01    0.1094120144E+01    0.5449944320E+00   -0.6191700482E+00    0.0000000000E+00    0.0000000000E+00
    0.1085531873E+02    0.2663403820E+01   -0.2854247575E+01   -0.1347512698E+01    0.1844152702E+01    0.0000000000E+00    0.0000000000E+00
   -0.1442567536E+02   -0.3548064188E+01    0.3848308955E+01    0.1581025270E+01   -0.3213131212E+01    0.0000000000E+00    0.0000000000E+00
    0.1205392935E+02    0.2984346491E+01   -0.3345119604E+01   -0.8222479775E+00    0.4493611980E+01    0.0000000000E+00    0.0000000000E+00
   -0.5573235690E+01   -0.1415945950E+01    0.1789097433E+01   -0.5606887767E+00   -0.5484706677E+01    0.0000000000E+00    0.0000000000E+00
    0.1067902267E+01    0.3178644301E+00   -0.6523368314E+00    0.1302359376E+01    0.5382244013E+01    0.0000000000E+00    0.0000000000E+00
   -0.4193433936E+01   -0.1064108256E+01    0.1304236945E+01   -0.1990867666E+00   -0.3359073219E+01    0.0000000000E+00    0.0000000000E+00
    0.3732769654E+01    0.9461015935E+00   -0.1123319723E+01   -0.2174221836E-01    0.2303301686E+01    0.0000000000E+00    0.0000000000E+00
    0.7620088346E+01    0.1813576333E+01   -0.1623559715E+01   -0.2421948011E+01   -0.4050982545E+01    0.0000000000E+00    0.0000000000E+00
   -0.2423625491E+01   -0.5713394053E+00    0.4597649216E+00    0.1016682777E+01    0.2165884657E+01    0.0000000000E+00    0.0000000000E+00
   -0.1599910138E+01   -0.3988289232E+00    0.4567791472E+00    0.7896452350E-01   -0.7207874773E+00    0.0000000000E+00    0.0000000000E+00
   -0.2312902458E+01   -0.5549177369E+00    0.4958787755E+00    0.7593619551E+00    0.1297044311E+01    0.0000000000E+00    0.0000000000E+00
   -0.9926927546E+00   -0.2427143434E+00    0.2670643778E+00    0.9186959094E-01   -0.2803886748E+00    0.0000000000E+00    0.0000000000E+00
   -0.7158405921E+00   -0.1733390734E+00    0.1489264615E+00    0.2695592397E+00    0.5180575752E+00    0.0000000000E+00    0.0000000000E+00
   -0.2908009510E+00   -0.6934826221E-01    0.8102005174E-01    0.7862013149E-03   -0.1692974276E+00    0.0000000000E+00    0.0000000000E+00
   -0.1677602878E+00   -0.4172523987E-01    0.3133076947E-01    0.8537577854E-01    0.1988399650E+00    0.0000000000E+00    0.0000000000E+00
   -0.6018932097E-01   -0.1196830093E-01    0.1731780537E-01   -0.1926536296E-01   -0.9686718010E-01    0.0000000000E+00    0.0000000000E+00
   -0.2992991270E-01   -0.8824768351E-02    0.4116121020E-02    0.2788121380E-01    0.7921253076E-01    0.0000000000E+00    0.0000000000E+00
   -0.8539853422E-02    0.1391540765E-02    0.4507347775E-03   -0.1647357685E-01   -0.5215829681E-01    0.0000000000E+00    0.0000000000E+00
   -0.4618986407E-02   -0.3763346271E-02    0.2856574006E-02    0.1468089474E-01    0.3935711315E-01    0.0000000000E+00    0.0000000000E+00
   -0.1769749183E-02    0.1613346660E-02   -0.1949922785E-02   -0.1126365760E-01   -0.2987998364E-01    0.0000000000E+00    0.0000000000E+00
   -0.5283613010E-03   -0.1793970585E-03    0.1401792237E-03    0.6669647479E-02    0.2038816737E-01    0.0000000000E+00    0.0000000000E+00
   -0.2432161574E-03    0.1570960083E-04   -0.1416582528E-03   -0.5211783157E-02   -0.1636750947E-01    0.0000000000E+00    0.0000000000E+00
   -0.7522146544E-04    0.2787751337E-03   -0.7400382258E-03    0.2282485379E-02    0.1065754357E-01    0.0000000000E+00    0.0000000000E+00
   -0.2263148092E-04    0.1680203447E-03   -0.5305879699E-04   -0.2597726643E-02   -0.1088962674E-01    0.0000000000E+00    0.0000000000E+00
   -0.3528215519E-05    0.1616008256E-03   -0.5672518792E-03    0.8196516258E-03    0.9363186195E-02    0.0000000000E+00    0.0000000000E+00
   -0.2251421254E-06    0.6554481792E-04    0.3377451046E-03    0.7873719123E-03   -0.4178264340E-02    0.0000000000E+00    0.0000000000E+00
    0.4873856127E-07   -0.6086739968E-05    0.2362600066E-04   -0.5107539517E-03    0.7582024382E-03    0.0000000000E+00    0.0000000000E+00
   -0.1578182964E-07    0.1518927295E-05   -0.5604976696E-05    0.1036781055E-03    0.2162497076E-04    0.0000000000E+00    0.0000000000E+00
    0.5179058917E-08   -0.4374520182E-06    0.1516766491E-05   -0.2676628049E-04   -0.2121837351E-04    0.0000000000E+00    0.0000000000E+00
   -0.1673498740E-08    0.1310571027E-06   -0.4337795465E-06    0.7486466321E-05    0.7978607037E-05    0.0000000000E+00    0.0000000000E+00
    0.5298216925E-09   -0.3955646236E-07    0.1267004337E-06   -0.2157112130E-05   -0.2611068976E-05    0.0000000000E+00    0.0000000000E+00
   -0.1638894223E-09    0.1185324220E-07   -0.3710304172E-07    0.6257310411E-06    0.8086867898E-06    0.0000000000E+00    0.0000000000E+00
    0.4930140340E-10   -0.3488851617E-08    0.1074584696E-07   -0.1799690574E-06   -0.2412695015E-06    0.0000000000E+00    0.0000000000E+00
   -0.1430018111E-10    0.9966957717E-09   -0.3035162460E-08    0.5056882059E-07    0.6926333106E-07    0.0000000000E+00    0.0000000000E+00
    0.3941510880E-11   -0.2717892149E-09    0.8210449475E-09   -0.1362628537E-07   -0.1890590511E-07    0.0000000000E+00    0.0000000000E+00
   -0.1007939247E-11    0.6897770621E-10   -0.2071961385E-09    0.3428696261E-08    0.4794747506E-08    0.0000000000E+00    0.0000000000E+00
    0.2299726662E-12   -0.1565343810E-10    0.4683193419E-10   -0.7733028569E-09   -0.1086646402E-08    0.0000000000E+00    0.0000000000E+00
   -0.4381621467E-13    0.2971003123E-11   -0.8863481221E-11    0.1461221424E-09    0.2059456412E-09    0.0000000000E+00    0.0000000000E+00
    0.6160088494E-14   -0.4165527176E-12    0.1240224197E-11   -0.2042204832E-10   -0.2883622243E-10    0.0000000000E+00    0.0000000000E+00
   -0.4741475118E-15    0.3200022015E-13   -0.9514083103E-13    0.1565273548E-11    0.2212715703E-11    0.0000000000E+00    0.0000000000E+00
