   40             4.00000 ng, rij 
     1.606     8.000                                       rcov,rprb 
 r                           (non)relativistic calculation
 PBE                         XC-functional
  5.000  3.000    0.4800000000   -0.3625144503E+01    0.5679615387E+00    0.0000000000E+00    0.0000000000E+00  znuc,zion,rloc,gpot()
   1                                                       lpx, (Projectors for l=0..lpx)
    0.3712198191    0.5896510046E+01   -0.0000000000E+00    0.0000000000E+00    0.0000000000E+00   -0.0000000000E+00    0.0000000000E+00  r_l(),hsep(), so=+0.5
    0.2845201053   -0.6942053892E+00   -0.0000000000E+00    0.0000000000E+00    0.0000000000E+00   -0.0000000000E+00    0.0000000000E+00  r_l(),hsep(), so=+0.5
   -0.6970813607E+00   -0.0000000000E+00    0.0000000000E+00    0.0000000000E+00   -0.0000000000E+00    0.0000000000E+00         hsep(), so=-0.5
 ---------------------------------------------
 Additional information (last calculation):
 gaussian exponents:
 xp():   24.552318791199571        17.361111111111114        12.276159395599787        8.6805555555555607        6.1380796977998946        4.3402777777777803        3.0690398488999486        2.1701388888888911        1.5345199244499743        1.0850694444444458       0.76725996222498738       0.54253472222222299       0.38362998111249375       0.27126736111111149       0.19181499055624696       0.13563368055555583        9.5907495278123506E-002   6.7816840277777929E-002   4.7953747639061760E-002   3.3908420138888971E-002   2.3976873819530883E-002   1.6954210069444489E-002   1.1988436909765447E-002   8.4771050347222463E-003   5.9942184548827243E-003   4.2385525173611249E-003   2.9971092274413626E-003   2.1192762586805620E-003   1.4985546137206815E-003   1.0596381293402814E-003   7.4927730686034097E-004   5.2981906467014072E-004   3.7463865343017070E-004   2.6490953233507041E-004   1.8731932671508532E-004   1.3245476616753526E-004   9.3659663357542703E-005   6.6227383083767631E-005   4.6829831678771351E-005   3.3113691541883829E-005
 orbital coefficients (one orbital per column)
 l,ispin:           0           1
 psi n=1,noccmax(l):
    0.1635130287E-01    0.4553193139E-02    0.2139906250E-02    0.0000000000E+00
   -0.1035137086E+00   -0.2895709631E-01   -0.1433553976E-01    0.0000000000E+00
    0.2899135478E+00    0.8240886205E-01    0.4024063938E-01    0.0000000000E+00
   -0.4092787392E+00   -0.1206538034E+00   -0.4851467484E-01    0.0000000000E+00
    0.2395424231E+00    0.8129200410E-01   -0.2868030922E-02    0.0000000000E+00
    0.6499409189E-01   -0.3916638386E-02    0.8492398139E-01    0.0000000000E+00
   -0.7253135762E-02    0.2410548523E-01   -0.1026106709E+00    0.0000000000E+00
    0.5087257424E+00    0.1080517426E+00    0.2261544425E+00    0.0000000000E+00
    0.2473070009E-01    0.3702894638E-01   -0.1604943837E+00    0.0000000000E+00
    0.3149311295E+00    0.6119642809E-01    0.2632759399E+00    0.0000000000E+00
   -0.3073529048E-01    0.2307957219E-01   -0.2409542646E+00    0.0000000000E+00
    0.6808551720E-03   -0.3999250176E-01    0.2668725928E+00    0.0000000000E+00
   -0.1547730692E+00    0.1148867605E-01   -0.3263473875E+00    0.0000000000E+00
   -0.1769120374E+00   -0.1379427933E+00    0.2803767777E+00    0.0000000000E+00
   -0.2270309653E+00   -0.1101455528E-01   -0.4366135694E+00    0.0000000000E+00
   -0.1311975386E+00   -0.1050310923E+00    0.4143256572E+00    0.0000000000E+00
   -0.1229068584E+00    0.1963233496E-01   -0.5442005854E+00    0.0000000000E+00
   -0.5378165727E-01   -0.1537593574E+00    0.5042765405E+00    0.0000000000E+00
   -0.3583944446E-01    0.7342489755E-01   -0.6285256530E+00    0.0000000000E+00
   -0.3028362755E-02   -0.1172902910E+00    0.6244049784E+00    0.0000000000E+00
   -0.5364681106E-02    0.1287635217E+00   -0.5858502641E+00    0.0000000000E+00
    0.2519452315E-02   -0.6722454602E-01    0.5412663855E+00    0.0000000000E+00
   -0.1804884763E-02    0.9489116352E-01   -0.3803272832E+00    0.0000000000E+00
    0.1199334681E-02   -0.1358409897E-01    0.3852911175E+00    0.0000000000E+00
   -0.7815284348E-03    0.5252634272E-01    0.9535418543E-02    0.0000000000E+00
    0.4980833528E-03   -0.1506082367E-01   -0.2111238114E+00    0.0000000000E+00
   -0.3102630048E-03    0.8763503753E-02    0.4640932988E-01    0.0000000000E+00
    0.1887986408E-03   -0.4974340170E-02   -0.1654755736E-01    0.0000000000E+00
   -0.1121686575E-03    0.2775628978E-02    0.6981410810E-02    0.0000000000E+00
    0.6501215096E-04   -0.1521308123E-02   -0.3192902761E-02    0.0000000000E+00
   -0.3670574096E-04    0.8178123507E-03    0.1520369422E-02    0.0000000000E+00
    0.2013462787E-04   -0.4300366297E-03   -0.7359126269E-03    0.0000000000E+00
   -0.1068181312E-04    0.2201396708E-03    0.3557593870E-03    0.0000000000E+00
    0.5439837509E-05   -0.1088399253E-03   -0.1690170196E-03    0.0000000000E+00
   -0.2627940595E-05    0.5132821990E-04    0.7751341711E-04    0.0000000000E+00
    0.1182391168E-05   -0.2265267216E-04   -0.3354483590E-04    0.0000000000E+00
   -0.4816983339E-06    0.9088890269E-05    0.1327463471E-04    0.0000000000E+00
    0.1700644906E-06   -0.3170898561E-05   -0.4586349736E-05    0.0000000000E+00
   -0.4845663824E-07    0.8952329495E-06    0.1285989104E-05    0.0000000000E+00
    0.9799267424E-08   -0.1797768040E-06   -0.2569966402E-06    0.0000000000E+00
   -0.1039483615E-08    0.1896958858E-07    0.2702479767E-07    0.0000000000E+00
 l,ispin:           1           1
 psi n=1,noccmax(l):
    0.6586178134E-02    0.1971843577E-02    0.2939062957E-02    0.0000000000E+00
    0.2098305774E-01    0.4745404878E-02   -0.1017058932E-02    0.0000000000E+00
   -0.2775108856E+00   -0.7299110043E-01   -0.5266900463E-01    0.0000000000E+00
    0.7451077089E+00    0.1991265965E+00    0.1565995223E+00    0.0000000000E+00
   -0.8658539779E+00   -0.2331030897E+00   -0.1792199526E+00    0.0000000000E+00
    0.6065443355E+00    0.1647185803E+00    0.1124227156E+00    0.0000000000E+00
   -0.1292024920E+00   -0.3602577723E-01    0.6324762394E-02    0.0000000000E+00
    0.4173671568E+00    0.1158749660E+00    0.6270952186E-01    0.0000000000E+00
    0.1443085594E+00    0.3803111723E-01    0.7573591775E-01    0.0000000000E+00
    0.2464711391E+00    0.6818850544E-01    0.1881841420E-01    0.0000000000E+00
    0.1504730582E+00    0.4332983480E-01    0.8094836471E-01    0.0000000000E+00
    0.1953330166E+00    0.5442686733E-01    0.7402480184E-02    0.0000000000E+00
    0.1164883438E+00    0.3242341067E-01    0.7014810960E-01    0.0000000000E+00
    0.1308539550E+00    0.4215508737E-01   -0.2151764030E-02    0.0000000000E+00
    0.7678998465E-01    0.1769669440E-01    0.5667803374E-01    0.0000000000E+00
    0.5666511313E-01    0.1867422612E-01   -0.2574376471E-01    0.0000000000E+00
    0.3009714899E-01    0.5246374186E-02    0.5021769149E-01    0.0000000000E+00
    0.2174464713E-01    0.1585771367E-01   -0.3311802402E-01    0.0000000000E+00
    0.9239244438E-02   -0.6887631291E-02    0.4447074573E-01    0.0000000000E+00
    0.5118256858E-02    0.1074001638E-01   -0.4367501263E-01    0.0000000000E+00
    0.1120607032E-02   -0.1400670516E-01    0.3747374865E-01    0.0000000000E+00
    0.5968364637E-03    0.7313280976E-02   -0.3897284150E-01    0.0000000000E+00
   -0.6730707296E-04   -0.9858887701E-02    0.2507574899E-01    0.0000000000E+00
    0.7108681702E-04    0.1815488314E-02   -0.3010531869E-01    0.0000000000E+00
   -0.3696870014E-04   -0.6171479811E-02    0.1176183939E-02    0.0000000000E+00
    0.1958806135E-04    0.9594997852E-03    0.1287361790E-01    0.0000000000E+00
   -0.1011228559E-04   -0.5345747798E-03   -0.2646090780E-02    0.0000000000E+00
    0.5083212676E-05    0.2664457237E-03    0.8440575030E-03    0.0000000000E+00
   -0.2489370403E-05   -0.1277008531E-03   -0.3109712138E-03    0.0000000000E+00
    0.1188635232E-05    0.5952629578E-04    0.1224081351E-03    0.0000000000E+00
   -0.5535215396E-06   -0.2708894550E-04   -0.4976237159E-04    0.0000000000E+00
    0.2511383711E-06    0.1204043334E-04    0.2048579938E-04    0.0000000000E+00
   -0.1106733953E-06   -0.5213713837E-05   -0.8415948561E-05    0.0000000000E+00
    0.4708103034E-07    0.2185947722E-05    0.3402681169E-05    0.0000000000E+00
   -0.1912996085E-07   -0.8778264569E-06   -0.1332497839E-05    0.0000000000E+00
    0.7298425884E-08    0.3318020940E-06    0.4949445040E-06    0.0000000000E+00
   -0.2545286472E-08   -0.1148751742E-06   -0.1692916434E-06    0.0000000000E+00
    0.7777287842E-09    0.3490428860E-07    0.5100621484E-07    0.0000000000E+00
   -0.1941906499E-09   -0.8677944060E-08   -0.1260691819E-07    0.0000000000E+00
    0.3489242168E-10    0.1554216125E-08    0.2248663867E-08    0.0000000000E+00
   -0.3337855042E-11   -0.1483173864E-09   -0.2139754443E-09    0.0000000000E+00
 l,ispin:           1           2
 psi n=1,noccmax(l):
    0.6609029248E-02    0.1977625565E-02    0.2943677972E-02    0.0000000000E+00
    0.2091384042E-01    0.4723348154E-02   -0.1035443156E-02    0.0000000000E+00
   -0.2775694816E+00   -0.7297647239E-01   -0.5265392290E-01    0.0000000000E+00
    0.7455662781E+00    0.1991727585E+00    0.1566310947E+00    0.0000000000E+00
   -0.8665213002E+00   -0.2331946983E+00   -0.1792919491E+00    0.0000000000E+00
    0.6073398017E+00    0.1648718532E+00    0.1125572553E+00    0.0000000000E+00
   -0.1289210169E+00   -0.3593617150E-01    0.6394495556E-02    0.0000000000E+00
    0.4179587571E+00    0.1159950004E+00    0.6282090251E-01    0.0000000000E+00
    0.1445078261E+00    0.3807210819E-01    0.7575547527E-01    0.0000000000E+00
    0.2467637295E+00    0.6824380328E-01    0.1887628057E-01    0.0000000000E+00
    0.1505994082E+00    0.4335424623E-01    0.8095333138E-01    0.0000000000E+00
    0.1954689228E+00    0.5444319897E-01    0.7425693508E-02    0.0000000000E+00
    0.1165458567E+00    0.3243244137E-01    0.7014142377E-01    0.0000000000E+00
    0.1309019313E+00    0.4215467759E-01   -0.2143984162E-02    0.0000000000E+00
    0.7679232376E-01    0.1769104667E-01    0.5665987142E-01    0.0000000000E+00
    0.5667006470E-01    0.1866639041E-01   -0.2574112678E-01    0.0000000000E+00
    0.3008928517E-01    0.5244978194E-02    0.5020514321E-01    0.0000000000E+00
    0.2173753779E-01    0.1584819888E-01   -0.3311848229E-01    0.0000000000E+00
    0.9230064933E-02   -0.6888829832E-02    0.4445967803E-01    0.0000000000E+00
    0.5113439672E-02    0.1073011506E-01   -0.4367622956E-01    0.0000000000E+00
    0.1117493268E-02   -0.1400508817E-01    0.3746752092E-01    0.0000000000E+00
    0.5961232475E-03    0.7306768555E-02   -0.3897244966E-01    0.0000000000E+00
   -0.6768017662E-04   -0.9856968080E-02    0.2507158045E-01    0.0000000000E+00
    0.7116157297E-04    0.1812706948E-02   -0.3010430236E-01    0.0000000000E+00
   -0.3701951584E-04   -0.6168570156E-02    0.1188152442E-02    0.0000000000E+00
    0.1961521568E-04    0.9594655986E-03    0.1286621012E-01    0.0000000000E+00
   -0.1012638881E-04   -0.5344708556E-03   -0.2644424309E-02    0.0000000000E+00
    0.5090345643E-05    0.2663841941E-03    0.8434588133E-03    0.0000000000E+00
   -0.2492888018E-05   -0.1276695092E-03   -0.3107285550E-03    0.0000000000E+00
    0.1190327530E-05    0.5951127883E-04    0.1223056505E-03    0.0000000000E+00
   -0.5543155943E-06   -0.2708201915E-04   -0.4971856142E-04    0.0000000000E+00
    0.2515012299E-06    0.1203733391E-04    0.2046711649E-04    0.0000000000E+00
   -0.1108343360E-06   -0.5212367293E-05   -0.8408082945E-05    0.0000000000E+00
    0.4714987801E-07    0.2185382312E-05    0.3399446792E-05    0.0000000000E+00
   -0.1915806604E-07   -0.8775992752E-06   -0.1331216462E-05    0.0000000000E+00
    0.7309189499E-08    0.3317162172E-06    0.4944647500E-06    0.0000000000E+00
   -0.2549051673E-08   -0.1148454468E-06   -0.1691266538E-06    0.0000000000E+00
    0.7788820135E-09    0.3489525823E-07    0.5095632021E-07    0.0000000000E+00
   -0.1944791289E-09   -0.8675699499E-08   -0.1259455479E-07    0.0000000000E+00
    0.3494432845E-10    0.1553814221E-08    0.2246454832E-08    0.0000000000E+00
   -0.3342825737E-11   -0.1482790410E-09   -0.2137649919E-09    0.0000000000E+00
 l,ispin:           2           1
 psi n=1,noccmax(l):
   -0.2558846427E-02   -0.1039858309E-02    0.1984737050E-02    0.0000000000E+00    0.0000000000E+00
    0.9355638074E-02    0.4347740902E-02   -0.7825634265E-02    0.0000000000E+00    0.0000000000E+00
   -0.1963752820E-01   -0.1135859792E-01    0.1875867560E-01    0.0000000000E+00    0.0000000000E+00
    0.3002521762E-01    0.2038222247E-01   -0.3184142685E-01    0.0000000000E+00    0.0000000000E+00
   -0.3432618983E-01   -0.2368298451E-01    0.3682666346E-01    0.0000000000E+00    0.0000000000E+00
    0.3150440148E-01    0.1945490642E-01   -0.3145324800E-01    0.0000000000E+00    0.0000000000E+00
   -0.2676954618E-01   -0.1449974579E-01    0.2463603524E-01    0.0000000000E+00    0.0000000000E+00
    0.2422311110E-01    0.1395285931E-01   -0.2320115981E-01    0.0000000000E+00    0.0000000000E+00
   -0.1757593472E-01   -0.7517320922E-02    0.1414383622E-01    0.0000000000E+00    0.0000000000E+00
    0.1652819663E-01    0.9414388259E-02   -0.1576597940E-01    0.0000000000E+00    0.0000000000E+00
   -0.1186432476E-01   -0.5492624080E-02    0.1002005936E-01    0.0000000000E+00    0.0000000000E+00
    0.1149615716E-01    0.7690252561E-02   -0.1224819255E-01    0.0000000000E+00    0.0000000000E+00
   -0.7258616188E-02   -0.3622007617E-02    0.6542845200E-02    0.0000000000E+00    0.0000000000E+00
    0.7090365177E-02    0.5393263526E-02   -0.8446729886E-02    0.0000000000E+00    0.0000000000E+00
   -0.3510430997E-02   -0.1613307746E-02    0.3186610282E-02    0.0000000000E+00    0.0000000000E+00
    0.4255034025E-02    0.4193467398E-02   -0.6178143307E-02    0.0000000000E+00    0.0000000000E+00
   -0.2086752357E-02   -0.2241049706E-02    0.3476944852E-02    0.0000000000E+00    0.0000000000E+00
    0.1914130567E-02    0.3249457032E-02   -0.4741953117E-02    0.0000000000E+00    0.0000000000E+00
   -0.3195100201E-03   -0.1768462270E-02    0.2614977179E-02    0.0000000000E+00    0.0000000000E+00
    0.6224116943E-03    0.3150240224E-02   -0.4549618647E-02    0.0000000000E+00    0.0000000000E+00
    0.6298191302E-03   -0.1635366727E-02    0.2669023204E-02    0.0000000000E+00    0.0000000000E+00
   -0.9953324079E-04    0.2469596144E-02   -0.4202525158E-02    0.0000000000E+00    0.0000000000E+00
    0.5728546384E-03   -0.1243005887E-02    0.3071516381E-02    0.0000000000E+00    0.0000000000E+00
   -0.3585930363E-04    0.1943599503E-02   -0.6816638223E-02    0.0000000000E+00    0.0000000000E+00
    0.4544410732E-03   -0.1689608872E-03    0.7173103012E-02    0.0000000000E+00    0.0000000000E+00
   -0.1081475736E-04   -0.6664164325E-03   -0.2466491266E-02    0.0000000000E+00    0.0000000000E+00
    0.1048248421E-04    0.1311162660E-03    0.1527565491E-03    0.0000000000E+00    0.0000000000E+00
   -0.4922706340E-05   -0.3841034405E-04   -0.1831357040E-04    0.0000000000E+00    0.0000000000E+00
    0.2069229725E-05    0.1266501501E-04    0.2173451881E-05    0.0000000000E+00    0.0000000000E+00
   -0.8263608424E-06   -0.4380129840E-05   -0.4164233239E-07    0.0000000000E+00    0.0000000000E+00
    0.3190902879E-06    0.1544515639E-05   -0.1307206666E-06    0.0000000000E+00    0.0000000000E+00
   -0.1198990131E-06   -0.5469455638E-06    0.7774308677E-07    0.0000000000E+00    0.0000000000E+00
    0.4387126300E-07    0.1923807366E-06   -0.3431467151E-07    0.0000000000E+00    0.0000000000E+00
   -0.1557010164E-07   -0.6648382602E-07    0.1340640522E-07    0.0000000000E+00    0.0000000000E+00
    0.5311417210E-08    0.2227335265E-07   -0.4829009412E-08    0.0000000000E+00    0.0000000000E+00
   -0.1714315390E-08   -0.7100802446E-08    0.1610196515E-08    0.0000000000E+00    0.0000000000E+00
    0.5103373843E-09    0.2096057366E-08   -0.4890979776E-09    0.0000000000E+00    0.0000000000E+00
   -0.1345021459E-09   -0.5492292039E-09    0.1305564800E-09    0.0000000000E+00    0.0000000000E+00
    0.2931522126E-10    0.1192290681E-09   -0.2868847661E-10    0.0000000000E+00    0.0000000000E+00
   -0.4659963785E-11   -0.1890056397E-10    0.4584496916E-11    0.0000000000E+00    0.0000000000E+00
    0.4001758504E-12    0.1620004557E-11   -0.3950544866E-12    0.0000000000E+00    0.0000000000E+00
 l,ispin:           2           2
 psi n=1,noccmax(l):
   -0.2558846427E-02   -0.1039858309E-02    0.1984737050E-02    0.0000000000E+00    0.0000000000E+00
    0.9355638074E-02    0.4347740902E-02   -0.7825634265E-02    0.0000000000E+00    0.0000000000E+00
   -0.1963752820E-01   -0.1135859792E-01    0.1875867560E-01    0.0000000000E+00    0.0000000000E+00
    0.3002521762E-01    0.2038222247E-01   -0.3184142685E-01    0.0000000000E+00    0.0000000000E+00
   -0.3432618983E-01   -0.2368298451E-01    0.3682666346E-01    0.0000000000E+00    0.0000000000E+00
    0.3150440148E-01    0.1945490642E-01   -0.3145324800E-01    0.0000000000E+00    0.0000000000E+00
   -0.2676954618E-01   -0.1449974579E-01    0.2463603524E-01    0.0000000000E+00    0.0000000000E+00
    0.2422311110E-01    0.1395285931E-01   -0.2320115981E-01    0.0000000000E+00    0.0000000000E+00
   -0.1757593472E-01   -0.7517320922E-02    0.1414383622E-01    0.0000000000E+00    0.0000000000E+00
    0.1652819663E-01    0.9414388259E-02   -0.1576597940E-01    0.0000000000E+00    0.0000000000E+00
   -0.1186432476E-01   -0.5492624080E-02    0.1002005936E-01    0.0000000000E+00    0.0000000000E+00
    0.1149615716E-01    0.7690252561E-02   -0.1224819255E-01    0.0000000000E+00    0.0000000000E+00
   -0.7258616188E-02   -0.3622007617E-02    0.6542845200E-02    0.0000000000E+00    0.0000000000E+00
    0.7090365177E-02    0.5393263526E-02   -0.8446729886E-02    0.0000000000E+00    0.0000000000E+00
   -0.3510430997E-02   -0.1613307746E-02    0.3186610282E-02    0.0000000000E+00    0.0000000000E+00
    0.4255034025E-02    0.4193467398E-02   -0.6178143307E-02    0.0000000000E+00    0.0000000000E+00
   -0.2086752357E-02   -0.2241049706E-02    0.3476944852E-02    0.0000000000E+00    0.0000000000E+00
    0.1914130567E-02    0.3249457032E-02   -0.4741953117E-02    0.0000000000E+00    0.0000000000E+00
   -0.3195100201E-03   -0.1768462270E-02    0.2614977179E-02    0.0000000000E+00    0.0000000000E+00
    0.6224116943E-03    0.3150240224E-02   -0.4549618647E-02    0.0000000000E+00    0.0000000000E+00
    0.6298191302E-03   -0.1635366727E-02    0.2669023204E-02    0.0000000000E+00    0.0000000000E+00
   -0.9953324079E-04    0.2469596144E-02   -0.4202525158E-02    0.0000000000E+00    0.0000000000E+00
    0.5728546384E-03   -0.1243005887E-02    0.3071516381E-02    0.0000000000E+00    0.0000000000E+00
   -0.3585930363E-04    0.1943599503E-02   -0.6816638223E-02    0.0000000000E+00    0.0000000000E+00
    0.4544410732E-03   -0.1689608872E-03    0.7173103012E-02    0.0000000000E+00    0.0000000000E+00
   -0.1081475736E-04   -0.6664164325E-03   -0.2466491266E-02    0.0000000000E+00    0.0000000000E+00
    0.1048248421E-04    0.1311162660E-03    0.1527565491E-03    0.0000000000E+00    0.0000000000E+00
   -0.4922706340E-05   -0.3841034405E-04   -0.1831357040E-04    0.0000000000E+00    0.0000000000E+00
    0.2069229725E-05    0.1266501501E-04    0.2173451881E-05    0.0000000000E+00    0.0000000000E+00
   -0.8263608424E-06   -0.4380129840E-05   -0.4164233239E-07    0.0000000000E+00    0.0000000000E+00
    0.3190902879E-06    0.1544515639E-05   -0.1307206666E-06    0.0000000000E+00    0.0000000000E+00
   -0.1198990131E-06   -0.5469455638E-06    0.7774308677E-07    0.0000000000E+00    0.0000000000E+00
    0.4387126300E-07    0.1923807366E-06   -0.3431467151E-07    0.0000000000E+00    0.0000000000E+00
   -0.1557010164E-07   -0.6648382602E-07    0.1340640522E-07    0.0000000000E+00    0.0000000000E+00
    0.5311417210E-08    0.2227335265E-07   -0.4829009412E-08    0.0000000000E+00    0.0000000000E+00
   -0.1714315390E-08   -0.7100802446E-08    0.1610196515E-08    0.0000000000E+00    0.0000000000E+00
    0.5103373843E-09    0.2096057366E-08   -0.4890979776E-09    0.0000000000E+00    0.0000000000E+00
   -0.1345021459E-09   -0.5492292039E-09    0.1305564800E-09    0.0000000000E+00    0.0000000000E+00
    0.2931522126E-10    0.1192290681E-09   -0.2868847661E-10    0.0000000000E+00    0.0000000000E+00
   -0.4659963785E-11   -0.1890056397E-10    0.4584496916E-11    0.0000000000E+00    0.0000000000E+00
    0.4001758504E-12    0.1620004557E-11   -0.3950544866E-12    0.0000000000E+00    0.0000000000E+00
 l,ispin:           3           1
 psi n=1,noccmax(l):
   -0.1196808292E-01   -0.1930948405E-01    0.5285400363E-01    0.0000000000E+00    0.0000000000E+00
    0.3274326517E-01    0.5283760597E-01   -0.1446102633E+00    0.0000000000E+00    0.0000000000E+00
   -0.4910740132E-01   -0.7927650423E-01    0.2168652620E+00    0.0000000000E+00    0.0000000000E+00
    0.5442546224E-01    0.8791831176E-01   -0.2403108117E+00    0.0000000000E+00    0.0000000000E+00
   -0.5039466400E-01   -0.8145204959E-01    0.2225492499E+00    0.0000000000E+00    0.0000000000E+00
    0.4163572270E-01    0.6731177578E-01   -0.1840198704E+00    0.0000000000E+00    0.0000000000E+00
   -0.3198237373E-01   -0.5172220839E-01    0.1415302283E+00    0.0000000000E+00    0.0000000000E+00
    0.2347501899E-01    0.3800656155E-01   -0.1040048012E+00    0.0000000000E+00    0.0000000000E+00
   -0.1663767966E-01   -0.2695266930E-01    0.7392077021E-01    0.0000000000E+00    0.0000000000E+00
    0.1162005767E-01    0.1887862015E-01   -0.5173381592E-01    0.0000000000E+00    0.0000000000E+00
   -0.7960777218E-02   -0.1296745145E-01    0.3561480826E-01    0.0000000000E+00    0.0000000000E+00
    0.5452233695E-02    0.8941586330E-02   -0.2449917839E-01    0.0000000000E+00    0.0000000000E+00
   -0.3648556844E-02   -0.6017283888E-02    0.1659550312E-01    0.0000000000E+00    0.0000000000E+00
    0.2468257916E-02    0.4129311245E-02   -0.1136962029E-01    0.0000000000E+00    0.0000000000E+00
   -0.1599991018E-02   -0.2712310331E-02    0.7604144985E-02    0.0000000000E+00    0.0000000000E+00
    0.1093291651E-02    0.1925114021E-02   -0.5330573915E-02    0.0000000000E+00    0.0000000000E+00
   -0.6888991067E-03   -0.1276176808E-02    0.3616921053E-02    0.0000000000E+00    0.0000000000E+00
    0.4378578106E-03    0.8943021587E-03   -0.2558846130E-02    0.0000000000E+00    0.0000000000E+00
   -0.2349720013E-03   -0.5716835089E-03    0.1741068400E-02    0.0000000000E+00    0.0000000000E+00
    0.1376320921E-03    0.4447421769E-03   -0.1352187023E-02    0.0000000000E+00    0.0000000000E+00
   -0.2779534952E-04   -0.2537669986E-03    0.9205140602E-03    0.0000000000E+00    0.0000000000E+00
    0.9838676992E-05    0.2214798809E-03   -0.8003593609E-03    0.0000000000E+00    0.0000000000E+00
    0.2365206992E-04   -0.1215105409E-03    0.6056119485E-03    0.0000000000E+00    0.0000000000E+00
   -0.7776323056E-05    0.1357182515E-03   -0.7715976664E-03    0.0000000000E+00    0.0000000000E+00
    0.3663723294E-04    0.4096559853E-04    0.4923097682E-03    0.0000000000E+00    0.0000000000E+00
    0.3240361670E-05   -0.5565063085E-04   -0.1043949907E-03    0.0000000000E+00    0.0000000000E+00
   -0.4784295661E-06    0.9154248764E-05   -0.6484302023E-05    0.0000000000E+00    0.0000000000E+00
    0.1024356074E-06   -0.2287855215E-05    0.3175648457E-05    0.0000000000E+00    0.0000000000E+00
   -0.2506850419E-07    0.6410785898E-06   -0.1071820107E-05    0.0000000000E+00    0.0000000000E+00
    0.6588927223E-08   -0.1875318214E-06    0.3398008059E-06    0.0000000000E+00    0.0000000000E+00
   -0.1808869207E-08    0.5576980939E-07   -0.1052316033E-06    0.0000000000E+00    0.0000000000E+00
    0.5095202234E-09   -0.1663859632E-07    0.3209214421E-07    0.0000000000E+00    0.0000000000E+00
   -0.1451281805E-09    0.4933375594E-08   -0.9633719345E-08    0.0000000000E+00    0.0000000000E+00
    0.4121485763E-10   -0.1440034018E-08    0.2832058408E-08    0.0000000000E+00    0.0000000000E+00
   -0.1148768627E-10    0.4088688124E-09   -0.8074047855E-09    0.0000000000E+00    0.0000000000E+00
    0.3080719862E-11   -0.1110075975E-09    0.2197265102E-09    0.0000000000E+00    0.0000000000E+00
   -0.7731621273E-12    0.2808690185E-10   -0.5566903972E-10    0.0000000000E+00    0.0000000000E+00
    0.1741568401E-12   -0.6360525402E-11    0.1261607097E-10    0.0000000000E+00    0.0000000000E+00
   -0.3289241657E-13    0.1205492013E-11   -0.2392028885E-11    0.0000000000E+00    0.0000000000E+00
    0.4596760538E-14   -0.1688530926E-12    0.3351168899E-12    0.0000000000E+00    0.0000000000E+00
   -0.3523748449E-15    0.1296301882E-13   -0.2572948839E-13    0.0000000000E+00    0.0000000000E+00
 l,ispin:           3           2
 psi n=1,noccmax(l):
   -0.1196808292E-01   -0.1930948405E-01    0.5285400363E-01    0.0000000000E+00    0.0000000000E+00
    0.3274326517E-01    0.5283760597E-01   -0.1446102633E+00    0.0000000000E+00    0.0000000000E+00
   -0.4910740132E-01   -0.7927650423E-01    0.2168652620E+00    0.0000000000E+00    0.0000000000E+00
    0.5442546224E-01    0.8791831176E-01   -0.2403108117E+00    0.0000000000E+00    0.0000000000E+00
   -0.5039466400E-01   -0.8145204959E-01    0.2225492499E+00    0.0000000000E+00    0.0000000000E+00
    0.4163572270E-01    0.6731177578E-01   -0.1840198704E+00    0.0000000000E+00    0.0000000000E+00
   -0.3198237373E-01   -0.5172220839E-01    0.1415302283E+00    0.0000000000E+00    0.0000000000E+00
    0.2347501899E-01    0.3800656155E-01   -0.1040048012E+00    0.0000000000E+00    0.0000000000E+00
   -0.1663767966E-01   -0.2695266930E-01    0.7392077021E-01    0.0000000000E+00    0.0000000000E+00
    0.1162005767E-01    0.1887862015E-01   -0.5173381592E-01    0.0000000000E+00    0.0000000000E+00
   -0.7960777218E-02   -0.1296745145E-01    0.3561480826E-01    0.0000000000E+00    0.0000000000E+00
    0.5452233695E-02    0.8941586330E-02   -0.2449917839E-01    0.0000000000E+00    0.0000000000E+00
   -0.3648556844E-02   -0.6017283888E-02    0.1659550312E-01    0.0000000000E+00    0.0000000000E+00
    0.2468257916E-02    0.4129311245E-02   -0.1136962029E-01    0.0000000000E+00    0.0000000000E+00
   -0.1599991018E-02   -0.2712310331E-02    0.7604144985E-02    0.0000000000E+00    0.0000000000E+00
    0.1093291651E-02    0.1925114021E-02   -0.5330573915E-02    0.0000000000E+00    0.0000000000E+00
   -0.6888991067E-03   -0.1276176808E-02    0.3616921053E-02    0.0000000000E+00    0.0000000000E+00
    0.4378578106E-03    0.8943021587E-03   -0.2558846130E-02    0.0000000000E+00    0.0000000000E+00
   -0.2349720013E-03   -0.5716835089E-03    0.1741068400E-02    0.0000000000E+00    0.0000000000E+00
    0.1376320921E-03    0.4447421769E-03   -0.1352187023E-02    0.0000000000E+00    0.0000000000E+00
   -0.2779534952E-04   -0.2537669986E-03    0.9205140602E-03    0.0000000000E+00    0.0000000000E+00
    0.9838676992E-05    0.2214798809E-03   -0.8003593609E-03    0.0000000000E+00    0.0000000000E+00
    0.2365206992E-04   -0.1215105409E-03    0.6056119485E-03    0.0000000000E+00    0.0000000000E+00
   -0.7776323056E-05    0.1357182515E-03   -0.7715976664E-03    0.0000000000E+00    0.0000000000E+00
    0.3663723294E-04    0.4096559853E-04    0.4923097682E-03    0.0000000000E+00    0.0000000000E+00
    0.3240361670E-05   -0.5565063085E-04   -0.1043949907E-03    0.0000000000E+00    0.0000000000E+00
   -0.4784295661E-06    0.9154248764E-05   -0.6484302023E-05    0.0000000000E+00    0.0000000000E+00
    0.1024356074E-06   -0.2287855215E-05    0.3175648457E-05    0.0000000000E+00    0.0000000000E+00
   -0.2506850419E-07    0.6410785898E-06   -0.1071820107E-05    0.0000000000E+00    0.0000000000E+00
    0.6588927223E-08   -0.1875318214E-06    0.3398008059E-06    0.0000000000E+00    0.0000000000E+00
   -0.1808869207E-08    0.5576980939E-07   -0.1052316033E-06    0.0000000000E+00    0.0000000000E+00
    0.5095202234E-09   -0.1663859632E-07    0.3209214421E-07    0.0000000000E+00    0.0000000000E+00
   -0.1451281805E-09    0.4933375594E-08   -0.9633719345E-08    0.0000000000E+00    0.0000000000E+00
    0.4121485763E-10   -0.1440034018E-08    0.2832058408E-08    0.0000000000E+00    0.0000000000E+00
   -0.1148768627E-10    0.4088688124E-09   -0.8074047855E-09    0.0000000000E+00    0.0000000000E+00
    0.3080719862E-11   -0.1110075975E-09    0.2197265102E-09    0.0000000000E+00    0.0000000000E+00
   -0.7731621273E-12    0.2808690185E-10   -0.5566903972E-10    0.0000000000E+00    0.0000000000E+00
    0.1741568401E-12   -0.6360525402E-11    0.1261607097E-10    0.0000000000E+00    0.0000000000E+00
   -0.3289241657E-13    0.1205492013E-11   -0.2392028885E-11    0.0000000000E+00    0.0000000000E+00
    0.4596760538E-14   -0.1688530926E-12    0.3351168899E-12    0.0000000000E+00    0.0000000000E+00
   -0.3523748449E-15    0.1296301882E-13   -0.2572948839E-13    0.0000000000E+00    0.0000000000E+00
