   40             4.00000 ng, rij 
     2.630     5.260                                       rcov,rprb 
 r                           (non)relativistic calculation
 PBE                         XC-functional
 93.000 33.000    0.2375000000    0.1513912568E+03   -0.1282282941E+02    0.0000000000E+00    0.0000000000E+00  znuc,zion,rloc,gpot()
   3                                                       lpx, (Projectors for l=0..lpx)
    0.1840112724    0.7333694570E+01    0.2033167549E+02   -0.5005605486E+02   -0.1463754866E+02    0.3779398812E+02   -0.2999804809E+02  r_l(),hsep(), so=+0.5
    0.2120575271    0.8002927656E+01    0.4215112699E+01   -0.1738925459E+02   -0.7449250484E+01    0.1762814408E+02   -0.1252841564E+02  r_l(),hsep(), so=+0.5
   -0.2817919756E+01   -0.3813113005E+01    0.2196706961E+02    0.1048464412E+02   -0.2481119643E+02    0.1763344911E+02         hsep(), so=-0.5
    0.5154333660    0.1497145788E+01   -0.9873793237E+00    0.1119582917E+01    0.0000000000E+00   -0.0000000000E+00    0.0000000000E+00  r_l(),hsep(), so=+0.5
    0.6510621706E+00   -0.4054495147E+00    0.4597365365E+00    0.0000000000E+00   -0.0000000000E+00    0.0000000000E+00         hsep(), so=-0.5
    0.2497131276   -0.6602456669E-01   -0.0000000000E+00    0.0000000000E+00    0.0000000000E+00   -0.0000000000E+00    0.0000000000E+00  r_l(),hsep(), so=+0.5
   -0.4041432007E+00   -0.0000000000E+00    0.0000000000E+00    0.0000000000E+00   -0.0000000000E+00    0.0000000000E+00         hsep(), so=-0.5
 ---------------------------------------------
 Additional information (last calculation):
 gaussian exponents:
 xp():   100.28772076662393        70.914127423822734        50.143860383311981        35.457063711911374        25.071930191655991        17.728531855955691        12.535965095828002        8.8642659279778488        6.2679825479140012        4.4321329639889253        3.1339912739570015        2.2160664819944631        1.5669956369785007        1.1080332409972318       0.78349781848925071       0.55401662049861611       0.39174890924462547       0.27700831024930811       0.19587445462231276       0.13850415512465405        9.7937227311156422E-002   6.9252077562327055E-002   4.8968613655578218E-002   3.4626038781163528E-002   2.4484306827789112E-002   1.7313019390581771E-002   1.2242153413894558E-002   8.6565096952908854E-003   6.1210767069472807E-003   4.3282548476454435E-003   3.0605383534736412E-003   2.1641274238227226E-003   1.5302691767368215E-003   1.0820637119113613E-003   7.6513458836841041E-004   5.4103185595568088E-004   3.8256729418420548E-004   2.7051592797784038E-004   1.9128364709210274E-004   1.3525796398892030E-004
 orbital coefficients (one orbital per column)
 l,ispin:           0           1
 psi n=1,noccmax(l):
   -0.9589865567E-01   -0.1669470613E-01    0.4004822182E-02   -0.2982097880E-02   -0.2004104082E-02    0.0000000000E+00    0.0000000000E+00   -0.3350520289E+00   -0.1702646667E+00
    0.6640657446E+00    0.1543456829E+00   -0.4266238079E-01    0.2745089871E-01    0.2055735747E-01    0.0000000000E+00    0.0000000000E+00    0.1183528477E+01    0.6322840154E+00
   -0.2429185091E+01   -0.6982434006E+00    0.2077423250E+00   -0.1244742172E+00   -0.9848882771E-01    0.0000000000E+00    0.0000000000E+00   -0.1601713628E+01   -0.9693676715E+00
    0.5946038857E+01    0.1949094905E+01   -0.6019965938E+00    0.3496533034E+00    0.2837036606E+00    0.0000000000E+00    0.0000000000E+00   -0.1738518337E+00    0.2838701815E+00
   -0.9651762692E+01   -0.3205100636E+01    0.9960370070E+00   -0.5812060550E+00   -0.4707807360E+00    0.0000000000E+00    0.0000000000E+00    0.3792880871E+01    0.1444964405E+01
    0.6623629770E+01    0.8163339851E+00   -0.1521562661E+00    0.1617124428E+00    0.8749140624E-01    0.0000000000E+00    0.0000000000E+00   -0.2500405001E+01   -0.9032117538E+00
    0.6477085119E+01    0.7048447271E+01   -0.2582207367E+01    0.1258660195E+01    0.1171111584E+01    0.0000000000E+00    0.0000000000E+00   -0.5653450747E+01   -0.4597423857E+01
    0.1030880414E+01   -0.2987687564E+01    0.1257841199E+01   -0.5275368187E+00   -0.5533715005E+00    0.0000000000E+00    0.0000000000E+00   -0.8861385131E+01    0.8600720477E+00
   -0.2122064794E+02   -0.1072414009E+02    0.3550800982E+01   -0.2064032973E+01   -0.1693377518E+01    0.0000000000E+00    0.0000000000E+00    0.3003998265E+02    0.1135222680E+02
    0.6710225699E+01    0.2365505247E+01   -0.6981518277E+00    0.5881761662E+00    0.3883342030E+00    0.0000000000E+00    0.0000000000E+00   -0.6818028200E+01   -0.2501997586E+01
   -0.3279598869E+01    0.3043256906E+00   -0.2968772656E+00   -0.9260205206E-01    0.6317586872E-01    0.0000000000E+00    0.0000000000E+00    0.6502341283E+00   -0.1269683349E+01
    0.8037033776E+01    0.4619343799E+01   -0.1459807648E+01    0.1068137447E+01    0.7743511985E+00    0.0000000000E+00    0.0000000000E+00   -0.7666175809E+01   -0.3606938686E+01
   -0.1117909858E+01    0.1221883106E+01   -0.7756517177E+00    0.9073971634E-01    0.2583379969E+00    0.0000000000E+00    0.0000000000E+00   -0.8166106418E+00   -0.1334974392E+01
    0.3097829007E+01    0.2128116503E+01   -0.6128977862E+00    0.7115595462E+00    0.4387008930E+00    0.0000000000E+00    0.0000000000E+00   -0.2343230619E+01   -0.1185666630E+01
   -0.1487398434E+01   -0.1058504254E+01    0.1726073100E+00   -0.5259344709E+00   -0.2682158118E+00    0.0000000000E+00    0.0000000000E+00    0.3996230263E+00    0.3223406813E+00
    0.1170064479E+01   -0.2416562385E+00    0.4298102005E+00    0.2587293710E+00    0.3592988065E-01    0.0000000000E+00    0.0000000000E+00   -0.4835949161E+00    0.2261395797E+00
   -0.8034700877E+00   -0.1238787563E+01    0.5047632090E+00   -0.8650083639E+00   -0.6095191911E+00    0.0000000000E+00    0.0000000000E+00    0.2495933070E+00    0.5253628342E+00
    0.5547613654E+00   -0.8424946450E-01    0.4316846200E+00    0.3700825436E+00    0.2063723140E+00    0.0000000000E+00    0.0000000000E+00   -0.1493876766E+00    0.1838916016E+00
   -0.3792148362E+00   -0.4103828902E+00   -0.2709685261E+00   -0.3532579068E+00   -0.2143972184E+00    0.0000000000E+00    0.0000000000E+00    0.8651031003E-01    0.1673655994E+00
    0.2568706910E+00    0.1281809351E+00    0.6644417110E+00   -0.3147990106E+00   -0.5263424302E+00    0.0000000000E+00    0.0000000000E+00   -0.4963390535E-01    0.3247319620E-01
   -0.1724906660E+00   -0.1261589954E+00   -0.4917742457E+00    0.6975031373E+00    0.1144998353E+01    0.0000000000E+00    0.0000000000E+00    0.2818135145E-01    0.3090626934E-01
    0.1148839216E+00    0.8364341481E-01    0.8311982652E-01   -0.6399963650E+00   -0.1466414579E+01    0.0000000000E+00    0.0000000000E+00   -0.1584251020E-01   -0.5777777323E-02
   -0.7592983786E-01   -0.5764504321E-01   -0.1960966111E+00    0.5852212712E+00    0.1774164735E+01    0.0000000000E+00    0.0000000000E+00    0.8822327926E-02    0.5728153839E-02
    0.4981874560E-01    0.3896919491E-01   -0.5037108806E-01   -0.8120181921E-02   -0.1152874274E+01    0.0000000000E+00    0.0000000000E+00   -0.4868931648E-02   -0.3077656588E-02
   -0.3245446287E-01   -0.2593315735E-01   -0.6992747805E-01    0.1994694212E+00    0.1583418758E+01    0.0000000000E+00    0.0000000000E+00    0.2663759655E-02    0.1745631319E-02
    0.2098919101E-01    0.1697534886E-01    0.6996914136E-02   -0.6272426791E-01   -0.1124166607E+01    0.0000000000E+00    0.0000000000E+00   -0.1444652199E-02   -0.9631659305E-03
   -0.1346838534E-01   -0.1091982029E-01   -0.1000212425E-01   -0.1972621235E+00   -0.9729590542E+00    0.0000000000E+00    0.0000000000E+00    0.7763633776E-03    0.5193733105E-03
    0.8565715485E-02    0.6894846474E-02    0.5966685751E-02   -0.1636250141E-01    0.1225230810E+01    0.0000000000E+00    0.0000000000E+00   -0.4130565697E-03   -0.2734303503E-03
   -0.5389855924E-02   -0.4266262698E-02   -0.3520064414E-02    0.1350494591E-01   -0.4362967418E+00    0.0000000000E+00    0.0000000000E+00    0.2172360923E-03    0.1404066286E-03
    0.3346686149E-02    0.2581288698E-02    0.2025888170E-02   -0.8563309471E-02    0.1956977684E+00    0.0000000000E+00    0.0000000000E+00   -0.1126729334E-03   -0.7024739026E-04
   -0.2042859414E-02   -0.1522610553E-02   -0.1134835834E-02    0.4997956744E-02   -0.9446778630E-01    0.0000000000E+00    0.0000000000E+00    0.5743931813E-04    0.3419196667E-04
    0.1219386695E-02    0.8719387447E-03    0.6171759276E-03   -0.2768367415E-02    0.4658144781E-01    0.0000000000E+00    0.0000000000E+00   -0.2864437378E-04   -0.1615244035E-04
   -0.7064864509E-03   -0.4818864412E-03   -0.3245373309E-03    0.1466502308E-02   -0.2288132296E-01    0.0000000000E+00    0.0000000000E+00    0.1388123023E-04    0.7376640059E-05
    0.3932129352E-03    0.2548186514E-03    0.1638584783E-03   -0.7418428288E-03    0.1100220551E-01    0.0000000000E+00    0.0000000000E+00   -0.6476400954E-05   -0.3235589645E-05
   -0.2071991974E-03   -0.1273116506E-03   -0.7853199548E-04    0.3552714776E-03   -0.5088794266E-02    0.0000000000E+00    0.0000000000E+00    0.2870944878E-05    0.1348785840E-05
    0.1012455487E-03    0.5898163052E-04    0.3508601587E-04   -0.1584230895E-03    0.2214975698E-02    0.0000000000E+00    0.0000000000E+00   -0.1186395790E-05   -0.5254879017E-06
   -0.4451430679E-04   -0.2463236670E-04   -0.1420790078E-04    0.6400769611E-04   -0.8798764043E-03    0.0000000000E+00    0.0000000000E+00    0.4443475767E-06    0.1863738840E-06
    0.1683060138E-04    0.8877290529E-05    0.4991023817E-05   -0.2243537606E-04    0.3047455259E-03    0.0000000000E+00    0.0000000000E+00   -0.1444773715E-06   -0.5771101779E-07
   -0.5091923523E-05   -0.2572048938E-05   -0.1416311417E-05    0.6354021084E-05   -0.8558303343E-04    0.0000000000E+00    0.0000000000E+00    0.3803082428E-07    0.1456011453E-07
    0.1083716050E-05    0.5271162774E-06    0.2854890688E-06   -0.1278672276E-05    0.1711996256E-04    0.0000000000E+00    0.0000000000E+00   -0.7139697861E-08   -0.2637147676E-08
   -0.1199414037E-06   -0.5650202006E-07   -0.3020726350E-07    0.1351126662E-06   -0.1801355867E-05    0.0000000000E+00    0.0000000000E+00    0.7077371954E-09    0.2538091744E-09
 l,ispin:           1           1
 psi n=1,noccmax(l):
   -0.3350520289E+00   -0.1702646667E+00   -0.4980763984E-01   -0.3254910911E-01    0.3917854207E-01    0.0000000000E+00    0.0000000000E+00   -0.3910057861E+01    0.8091536744E+00
    0.1183528477E+01    0.6322840154E+00    0.1858301811E+00    0.1187305080E+00   -0.1501610848E+00    0.0000000000E+00    0.0000000000E+00    0.1336530117E+02   -0.2784258674E+01
   -0.1601713628E+01   -0.9693676715E+00   -0.2877726386E+00   -0.1696651154E+00    0.2528881468E+00    0.0000000000E+00    0.0000000000E+00   -0.2345100197E+02    0.4916222772E+01
   -0.1738518337E+00    0.2838701815E+00    0.9230366379E-01   -0.3015666579E-02   -0.1622192291E+00    0.0000000000E+00    0.0000000000E+00    0.2616779356E+02   -0.5484141762E+01
    0.3792880871E+01    0.1444964405E+01    0.4131951990E+00    0.4027307042E+00   -0.1407133730E+00    0.0000000000E+00    0.0000000000E+00   -0.1738159874E+02    0.3519441374E+01
   -0.2500405001E+01   -0.9032117538E+00   -0.2600801601E+00   -0.3135533892E+00    0.8078074117E-02    0.0000000000E+00    0.0000000000E+00    0.6383771882E+01   -0.1064225042E+01
   -0.5653450747E+01   -0.4597423857E+01   -0.1398507052E+01   -0.8951368343E+00    0.1140871677E+01    0.0000000000E+00    0.0000000000E+00   -0.1529768967E+02    0.3503292819E+01
   -0.8861385131E+01    0.8600720477E+00    0.4244027509E+00    0.1847373162E+00   -0.5146817241E+00    0.0000000000E+00    0.0000000000E+00    0.2207459309E+02   -0.5950084304E+01
    0.3003998265E+02    0.1135222680E+02    0.3207140464E+01    0.2492908247E+01   -0.1946821548E+01    0.0000000000E+00    0.0000000000E+00    0.1294399062E+02   -0.2391345282E+01
   -0.6818028200E+01   -0.2501997586E+01   -0.7081882446E+00   -0.6669925463E+00    0.2797842252E+00    0.0000000000E+00    0.0000000000E+00   -0.8514155762E+01    0.2042156457E+01
    0.6502341283E+00   -0.1269683349E+01   -0.4344682040E+00   -0.1799208901E+00    0.4907820079E+00    0.0000000000E+00    0.0000000000E+00   -0.6386086139E+01    0.1841554967E+01
   -0.7666175809E+01   -0.3606938686E+01   -0.1032794604E+01   -0.8985818257E+00    0.5192049912E+00    0.0000000000E+00    0.0000000000E+00   -0.6439397485E+01    0.1500927169E+01
   -0.8166106418E+00   -0.1334974392E+01   -0.4630409041E+00   -0.2106112580E+00    0.4867504988E+00    0.0000000000E+00    0.0000000000E+00   -0.2219576765E+01    0.5670663379E+00
   -0.2343230619E+01   -0.1185666630E+01   -0.3134449972E+00   -0.3606535585E+00    0.6123169254E-01    0.0000000000E+00    0.0000000000E+00   -0.1198021427E+01    0.2658950099E+00
    0.3996230263E+00    0.3223406813E+00    0.6014966615E-01    0.1715657496E+00    0.9178468454E-01    0.0000000000E+00    0.0000000000E+00   -0.2014219373E+00    0.6272969022E-01
   -0.4835949161E+00    0.2261395797E+00    0.1464871034E+00   -0.1250610089E-01   -0.2195219866E+00    0.0000000000E+00    0.0000000000E+00   -0.1507617439E+00   -0.8376947789E-01
    0.2495933070E+00    0.5253628342E+00    0.1450120810E+00    0.2363619574E+00   -0.1765536002E-01    0.0000000000E+00    0.0000000000E+00    0.1943934510E-01   -0.9020089990E-01
   -0.1493876766E+00    0.1838916016E+00    0.1566883803E+00   -0.2799543242E-04   -0.1828050421E+00    0.0000000000E+00    0.0000000000E+00   -0.1913787597E-01   -0.8016522791E-01
    0.8651031003E-01    0.1673655994E+00   -0.6716502815E-01    0.4592480766E-01    0.1253940848E+00    0.0000000000E+00    0.0000000000E+00    0.8519658367E-02   -0.3487967893E-01
   -0.4963390535E-01    0.3247319620E-01    0.1834395809E+00    0.1025669125E+00   -0.2816713334E+00    0.0000000000E+00    0.0000000000E+00   -0.4238846551E-02   -0.2444789534E-01
    0.2818135145E-01    0.3090626934E-01   -0.1005644217E+00   -0.9921519164E-01    0.3068515649E+00    0.0000000000E+00    0.0000000000E+00    0.2051109817E-02   -0.1883375244E-01
   -0.1584251020E-01   -0.5777777323E-02    0.2338288261E-01    0.6599292661E-01   -0.3004648316E+00    0.0000000000E+00    0.0000000000E+00   -0.9806375620E-03   -0.4442152442E-02
    0.8822327926E-02    0.5728153839E-02   -0.2293491376E-01   -0.5522098396E-01    0.2998915053E+00    0.0000000000E+00    0.0000000000E+00    0.4630258875E-03   -0.4265437782E-02
   -0.4868931648E-02   -0.3077656588E-02   -0.1608105824E-01   -0.2527583258E-01   -0.1772069302E+00    0.0000000000E+00    0.0000000000E+00   -0.2159821241E-03   -0.8910347768E-03
    0.2663759655E-02    0.1745631319E-02   -0.1620039192E-01   -0.1835052057E-01    0.2350585229E+00    0.0000000000E+00    0.0000000000E+00    0.9954819985E-04   -0.5624064613E-03
   -0.1444652199E-02   -0.9631659305E-03   -0.5872211487E-02   -0.2007263760E-01   -0.1204100708E+00    0.0000000000E+00    0.0000000000E+00   -0.4533609399E-04    0.2836862864E-04
    0.7763633776E-03    0.5193733105E-03   -0.1548526256E-02    0.3653558493E-01   -0.1181330667E+00    0.0000000000E+00    0.0000000000E+00    0.2039393203E-04   -0.3847019366E-04
   -0.4130565697E-03   -0.2734303503E-03    0.4410050827E-03    0.7354320040E-03    0.1139415567E+00    0.0000000000E+00    0.0000000000E+00   -0.9054623263E-05    0.1639958054E-04
    0.2172360923E-03    0.1404066286E-03   -0.1952447495E-03   -0.4600931925E-03   -0.3336950296E-01    0.0000000000E+00    0.0000000000E+00    0.3962657085E-05   -0.6876726149E-05
   -0.1126729334E-03   -0.7024739026E-04    0.8972655694E-04    0.2327968774E-03    0.1238809726E-01    0.0000000000E+00    0.0000000000E+00   -0.1706055372E-05    0.2797787418E-05
    0.5743931813E-04    0.3419196667E-04   -0.4097420546E-04   -0.1114619452E-03   -0.4972299954E-02    0.0000000000E+00    0.0000000000E+00    0.7205490909E-06   -0.1105558620E-05
   -0.2864437378E-04   -0.1615244035E-04    0.1836418147E-04    0.5127568241E-04    0.2047675098E-02    0.0000000000E+00    0.0000000000E+00   -0.2973570485E-06    0.4245609464E-06
    0.1388123023E-04    0.7376640059E-05   -0.8021757605E-05   -0.2272699226E-04   -0.8439566921E-03    0.0000000000E+00    0.0000000000E+00    0.1192416349E-06   -0.1582482617E-06
   -0.6476400954E-05   -0.3235589645E-05    0.3389044522E-05    0.9678896542E-05    0.3422534940E-03    0.0000000000E+00    0.0000000000E+00   -0.4609906316E-07    0.5700460611E-07
    0.2870944878E-05    0.1348785840E-05   -0.1369372607E-05   -0.3927313775E-05   -0.1343041264E-03    0.0000000000E+00    0.0000000000E+00    0.1698683202E-07   -0.1967213814E-07
   -0.1186395790E-05   -0.5254879017E-06    0.5200681339E-06    0.1494566231E-05    0.4994419037E-04    0.0000000000E+00    0.0000000000E+00   -0.5865824457E-08    0.6405495490E-08
    0.4443475767E-06    0.1863738840E-06   -0.1807028859E-06   -0.5197254293E-06   -0.1709171219E-04    0.0000000000E+00    0.0000000000E+00    0.1849835748E-08   -0.1919476665E-08
   -0.1444773715E-06   -0.5771101779E-07    0.5505182583E-07    0.1583628361E-06    0.5150096756E-05    0.0000000000E+00    0.0000000000E+00   -0.5115466913E-09    0.5083676013E-09
    0.3803082428E-07    0.1456011453E-07   -0.1371371876E-07   -0.3944308278E-07   -0.1272752307E-05    0.0000000000E+00    0.0000000000E+00    0.1159576786E-09   -0.1111997367E-09
   -0.7139697861E-08   -0.2637147676E-08    0.2459599517E-08    0.7072229659E-08    0.2269636448E-06    0.0000000000E+00    0.0000000000E+00   -0.1902148843E-10    0.1772291404E-10
    0.7077371954E-09    0.2538091744E-09   -0.2349574953E-09   -0.6753732323E-09   -0.2159134053E-07    0.0000000000E+00    0.0000000000E+00    0.1674385399E-11   -0.1524875053E-11
 l,ispin:           1           2
 psi n=1,noccmax(l):
   -0.4442882720E+00    0.2302295560E+00    0.6383804608E-01    0.3821275453E-01   -0.4232606690E-01    0.0000000000E+00    0.0000000000E+00    0.3892900914E+01    0.9193941134E+00
    0.1561155050E+01   -0.8788274433E+00   -0.2448891691E+00   -0.1443455396E+00    0.1649554341E+00    0.0000000000E+00    0.0000000000E+00   -0.1330655751E+02   -0.3165248297E+01
   -0.1914059973E+01    0.1391889572E+01    0.3913481093E+00    0.2175599686E+00   -0.2780302522E+00    0.0000000000E+00    0.0000000000E+00    0.2335131969E+02    0.5592624070E+01
   -0.1535040429E+01   -0.3802655947E+00   -0.1156812798E+00   -0.6673110077E-02    0.1442118370E+00    0.0000000000E+00    0.0000000000E+00   -0.2607366330E+02   -0.6242782021E+01
    0.9775118507E+01   -0.2745071882E+01   -0.7517493120E+00   -0.5944604343E+00    0.3456193082E+00    0.0000000000E+00    0.0000000000E+00    0.1736453635E+02    0.4005938376E+01
   -0.1419022638E+02    0.3815844536E+01    0.1038030347E+01    0.8051795969E+00   -0.4930569093E+00    0.0000000000E+00    0.0000000000E+00   -0.6429089016E+01   -0.1200085527E+01
   -0.2880783810E+01    0.5777244418E+01    0.1703902041E+01    0.9978738066E+00   -0.1170500669E+01    0.0000000000E+00    0.0000000000E+00    0.1517721130E+02    0.3989367097E+01
    0.1605748774E+02   -0.1135532408E+02   -0.3292542359E+01   -0.2042854201E+01    0.2133086696E+01    0.0000000000E+00    0.0000000000E+00   -0.2184354073E+02   -0.6851780556E+01
    0.1483838040E+02   -0.7094029013E+01   -0.2008501142E+01   -0.1477772255E+01    0.1057056746E+01    0.0000000000E+00    0.0000000000E+00   -0.1277526069E+02   -0.2654232113E+01
   -0.9835684311E+01    0.5042175402E+01    0.1468729532E+01    0.1123598293E+01   -0.7424955829E+00    0.0000000000E+00    0.0000000000E+00    0.8395822325E+01    0.2322332115E+01
   -0.2215898051E+01    0.3264306477E+01    0.9704674872E+00    0.5015648458E+00   -0.7248535444E+00    0.0000000000E+00    0.0000000000E+00    0.6309778437E+01    0.2133201397E+01
   -0.7283234623E+01    0.3773548248E+01    0.1098197302E+01    0.8715366287E+00   -0.5364543336E+00    0.0000000000E+00    0.0000000000E+00    0.6284724586E+01    0.1664385340E+01
   -0.4544264778E+00    0.1173058574E+01    0.3881251630E+00    0.1239726464E+00   -0.3547761571E+00    0.0000000000E+00    0.0000000000E+00    0.2226303106E+01    0.7333759866E+00
   -0.1729363653E+01    0.5064645018E+00    0.1144207646E+00    0.2084515295E+00    0.3498030219E-01    0.0000000000E+00    0.0000000000E+00    0.1278959800E+01    0.2963841059E+00
    0.4972937576E+00   -0.7032173227E+00   -0.2196139727E+00   -0.2808743066E+00    0.5176042274E-01    0.0000000000E+00    0.0000000000E+00    0.1983036740E+00    0.1135370729E-01
   -0.3924764783E+00   -0.4890357467E+00   -0.2265091503E+00   -0.2443185659E-01    0.2109240052E+00    0.0000000000E+00    0.0000000000E+00    0.1467868967E+00   -0.1042467911E+00
    0.2220128068E+00   -0.5282617267E+00   -0.1893687481E+00   -0.2671198297E+00    0.8496182926E-01    0.0000000000E+00    0.0000000000E+00   -0.2211895834E-01   -0.1100541119E+00
   -0.1299048857E+00   -0.1641682209E+00   -0.1079785067E+00    0.6342312079E-01    0.7878572396E-01    0.0000000000E+00    0.0000000000E+00    0.1886118120E-01   -0.8491196294E-01
    0.7488936846E-01   -0.1209029735E+00    0.4803803692E-01   -0.8992134911E-01   -0.3311755974E-01    0.0000000000E+00    0.0000000000E+00   -0.8607111507E-02   -0.3828127196E-01
   -0.4271786779E-01   -0.8680351112E-02   -0.1373809696E+00   -0.2869711691E-01    0.1494742422E+00    0.0000000000E+00    0.0000000000E+00    0.4245186730E-02   -0.2584765116E-01
    0.2412311540E-01   -0.1647964375E-01    0.1136582673E+00    0.8736113150E-01   -0.2333395869E+00    0.0000000000E+00    0.0000000000E+00   -0.2048970698E-02   -0.1776547756E-01
   -0.1349582175E-01    0.6074315395E-02   -0.1570249181E-01   -0.5321596907E-01    0.2281585210E+00    0.0000000000E+00    0.0000000000E+00    0.9771663503E-03   -0.4377343286E-02
    0.7485166149E-02   -0.3927124006E-02    0.3502488636E-01    0.6961162703E-01   -0.2709322839E+00    0.0000000000E+00    0.0000000000E+00   -0.4604359096E-03   -0.3783673579E-02
   -0.4117950269E-02    0.2228896778E-02    0.1364421384E-01    0.1462836565E-01    0.1579129838E+00    0.0000000000E+00    0.0000000000E+00    0.2144281362E-03   -0.6741926987E-03
    0.2247943459E-02   -0.1250699415E-02    0.1453011741E-01    0.1801687668E-01   -0.2041165925E+00    0.0000000000E+00    0.0000000000E+00   -0.9871958336E-04   -0.4425219562E-03
   -0.1217660503E-02    0.6879840931E-03    0.2236377647E-02    0.1007370494E-02    0.1604994428E+00    0.0000000000E+00    0.0000000000E+00    0.4492971534E-04    0.4507219318E-04
    0.6542446155E-03   -0.3707765583E-03    0.1231793099E-02   -0.2821997324E-01    0.5170698893E-01    0.0000000000E+00    0.0000000000E+00   -0.2020824013E-04   -0.3517714126E-04
   -0.3483724312E-03    0.1955862835E-03   -0.5153955300E-03    0.5216722652E-03   -0.8370929375E-01    0.0000000000E+00    0.0000000000E+00    0.8975415094E-05    0.1517469235E-04
    0.1835598477E-03   -0.1008683443E-03    0.2491879276E-03    0.2500439144E-04    0.2540599240E-01    0.0000000000E+00    0.0000000000E+00   -0.3931345171E-05   -0.6376418073E-05
   -0.9548409560E-04    0.5078346657E-04   -0.1191514759E-03   -0.6090631229E-04   -0.9571348585E-02    0.0000000000E+00    0.0000000000E+00    0.1694810357E-05    0.2598531516E-05
    0.4886922800E-04   -0.2490928927E-04    0.5564851021E-04    0.4005090694E-04    0.3872660196E-02    0.0000000000E+00    0.0000000000E+00   -0.7170490394E-06   -0.1028432787E-05
   -0.2449129103E-04    0.1186812115E-04   -0.2529751825E-04   -0.2120002208E-04   -0.1602821113E-02    0.0000000000E+00    0.0000000000E+00    0.2965359630E-06    0.3955162433E-06
    0.1193828685E-04   -0.5467859138E-05    0.1115562350E-04    0.1013558595E-04    0.6628195065E-03    0.0000000000E+00    0.0000000000E+00   -0.1191958865E-06   -0.1476121726E-06
   -0.5606946146E-05    0.2418899892E-05   -0.4743968251E-05   -0.4514865682E-05   -0.2694194344E-03    0.0000000000E+00    0.0000000000E+00    0.4619941779E-07    0.5323172646E-07
    0.2503512048E-05   -0.1016344297E-05    0.1925665620E-05    0.1884223506E-05    0.1058964937E-03    0.0000000000E+00    0.0000000000E+00   -0.1706856418E-07   -0.1838685773E-07
   -0.1042400895E-05    0.3987663446E-06   -0.7337279041E-06   -0.7302271366E-06   -0.3942623704E-04    0.0000000000E+00    0.0000000000E+00    0.5909293749E-08    0.5991397468E-08
    0.3934020944E-06   -0.1422902276E-06    0.2555349197E-06    0.2570048116E-06    0.1350364228E-04    0.0000000000E+00    0.0000000000E+00   -0.1868104134E-08   -0.1796434228E-08
   -0.1288629876E-06    0.4428478707E-07   -0.7797947050E-07   -0.7894439966E-07   -0.4071398281E-05    0.0000000000E+00    0.0000000000E+00    0.5177511022E-09    0.4759963899E-09
    0.3415646961E-07   -0.1121923279E-07    0.1944833463E-07    0.1977001857E-07    0.1006610661E-05    0.0000000000E+00    0.0000000000E+00   -0.1175947718E-09   -0.1041552911E-09
   -0.6452561324E-08    0.2038800800E-08   -0.3491109775E-08   -0.3557996885E-08   -0.1795603378E-06    0.0000000000E+00    0.0000000000E+00    0.1932239050E-10    0.1660458931E-10
    0.6431152955E-09   -0.1967340938E-09    0.3336990799E-09    0.3406414257E-09    0.1708566784E-07    0.0000000000E+00    0.0000000000E+00   -0.1703237360E-11   -0.1428940542E-11
 l,ispin:           2           1
 psi n=1,noccmax(l):
   -0.3910057861E+01    0.8091536744E+00   -0.3655801602E+00    0.3070672470E+00    0.4045949066E+00    0.0000000000E+00    0.0000000000E+00   -0.9649750449E+01
    0.1336530117E+02   -0.2784258674E+01    0.1258419211E+01   -0.1056245697E+01   -0.1395546652E+01    0.0000000000E+00    0.0000000000E+00    0.2737742684E+02
   -0.2345100197E+02    0.4916222772E+01   -0.2223442675E+01    0.1855391187E+01    0.2494940502E+01    0.0000000000E+00    0.0000000000E+00   -0.4221665842E+02
    0.2616779356E+02   -0.5484141762E+01    0.2483385453E+01   -0.2024703011E+01   -0.2908216834E+01    0.0000000000E+00    0.0000000000E+00    0.4561760316E+02
   -0.1738159874E+02    0.3519441374E+01   -0.1599183739E+01    0.1176599533E+01    0.2191691426E+01    0.0000000000E+00    0.0000000000E+00   -0.3560293448E+02
    0.6383771882E+01   -0.1064225042E+01    0.4913143366E+00   -0.1554236033E+00   -0.1187134463E+01    0.0000000000E+00    0.0000000000E+00    0.1990268646E+02
   -0.1529768967E+02    0.3503292819E+01   -0.1599171920E+01    0.1199306641E+01    0.2151107942E+01    0.0000000000E+00    0.0000000000E+00   -0.1749938607E+02
    0.2207459309E+02   -0.5950084304E+01    0.2721616097E+01   -0.2274320248E+01   -0.3110074215E+01    0.0000000000E+00    0.0000000000E+00    0.2187907616E+02
    0.1294399062E+02   -0.2391345282E+01    0.1052837297E+01   -0.1166168565E+01   -0.4273015756E+00    0.0000000000E+00    0.0000000000E+00    0.1849421983E+01
   -0.8514155762E+01    0.2042156457E+01   -0.9112285251E+00    0.1008601969E+01    0.4008320925E+00    0.0000000000E+00    0.0000000000E+00   -0.4520589468E+01
   -0.6386086139E+01    0.1841554967E+01   -0.8515785640E+00    0.6499227920E+00    0.1136525561E+01    0.0000000000E+00    0.0000000000E+00   -0.5281487536E+01
   -0.6439397485E+01    0.1500927169E+01   -0.6661769063E+00    0.7240163381E+00    0.3217185685E+00    0.0000000000E+00    0.0000000000E+00   -0.3356296956E+01
   -0.2219576765E+01    0.5670663379E+00   -0.2716456228E+00    0.1634724553E+00    0.4810808387E+00    0.0000000000E+00    0.0000000000E+00   -0.1827392482E+01
   -0.1198021427E+01    0.2658950099E+00   -0.1072298485E+00    0.1684535942E+00   -0.8709043746E-01    0.0000000000E+00    0.0000000000E+00   -0.9461331787E+00
   -0.2014219373E+00    0.6272969022E-01   -0.3845560860E-01   -0.2134410788E-01    0.1795444397E+00    0.0000000000E+00    0.0000000000E+00   -0.4161568557E+00
   -0.1507617439E+00   -0.8376947789E-01    0.5345735468E-01   -0.6815605068E-02   -0.1682292731E+00    0.0000000000E+00    0.0000000000E+00   -0.1809013883E+00
    0.1943934510E-01   -0.9020089990E-01    0.3027738325E-01   -0.6400987296E-01    0.6178217734E-01    0.0000000000E+00    0.0000000000E+00   -0.6665127672E-01
   -0.1913787597E-01   -0.8016522791E-01    0.5537170270E-01   -0.2680206933E-01   -0.1291996812E+00    0.0000000000E+00    0.0000000000E+00   -0.2483228084E-01
    0.8519658367E-02   -0.3487967893E-01   -0.4816025373E-02   -0.1160201381E-01    0.7245390731E-01    0.0000000000E+00    0.0000000000E+00   -0.7757950657E-02
   -0.4238846551E-02   -0.2444789534E-01    0.3433774008E-01   -0.2606695353E-01   -0.1004098446E+00    0.0000000000E+00    0.0000000000E+00   -0.3182134259E-02
    0.2051109817E-02   -0.1883375244E-01   -0.3150285759E-02   -0.1884007803E-04    0.6351971766E-01    0.0000000000E+00    0.0000000000E+00   -0.7898740258E-03
   -0.9806375620E-03   -0.4442152442E-02    0.4244008546E-02   -0.1217425312E-02   -0.5501105542E-01    0.0000000000E+00    0.0000000000E+00   -0.2646015781E-03
    0.4630258875E-03   -0.4265437782E-02    0.3297935238E-02   -0.7901045511E-02    0.3451180799E-01    0.0000000000E+00    0.0000000000E+00   -0.5615567007E-04
   -0.2159821241E-03   -0.8910347768E-03   -0.1242613759E-02    0.8785916105E-02   -0.2052037437E-01    0.0000000000E+00    0.0000000000E+00   -0.1491582703E-04
    0.9954819985E-04   -0.5624064613E-03   -0.1122560645E-02   -0.3395834781E-02    0.2185365340E-01    0.0000000000E+00    0.0000000000E+00   -0.4879285921E-06
   -0.4533609399E-04    0.2836862864E-04   -0.1840681830E-02    0.1100917105E-01    0.1023198406E-01    0.0000000000E+00    0.0000000000E+00   -0.4851609011E-06
    0.2039393203E-04   -0.3847019366E-04   -0.9957455924E-03   -0.4727146362E-02   -0.2689674444E-01    0.0000000000E+00    0.0000000000E+00    0.1533151371E-06
   -0.9054623263E-05    0.1639958054E-04    0.1034557458E-03   -0.1005715708E-02    0.1338695480E-01    0.0000000000E+00    0.0000000000E+00   -0.5530110387E-07
    0.3962657085E-05   -0.6876726149E-05   -0.2945708623E-04    0.2816935552E-03   -0.2949363510E-02    0.0000000000E+00    0.0000000000E+00    0.1941026836E-07
   -0.1706055372E-05    0.2797787418E-05    0.9811436141E-05   -0.9184843571E-04    0.8726531667E-03    0.0000000000E+00    0.0000000000E+00   -0.6621537666E-08
    0.7205490909E-06   -0.1105558620E-05   -0.3432552847E-05    0.3165592635E-04   -0.2851891820E-03    0.0000000000E+00    0.0000000000E+00    0.2197174991E-08
   -0.2973570485E-06    0.4245609464E-06    0.1217135948E-05   -0.1110601842E-04    0.9676818706E-04    0.0000000000E+00    0.0000000000E+00   -0.7096493590E-09
    0.1192416349E-06   -0.1582482617E-06   -0.4297222821E-06    0.3890175878E-05   -0.3314376657E-04    0.0000000000E+00    0.0000000000E+00    0.2229106604E-09
   -0.4609906316E-07    0.5700460611E-07    0.1490804582E-06   -0.1341423474E-05    0.1125210127E-04    0.0000000000E+00    0.0000000000E+00   -0.6785206003E-10
    0.1698683202E-07   -0.1967213814E-07   -0.5010725459E-07    0.4487469368E-06   -0.3722993013E-05    0.0000000000E+00    0.0000000000E+00    0.1985914577E-10
   -0.5865824457E-08    0.6405495490E-08    0.1601440954E-07   -0.1428980440E-06    0.1176292816E-05    0.0000000000E+00    0.0000000000E+00   -0.5511263488E-11
    0.1849835748E-08   -0.1919476665E-08   -0.4735981928E-08    0.4214073042E-07   -0.3449524809E-06    0.0000000000E+00    0.0000000000E+00    0.1416635564E-11
   -0.5115466913E-09    0.5083676013E-09    0.1242619347E-08   -0.1103298926E-07    0.8995155184E-07    0.0000000000E+00    0.0000000000E+00   -0.3244674567E-12
    0.1159576786E-09   -0.1111997367E-09   -0.2700071729E-09    0.2393417833E-08   -0.1945745197E-07    0.0000000000E+00    0.0000000000E+00    0.6199708495E-13
   -0.1902148843E-10    0.1772291404E-10    0.4283060125E-10   -0.3791934873E-09    0.3076339873E-08    0.0000000000E+00    0.0000000000E+00   -0.8734546011E-14
    0.1674385399E-11   -0.1524875053E-11   -0.3672780543E-11    0.3248631750E-10   -0.2631685623E-09    0.0000000000E+00    0.0000000000E+00    0.6733493991E-15
 l,ispin:           2           2
 psi n=1,noccmax(l):
    0.3892900914E+01    0.9193941134E+00   -0.3787256612E+00   -0.3221757686E+00    0.4193561973E+00    0.0000000000E+00    0.0000000000E+00   -0.1011672084E+02
   -0.1330655751E+02   -0.3165248297E+01    0.1304337361E+01    0.1108923696E+01   -0.1447027169E+01    0.0000000000E+00    0.0000000000E+00    0.2873498452E+02
    0.2335131969E+02    0.5592624070E+01   -0.2305692643E+01   -0.1950135243E+01    0.2587633957E+01    0.0000000000E+00    0.0000000000E+00   -0.4437605158E+02
   -0.2607366330E+02   -0.6242782021E+01    0.2575086869E+01    0.2133083432E+01   -0.3014649477E+01    0.0000000000E+00    0.0000000000E+00    0.4800990399E+02
    0.1736453635E+02    0.4005938376E+01   -0.1653022980E+01   -0.1248744886E+01    0.2263545243E+01    0.0000000000E+00    0.0000000000E+00   -0.3742139361E+02
   -0.6429089016E+01   -0.1200085527E+01    0.4949784980E+00    0.1772663989E+00   -0.1210491915E+01    0.0000000000E+00    0.0000000000E+00    0.2063263477E+02
    0.1517721130E+02    0.3989367097E+01   -0.1655066642E+01   -0.1272327900E+01    0.2223702455E+01    0.0000000000E+00    0.0000000000E+00   -0.1794284911E+02
   -0.2184354073E+02   -0.6851780556E+01    0.2858012139E+01    0.2424041167E+01   -0.3257007670E+01    0.0000000000E+00    0.0000000000E+00    0.2330789443E+02
   -0.1277526069E+02   -0.2654232113E+01    0.1075405372E+01    0.1179314508E+01   -0.4376154343E+00    0.0000000000E+00    0.0000000000E+00    0.1475179815E+01
    0.8395822325E+01    0.2322332115E+01   -0.9546217048E+00   -0.1042559407E+01    0.4322007322E+00    0.0000000000E+00    0.0000000000E+00   -0.5134259499E+01
    0.6309778437E+01    0.2133201397E+01   -0.8969556892E+00   -0.7027075062E+00    0.1188745252E+01    0.0000000000E+00    0.0000000000E+00   -0.5626995786E+01
    0.6284724586E+01    0.1664385340E+01   -0.6800497597E+00   -0.7332797650E+00    0.3295624582E+00    0.0000000000E+00    0.0000000000E+00   -0.3500802867E+01
    0.2226303106E+01    0.7333759866E+00   -0.3156971859E+00   -0.2099261218E+00    0.5271332753E+00    0.0000000000E+00    0.0000000000E+00   -0.1885656312E+01
    0.1278959800E+01    0.2963841059E+00   -0.1117540284E+00   -0.1692630615E+00   -0.8673082767E-01    0.0000000000E+00    0.0000000000E+00   -0.9612697881E+00
    0.1983036740E+00    0.1135370729E-01   -0.1258294286E-01    0.4238650972E-01    0.1587371920E+00    0.0000000000E+00    0.0000000000E+00   -0.4183517005E+00
    0.1467868967E+00   -0.1042467911E+00    0.5784442522E-01    0.1325215913E-01   -0.1745915667E+00    0.0000000000E+00    0.0000000000E+00   -0.1788322691E+00
   -0.2211895834E-01   -0.1100541119E+00    0.3670007195E-01    0.6884669385E-01    0.5661905194E-01    0.0000000000E+00    0.0000000000E+00   -0.6492536217E-01
    0.1886118120E-01   -0.8491196294E-01    0.5344320414E-01    0.2582827687E-01   -0.1274591347E+00    0.0000000000E+00    0.0000000000E+00   -0.2361808897E-01
   -0.8607111507E-02   -0.3828127196E-01   -0.4236746941E-02    0.1197589173E-01    0.7105044349E-01    0.0000000000E+00    0.0000000000E+00   -0.7285832542E-02
    0.4245186730E-02   -0.2584765116E-01    0.3417953576E-01    0.2615237921E-01   -0.9936962880E-01    0.0000000000E+00    0.0000000000E+00   -0.2853818516E-02
   -0.2048970698E-02   -0.1776547756E-01   -0.4902037937E-02   -0.2378958985E-02    0.6546350570E-01    0.0000000000E+00    0.0000000000E+00   -0.6669504347E-03
    0.9771663503E-03   -0.4377343286E-02    0.4256573482E-02    0.2244193610E-02   -0.5601093181E-01    0.0000000000E+00    0.0000000000E+00   -0.2198532005E-03
   -0.4604359096E-03   -0.3783673579E-02    0.2522783772E-02    0.5904727782E-02    0.3729123454E-01    0.0000000000E+00    0.0000000000E+00   -0.3849911094E-04
    0.2144281362E-03   -0.6741926987E-03   -0.1489067553E-02   -0.8251452712E-02   -0.2178943630E-01    0.0000000000E+00    0.0000000000E+00   -0.1091893375E-04
   -0.9871958336E-04   -0.4425219562E-03   -0.1323388066E-02    0.2443036480E-02    0.2414238436E-01    0.0000000000E+00    0.0000000000E+00    0.3639524995E-06
    0.4492971534E-04    0.4507219318E-04   -0.1820627421E-02   -0.1009984355E-01    0.6191555524E-02    0.0000000000E+00    0.0000000000E+00   -0.4842858793E-06
   -0.2020824013E-04   -0.3517714126E-04   -0.8904346167E-03    0.4772928480E-02   -0.2441537241E-01    0.0000000000E+00    0.0000000000E+00    0.1700183957E-06
    0.8975415094E-05    0.1517469235E-04    0.9655617436E-04    0.8400905381E-03    0.1274954797E-01    0.0000000000E+00    0.0000000000E+00   -0.6151997437E-07
   -0.3931345171E-05   -0.6376418073E-05   -0.2777706283E-04   -0.2368633145E-03   -0.2861890751E-02    0.0000000000E+00    0.0000000000E+00    0.2164113635E-07
    0.1694810357E-05    0.2598531516E-05    0.9310930823E-05    0.7739798694E-04    0.8539793486E-03    0.0000000000E+00    0.0000000000E+00   -0.7398385059E-08
   -0.7170490394E-06   -0.1028432787E-05   -0.3271550903E-05   -0.2670876572E-04   -0.2803969415E-03    0.0000000000E+00    0.0000000000E+00    0.2460296690E-08
    0.2965359630E-06    0.3955162433E-06    0.1163529747E-05    0.9378574892E-05    0.9541394776E-04    0.0000000000E+00    0.0000000000E+00   -0.7963124807E-09
   -0.1191958865E-06   -0.1476121726E-06   -0.4116568815E-06   -0.3287210881E-05   -0.3273992994E-04    0.0000000000E+00    0.0000000000E+00    0.2506179621E-09
    0.4619941779E-07    0.5323172646E-07    0.1430223293E-06    0.1134048998E-05    0.1112854277E-04    0.0000000000E+00    0.0000000000E+00   -0.7641545233E-10
   -0.1706856418E-07   -0.1838685773E-07   -0.4812027441E-07   -0.3795078355E-06   -0.3685146281E-05    0.0000000000E+00    0.0000000000E+00    0.2239751416E-10
    0.5909293749E-08    0.5991397468E-08    0.1539036580E-07    0.1208810269E-06    0.1164992251E-05    0.0000000000E+00    0.0000000000E+00   -0.6222984568E-11
   -0.1868104134E-08   -0.1796434228E-08   -0.4553705911E-08   -0.3565465066E-07   -0.3417716206E-06    0.0000000000E+00    0.0000000000E+00    0.1601076369E-11
    0.5177511022E-09    0.4759963899E-09    0.1195211012E-08    0.9336136064E-08    0.8914616940E-07    0.0000000000E+00    0.0000000000E+00   -0.3669812629E-12
   -0.1175947718E-09   -0.1041552911E-09   -0.2597691895E-09   -0.2025516975E-08   -0.1928686415E-07    0.0000000000E+00    0.0000000000E+00    0.7016012928E-13
    0.1932239050E-10    0.1660458931E-10    0.4121359461E-10    0.3209294664E-09    0.3049768756E-08    0.0000000000E+00    0.0000000000E+00   -0.9888886025E-14
   -0.1703237360E-11   -0.1428940542E-11   -0.3534541154E-11   -0.2749614533E-10   -0.2609194177E-09    0.0000000000E+00    0.0000000000E+00    0.7625867611E-15
 l,ispin:           3           1
 psi n=1,noccmax(l):
   -0.9649750449E+01   -0.9542931979E+00   -0.1266540153E+01   -0.7347527949E+00    0.2941810604E+00    0.0000000000E+00    0.0000000000E+00
    0.2737742684E+02    0.2704302372E+01    0.3582460916E+01    0.2138049740E+01   -0.6773184897E+00    0.0000000000E+00    0.0000000000E+00
   -0.4221665842E+02   -0.4167218261E+01   -0.5513154282E+01   -0.3358079809E+01    0.8670955655E+00    0.0000000000E+00    0.0000000000E+00
    0.4561760316E+02    0.4509499947E+01    0.5975944091E+01    0.3561442339E+01   -0.1144347917E+01    0.0000000000E+00    0.0000000000E+00
   -0.3560293448E+02   -0.3547153790E+01   -0.4751456798E+01   -0.2400024344E+01    0.2030414561E+01    0.0000000000E+00    0.0000000000E+00
    0.1990268646E+02    0.2027684514E+01    0.2800920349E+01    0.6937109749E+00   -0.3068139546E+01    0.0000000000E+00    0.0000000000E+00
   -0.1749938607E+02   -0.1772796684E+01   -0.2422976455E+01   -0.8335596863E+00    0.2050196403E+01    0.0000000000E+00    0.0000000000E+00
    0.2187907616E+02    0.2175607317E+01    0.2875613222E+01    0.1860641518E+01   -0.1757114294E+00    0.0000000000E+00    0.0000000000E+00
    0.1849421983E+01    0.1062995073E+00    0.1683518885E-01    0.1019041873E+01    0.2619093499E+01    0.0000000000E+00    0.0000000000E+00
   -0.4520589468E+01   -0.3890120917E+00   -0.4070921355E+00   -0.1162848240E+01   -0.2311921981E+01    0.0000000000E+00    0.0000000000E+00
   -0.5281487536E+01   -0.5371507327E+00   -0.7269198256E+00   -0.3463139989E+00    0.3690299764E+00    0.0000000000E+00    0.0000000000E+00
   -0.3356296956E+01   -0.2989763143E+00   -0.3353257240E+00   -0.7086551861E+00   -0.1258598052E+01    0.0000000000E+00    0.0000000000E+00
   -0.1827392482E+01   -0.1892110270E+00   -0.2626991936E+00   -0.7701187570E-01    0.2600006376E+00    0.0000000000E+00    0.0000000000E+00
   -0.9461331787E+00   -0.8114097467E-01   -0.8342465686E-01   -0.2445279525E+00   -0.4920975743E+00    0.0000000000E+00    0.0000000000E+00
   -0.4161568557E+00   -0.4454236417E-01   -0.6766706911E-01    0.2419442929E-01    0.1828626969E+00    0.0000000000E+00    0.0000000000E+00
   -0.1809013883E+00   -0.1294984395E-01   -0.7168136317E-02   -0.7533690616E-01   -0.1856717614E+00    0.0000000000E+00    0.0000000000E+00
   -0.6665127672E-01   -0.7059426704E-02   -0.1459706703E-01    0.2903776150E-01    0.1029286874E+00    0.0000000000E+00    0.0000000000E+00
   -0.2483228084E-01   -0.8120932180E-03    0.3955918711E-02   -0.2499383790E-01   -0.7422994060E-01    0.0000000000E+00    0.0000000000E+00
   -0.7757950657E-02    0.6962212263E-03   -0.2160113592E-02    0.1764600708E-01    0.5143853328E-01    0.0000000000E+00    0.0000000000E+00
   -0.3182134259E-02   -0.1701232351E-02   -0.3379902000E-04   -0.1342552832E-01   -0.3637426304E-01    0.0000000000E+00    0.0000000000E+00
   -0.7898740258E-03    0.1806537161E-02    0.1674555292E-02    0.1200772817E-01    0.2928829927E-01    0.0000000000E+00    0.0000000000E+00
   -0.2646015781E-03   -0.1340975460E-03    0.1229639353E-03   -0.7126317021E-02   -0.1989864080E-01    0.0000000000E+00    0.0000000000E+00
   -0.5615567007E-04    0.1502201950E-03    0.2525260939E-03    0.5998138203E-02    0.1673284381E-01    0.0000000000E+00    0.0000000000E+00
   -0.1491582703E-04    0.3158717868E-03    0.7980224106E-03   -0.2743719902E-02   -0.1100969834E-01    0.0000000000E+00    0.0000000000E+00
   -0.4879285921E-06    0.1874240300E-03    0.7121522594E-04    0.3069458307E-02    0.1165200456E-01    0.0000000000E+00    0.0000000000E+00
   -0.4851609011E-06    0.1822230516E-03    0.6366945658E-03   -0.1081508941E-02   -0.1047182406E-01    0.0000000000E+00    0.0000000000E+00
    0.1533151371E-06    0.7596591774E-04   -0.3915181232E-03   -0.8195161347E-03    0.4865189932E-02    0.0000000000E+00    0.0000000000E+00
   -0.5530110387E-07   -0.7339381316E-05   -0.2290810399E-04    0.5675922497E-03   -0.9629960763E-03    0.0000000000E+00    0.0000000000E+00
    0.1941026836E-07    0.1844720312E-05    0.5605564688E-05   -0.1177265933E-03    0.1294505161E-04    0.0000000000E+00    0.0000000000E+00
   -0.6621537666E-08   -0.5333075718E-06   -0.1531802182E-05    0.3064346472E-04    0.1346199676E-04    0.0000000000E+00    0.0000000000E+00
    0.2197174991E-08    0.1601389502E-06    0.4400178925E-06   -0.8606522929E-05   -0.5998748305E-05    0.0000000000E+00    0.0000000000E+00
   -0.7096493590E-09   -0.4840276020E-07   -0.1288208957E-06    0.2485730163E-05    0.2074170428E-05    0.0000000000E+00    0.0000000000E+00
    0.2229106604E-09    0.1451710527E-07    0.3777406729E-07   -0.7221051383E-06   -0.6591962210E-06    0.0000000000E+00    0.0000000000E+00
   -0.6785206003E-10   -0.4275375112E-08   -0.1094897297E-07    0.2078807483E-06    0.1994618412E-06    0.0000000000E+00    0.0000000000E+00
    0.1985914577E-10    0.1221838100E-08    0.3094096102E-08   -0.5844729617E-07   -0.5774054638E-07    0.0000000000E+00    0.0000000000E+00
   -0.5511263488E-11   -0.3332617488E-09   -0.8372599454E-09    0.1575565233E-07    0.1584217940E-07    0.0000000000E+00    0.0000000000E+00
    0.1416635564E-11    0.8459167408E-10    0.2113334176E-09   -0.3965590827E-08   -0.4030957251E-08    0.0000000000E+00    0.0000000000E+00
   -0.3244674567E-12   -0.1919865297E-10   -0.4777390271E-10    0.8945618053E-09    0.9154896797E-09    0.0000000000E+00    0.0000000000E+00
    0.6199708495E-13    0.3644107652E-11    0.9042630047E-11   -0.1690569105E-09   -0.1737490582E-09    0.0000000000E+00    0.0000000000E+00
   -0.8734546011E-14   -0.5109465321E-12   -0.1265374207E-11    0.2362951983E-10    0.2435049512E-10    0.0000000000E+00    0.0000000000E+00
    0.6733493991E-15    0.3925270931E-13    0.9707447274E-13   -0.1811225831E-11   -0.1869652451E-11    0.0000000000E+00    0.0000000000E+00
 l,ispin:           3           2
 psi n=1,noccmax(l):
   -0.1011672084E+02   -0.8933532134E+00   -0.1219232846E+01   -0.7063500956E+00    0.2543966809E+00    0.0000000000E+00    0.0000000000E+00
    0.2873498452E+02    0.2534174121E+01    0.3451966116E+01    0.2061219421E+01   -0.5657332615E+00    0.0000000000E+00    0.0000000000E+00
   -0.4437605158E+02   -0.3910478162E+01   -0.5319315063E+01   -0.3247524094E+01    0.6924552958E+00    0.0000000000E+00    0.0000000000E+00
    0.4800990399E+02    0.4237140829E+01    0.5772773756E+01    0.3449972616E+01   -0.9398081278E+00    0.0000000000E+00    0.0000000000E+00
   -0.3742139361E+02   -0.3330631763E+01   -0.4586592869E+01   -0.2309735204E+01    0.1835382636E+01    0.0000000000E+00    0.0000000000E+00
    0.2063263477E+02    0.1882635799E+01    0.2675873460E+01    0.6120467920E+00   -0.2926629130E+01    0.0000000000E+00    0.0000000000E+00
   -0.1794284911E+02   -0.1628866730E+01   -0.2292820456E+01   -0.7363883200E+00    0.1974498345E+01    0.0000000000E+00    0.0000000000E+00
    0.2330789443E+02    0.2070017109E+01    0.2811032112E+01    0.1844312559E+01   -0.4818032634E-01    0.0000000000E+00    0.0000000000E+00
    0.1475179815E+01    0.5450988241E-01   -0.4094315542E-01    0.9478699404E+00    0.2463404300E+01    0.0000000000E+00    0.0000000000E+00
   -0.5134259499E+01   -0.3934190211E+00   -0.4298018425E+00   -0.1192694242E+01   -0.2293071664E+01    0.0000000000E+00    0.0000000000E+00
   -0.5626995786E+01   -0.5120869312E+00   -0.7116209587E+00   -0.3439842031E+00    0.3248106719E+00    0.0000000000E+00    0.0000000000E+00
   -0.3500802867E+01   -0.2760645987E+00   -0.3181233073E+00   -0.6931577849E+00   -0.1219755666E+01    0.0000000000E+00    0.0000000000E+00
   -0.1885656312E+01   -0.1753835758E+00   -0.2506571718E+00   -0.6889620343E-01    0.2479300341E+00    0.0000000000E+00    0.0000000000E+00
   -0.9612697881E+00   -0.7239570830E-01   -0.7574790097E-01   -0.2363753514E+00   -0.4722756111E+00    0.0000000000E+00    0.0000000000E+00
   -0.4183517005E+00   -0.4040247898E-01   -0.6350928223E-01    0.2726817456E-01    0.1772582788E+00    0.0000000000E+00    0.0000000000E+00
   -0.1788322691E+00   -0.1074617563E-01   -0.5076661400E-02   -0.7268959343E-01   -0.1773968440E+00    0.0000000000E+00    0.0000000000E+00
   -0.6492536217E-01   -0.6187018641E-02   -0.1358459610E-01    0.2968354619E-01    0.9971767964E-01    0.0000000000E+00    0.0000000000E+00
   -0.2361808897E-01   -0.3651986904E-03    0.4409055875E-02   -0.2422462393E-01   -0.7081224929E-01    0.0000000000E+00    0.0000000000E+00
   -0.7285832542E-02    0.8248145052E-03   -0.1990094143E-02    0.1761977128E-01    0.4959939331E-01    0.0000000000E+00    0.0000000000E+00
   -0.2853818516E-02   -0.1612429467E-02    0.7096467261E-04   -0.1313821039E-01   -0.3479204831E-01    0.0000000000E+00    0.0000000000E+00
   -0.6669504347E-03    0.1842802830E-02    0.1729827645E-02    0.1195350416E-01    0.2833094497E-01    0.0000000000E+00    0.0000000000E+00
   -0.2198532005E-03   -0.1228939695E-03    0.1268083582E-03   -0.7043924144E-02   -0.1917194466E-01    0.0000000000E+00    0.0000000000E+00
   -0.3849911094E-04    0.1599256981E-03    0.2806305662E-03    0.5985922384E-02    0.1626350346E-01    0.0000000000E+00    0.0000000000E+00
   -0.1091893375E-04    0.3181604126E-03    0.7899682557E-03   -0.2729564630E-02   -0.1066652550E-01    0.0000000000E+00    0.0000000000E+00
    0.3639524995E-06    0.1886399292E-03    0.7892192727E-04    0.3057962101E-02    0.1136066461E-01    0.0000000000E+00    0.0000000000E+00
   -0.4842858793E-06    0.1816320398E-03    0.6241986396E-03   -0.1112820214E-02   -0.1033748363E-01    0.0000000000E+00    0.0000000000E+00
    0.1700183957E-06    0.7512937839E-04   -0.3899065374E-03   -0.7922839930E-03    0.4850365737E-02    0.0000000000E+00    0.0000000000E+00
   -0.6151997437E-07   -0.7278744731E-05   -0.2191356943E-04    0.5594548087E-03   -0.9750271906E-03    0.0000000000E+00    0.0000000000E+00
    0.2164113635E-07    0.1830407498E-05    0.5370998060E-05   -0.1162788033E-03    0.1934232180E-04    0.0000000000E+00    0.0000000000E+00
   -0.7398385059E-08   -0.5293174044E-06   -0.1467546614E-05    0.3029233865E-04    0.1149145004E-04    0.0000000000E+00    0.0000000000E+00
    0.2460296690E-08    0.1589691141E-06    0.4214556417E-06   -0.8511804854E-05   -0.5409763385E-05    0.0000000000E+00    0.0000000000E+00
   -0.7963124807E-09   -0.4805493811E-07   -0.1233622722E-06    0.2459064658E-05    0.1899313409E-05    0.0000000000E+00    0.0000000000E+00
    0.2506179621E-09    0.1441398039E-07    0.3616860406E-07   -0.7144903709E-06   -0.6077395338E-06    0.0000000000E+00    0.0000000000E+00
   -0.7641545233E-10   -0.4245250450E-08   -0.1048272179E-07    0.2057143141E-06    0.1845581579E-06    0.0000000000E+00    0.0000000000E+00
    0.2239751416E-10    0.1213278474E-08    0.2962177770E-08   -0.5784318984E-07   -0.5353892135E-07    0.0000000000E+00    0.0000000000E+00
   -0.6222984568E-11   -0.3309366205E-09   -0.8015364622E-09    0.1559374641E-07    0.1470838813E-07    0.0000000000E+00    0.0000000000E+00
    0.1601076369E-11    0.8400320262E-10    0.2023123855E-09   -0.3925007166E-08   -0.3745532079E-08    0.0000000000E+00    0.0000000000E+00
   -0.3669812629E-12   -0.1906537097E-10   -0.4573407149E-10    0.8854334792E-09    0.8511143323E-09    0.0000000000E+00    0.0000000000E+00
    0.7016012928E-13    0.3618846367E-11    0.8656471775E-11   -0.1673353628E-09   -0.1615870824E-09    0.0000000000E+00    0.0000000000E+00
   -0.9888886025E-14   -0.5074082846E-12   -0.1211332697E-11    0.2338924576E-10    0.2265117431E-10    0.0000000000E+00    0.0000000000E+00
    0.7625867611E-15    0.3898108896E-13    0.9292842561E-13   -0.1792827638E-11   -0.1739439781E-11    0.0000000000E+00    0.0000000000E+00
