   40             4.00000 ng, rij 
     1.000     8.000                                       rcov,rprb 
 r                           (non)relativistic calculation
 PBE                         XC-functional
 10.000  8.000    0.1600000000   -0.5166050518E+02    0.4466305286E+01    0.0000000000E+00    0.0000000000E+00  znuc,zion,rloc,gpot()
   1                                                       lpx, (Projectors for l=0..lpx)
    0.1759125715    0.3319429702E+02   -0.0000000000E+00    0.0000000000E+00    0.0000000000E+00   -0.0000000000E+00    0.0000000000E+00  r_l(),hsep(), so=+0.5
    0.1411199086    0.5699786214E+01   -0.0000000000E+00    0.0000000000E+00    0.0000000000E+00   -0.0000000000E+00    0.0000000000E+00  r_l(),hsep(), so=+0.5
    0.5653285579E+01   -0.0000000000E+00    0.0000000000E+00    0.0000000000E+00   -0.0000000000E+00    0.0000000000E+00         hsep(), so=-0.5
 ---------------------------------------------
 Additional information (last calculation):
 gaussian exponents:
 xp():   220.97086912079615        156.25000000000003        110.48543456039809        78.125000000000028        55.242717280199045        39.062500000000021        27.621358640099533        19.531250000000021        13.810679320049767        9.7656250000000107        6.9053396600248860        4.8828125000000062        3.4526698300124434        2.4414062500000036        1.7263349150062222        1.2207031250000020       0.86316745750311141       0.61035156250000122       0.43158372875155571       0.30517578125000061       0.21579186437577788       0.15258789062500036       0.10789593218788902        7.6293945312500208E-002   5.3947966093944505E-002   3.8146972656250111E-002   2.6973983046972256E-002   1.9073486328125059E-002   1.3486991523486131E-002   9.5367431640625312E-003   6.7434957617430692E-003   4.7683715820312665E-003   3.3717478808715346E-003   2.3841857910156337E-003   1.6858739404357673E-003   1.1920928955078175E-003   8.4293697021788419E-004   5.9604644775390853E-004   4.2146848510894215E-004   2.9802322387695443E-004
 orbital coefficients (one orbital per column)
 l,ispin:           0           1
 psi n=1,noccmax(l):
    0.6017109499E-04   -0.1054703080E-03   -0.9539385446E-04    0.0000000000E+00
    0.9863064304E-02    0.1182670681E-02    0.2051939552E-03    0.0000000000E+00
   -0.7775528898E-01   -0.1000033297E-01    0.3252099612E-02    0.0000000000E+00
    0.2086994018E+00    0.2951053253E-01   -0.1191220025E-01    0.0000000000E+00
   -0.2564925931E+00   -0.3882738656E-01    0.1349336324E-01    0.0000000000E+00
    0.1237075144E+00    0.2324479794E-01    0.4541729092E-03    0.0000000000E+00
   -0.3166942709E+00   -0.4760317495E-01    0.8870463369E-02    0.0000000000E+00
   -0.6066087132E+00   -0.6645748103E-01    0.6405222024E-01    0.0000000000E+00
    0.3474347325E+00    0.4862905547E-01   -0.5921823076E-01    0.0000000000E+00
   -0.1036513856E+01   -0.1322215048E+00    0.1142478728E+00    0.0000000000E+00
   -0.9759180113E+00   -0.1474008120E+00    0.4653213260E-01    0.0000000000E+00
   -0.4497680330E+00   -0.4609495379E-01    0.7452581494E-01    0.0000000000E+00
   -0.8535429421E-01   -0.3246217464E-01   -0.3407804528E-01    0.0000000000E+00
    0.3354589376E+00    0.7465420928E-01    0.1582673846E-01    0.0000000000E+00
    0.5331981288E+00    0.5143565050E-01   -0.9890346396E-01    0.0000000000E+00
    0.6081621715E+00    0.1301017229E+00   -0.4881336312E-03    0.0000000000E+00
    0.5618658458E+00    0.4848262772E-01   -0.1169593176E+00    0.0000000000E+00
    0.4682448945E+00    0.1652635794E+00    0.7053406575E-03    0.0000000000E+00
    0.3005441401E+00   -0.1510254340E-01   -0.1060442397E+00    0.0000000000E+00
    0.1812630532E+00    0.1051686003E+00    0.7115778966E-01    0.0000000000E+00
    0.8663056944E-01   -0.7891858675E-02   -0.1587018546E+00    0.0000000000E+00
    0.3189900730E-01    0.1236398636E+00    0.1169326577E+00    0.0000000000E+00
    0.6959845484E-02   -0.9714552286E-01   -0.1656986853E+00    0.0000000000E+00
    0.1329823462E-02    0.1065608654E+00    0.1862464775E+00    0.0000000000E+00
   -0.1537795302E-03   -0.1544460492E+00   -0.1606598975E+00    0.0000000000E+00
    0.1504013814E-03    0.8927529423E-01    0.1748463896E+00    0.0000000000E+00
   -0.1006356523E-03   -0.1193337380E+00   -0.1014277185E+00    0.0000000000E+00
    0.6702196380E-04    0.4043875354E-01    0.1026568007E+00    0.0000000000E+00
   -0.4392865667E-04   -0.6305695500E-01   -0.4014876954E-01    0.0000000000E+00
    0.2826667774E-04    0.9393257010E-02    0.8594609492E-01    0.0000000000E+00
   -0.1779637211E-04   -0.3870702978E-01    0.1599019775E+00    0.0000000000E+00
    0.1091076904E-04    0.5842245905E-02   -0.2231658685E+00    0.0000000000E+00
   -0.6469850592E-05   -0.4831586065E-02    0.2183389826E-01    0.0000000000E+00
    0.3674575067E-05    0.2766823843E-02   -0.5945758558E-02    0.0000000000E+00
   -0.1971015882E-05   -0.1432804432E-02    0.2007548413E-02    0.0000000000E+00
    0.9783780995E-06    0.6756160944E-03   -0.7149517746E-03    0.0000000000E+00
   -0.4361987795E-06   -0.2843114960E-03    0.2479504806E-03    0.0000000000E+00
    0.1669690527E-06    0.1026470873E-03   -0.7815044961E-04    0.0000000000E+00
   -0.5106287062E-07   -0.2969828248E-04    0.2054157203E-04    0.0000000000E+00
    0.1096937890E-07    0.6068460195E-05   -0.3921802157E-05    0.0000000000E+00
   -0.1223642859E-08   -0.6482448737E-06    0.3992861017E-06    0.0000000000E+00
 l,ispin:           1           1
 psi n=1,noccmax(l):
   -0.7178036778E-01    0.4032197735E-02    0.5374368666E-02    0.0000000000E+00
   -0.2240479314E-01    0.4414904005E-02    0.3958992498E-02    0.0000000000E+00
    0.2830087391E+00   -0.2560634513E-01   -0.2829523972E-01    0.0000000000E+00
    0.3084845388E+00   -0.7918677950E-02   -0.1595891375E-01    0.0000000000E+00
   -0.1230706622E+01    0.6361537813E-01    0.8771109098E-01    0.0000000000E+00
    0.1262350140E+01   -0.6272861328E-01   -0.8848414308E-01    0.0000000000E+00
    0.1969370237E+00   -0.3530052926E-01   -0.3248794364E-01    0.0000000000E+00
    0.2754961340E+01   -0.1598505583E+00   -0.2114875311E+00    0.0000000000E+00
    0.2093118390E+01   -0.1606931721E+00   -0.1880166029E+00    0.0000000000E+00
    0.2093095548E+01   -0.1137802157E+00   -0.1537529858E+00    0.0000000000E+00
    0.1850896563E+01   -0.1451829515E+00   -0.1695355333E+00    0.0000000000E+00
    0.1974628550E+01   -0.1092961456E+00   -0.1470967621E+00    0.0000000000E+00
    0.1621402423E+01   -0.1277907496E+00   -0.1493364547E+00    0.0000000000E+00
    0.1432201918E+01   -0.7739801011E-01   -0.1057021372E+00    0.0000000000E+00
    0.1039398991E+01   -0.8626383269E-01   -0.9949941921E-01    0.0000000000E+00
    0.7703512232E+00   -0.3715825912E-01   -0.5335818205E-01    0.0000000000E+00
    0.4995336714E+00   -0.4676390248E-01   -0.5277577334E-01    0.0000000000E+00
    0.3366518250E+00   -0.1499111106E-01   -0.2296894300E-01    0.0000000000E+00
    0.1841454727E+00   -0.1762101782E-01   -0.1952565650E-01    0.0000000000E+00
    0.1064730060E+00   -0.2072844932E-02   -0.2677114219E-02    0.0000000000E+00
    0.5425845524E-01   -0.8836363213E-02   -0.1433623883E-01    0.0000000000E+00
    0.2668077712E-01   -0.3460264785E-02    0.2474184805E-02    0.0000000000E+00
    0.9598675440E-02    0.6315532961E-02   -0.2631925253E-02    0.0000000000E+00
    0.3448643245E-02   -0.7599409087E-02    0.5169274747E-02    0.0000000000E+00
    0.5486054981E-03    0.1538104446E-01    0.3144796522E-02    0.0000000000E+00
    0.2203142554E-03   -0.1052418929E-01    0.2633785019E-02    0.0000000000E+00
   -0.5271381410E-04    0.1236270532E-01    0.3819561086E-02    0.0000000000E+00
    0.3593247516E-04   -0.5635172657E-02    0.1283322607E-02    0.0000000000E+00
   -0.1993726834E-04    0.5917319531E-02    0.3236468853E-02    0.0000000000E+00
    0.1092204034E-04   -0.2492986822E-02    0.1449761536E-02    0.0000000000E+00
   -0.5827390128E-05    0.5544110762E-02    0.2400755863E-01    0.0000000000E+00
    0.3014643297E-05    0.1966907681E-02   -0.1990396717E-01    0.0000000000E+00
   -0.1503000794E-05   -0.1954141603E-03    0.1489224420E-02    0.0000000000E+00
    0.7161197803E-06    0.2803175630E-04   -0.3699832211E-03    0.0000000000E+00
   -0.3221433215E-06   -0.1518099574E-05    0.1176571227E-03    0.0000000000E+00
    0.1343947557E-06   -0.1530581206E-05   -0.3938584428E-04    0.0000000000E+00
   -0.5061324090E-07    0.9885126148E-06    0.1271920095E-04    0.0000000000E+00
    0.1649908166E-07   -0.3918251566E-06   -0.3702943001E-05    0.0000000000E+00
   -0.4345642152E-08    0.1126324589E-06    0.8955333537E-06    0.0000000000E+00
    0.8153227037E-09   -0.2201301548E-07   -0.1574431769E-06    0.0000000000E+00
   -0.8071952481E-10    0.2219946602E-08    0.1483420974E-07    0.0000000000E+00
 l,ispin:           1           2
 psi n=1,noccmax(l):
   -0.7221989341E-01    0.4041999536E-02    0.5385619835E-02    0.0000000000E+00
   -0.2258326700E-01    0.4422434686E-02    0.3969623081E-02    0.0000000000E+00
    0.2853166723E+00   -0.2568878044E-01   -0.2839881497E-01    0.0000000000E+00
    0.3084607006E+00   -0.7827676129E-02   -0.1583718241E-01    0.0000000000E+00
   -0.1235535306E+01    0.6359976578E-01    0.8767295501E-01    0.0000000000E+00
    0.1268637459E+01   -0.6280148179E-01   -0.8855406352E-01    0.0000000000E+00
    0.2020299070E+00   -0.3559614070E-01   -0.3286538470E-01    0.0000000000E+00
    0.2777576708E+01   -0.1606200329E+00   -0.2124097370E+00    0.0000000000E+00
    0.2115192325E+01   -0.1615995772E+00   -0.1891387120E+00    0.0000000000E+00
    0.2110331831E+01   -0.1143539442E+00   -0.1544377768E+00    0.0000000000E+00
    0.1863856148E+01   -0.1455784878E+00   -0.1700235020E+00    0.0000000000E+00
    0.1984583495E+01   -0.1094386521E+00   -0.1472457732E+00    0.0000000000E+00
    0.1628134482E+01   -0.1278395479E+00   -0.1493939545E+00    0.0000000000E+00
    0.1436587799E+01   -0.7731906760E-01   -0.1055799943E+00    0.0000000000E+00
    0.1041765622E+01   -0.8616933578E-01   -0.9938300833E-01    0.0000000000E+00
    0.7714725489E+00   -0.3703035807E-01   -0.5318038722E-01    0.0000000000E+00
    0.4998611230E+00   -0.4666919844E-01   -0.5266455787E-01    0.0000000000E+00
    0.3364720511E+00   -0.1488928668E-01   -0.2282450990E-01    0.0000000000E+00
    0.1838156422E+00   -0.1754087996E-01   -0.1943792214E-01    0.0000000000E+00
    0.1061750846E+00   -0.2019389712E-02   -0.2594996158E-02    0.0000000000E+00
    0.5396339618E-01   -0.8803477200E-02   -0.1430897546E-01    0.0000000000E+00
    0.2647128690E-01   -0.3420178344E-02    0.2546459638E-02    0.0000000000E+00
    0.9473829884E-02    0.6336736723E-02   -0.2628535727E-02    0.0000000000E+00
    0.3394863222E-02   -0.7571137326E-02    0.5233313703E-02    0.0000000000E+00
    0.5299346709E-03    0.1538863310E-01    0.3122927053E-02    0.0000000000E+00
    0.2167598371E-03   -0.1050790993E-01    0.2685385960E-02    0.0000000000E+00
   -0.5340945611E-04    0.1236408962E-01    0.3793377288E-02    0.0000000000E+00
    0.3603497008E-04   -0.5626676179E-02    0.1319825481E-02    0.0000000000E+00
   -0.2000699225E-04    0.5917293310E-02    0.3215133294E-02    0.0000000000E+00
    0.1095947398E-04   -0.2486643451E-02    0.1490182313E-02    0.0000000000E+00
   -0.5847189762E-05    0.5541803724E-02    0.2394277799E-01    0.0000000000E+00
    0.3024914889E-05    0.1962458098E-02   -0.1988366817E-01    0.0000000000E+00
   -0.1508201722E-05   -0.1946871044E-03    0.1491561791E-02    0.0000000000E+00
    0.7186655878E-06    0.2780630160E-04   -0.3710126555E-03    0.0000000000E+00
   -0.3233302170E-06   -0.1439258440E-05    0.1180583354E-03    0.0000000000E+00
    0.1349106418E-06   -0.1558302361E-05   -0.3953390109E-04    0.0000000000E+00
   -0.5081601425E-07    0.9977262951E-06    0.1276963384E-04    0.0000000000E+00
    0.1656798936E-07   -0.3945572736E-06   -0.3718096414E-05    0.0000000000E+00
   -0.4364499508E-08    0.1133014420E-06    0.8992708550E-06    0.0000000000E+00
    0.8189818014E-09   -0.2213164932E-07   -0.1581086408E-06    0.0000000000E+00
   -0.8109226192E-10    0.2231192980E-08    0.1489743575E-07    0.0000000000E+00
 l,ispin:           2           1
 psi n=1,noccmax(l):
    0.8580996675E-02    0.6304603473E-02    0.1481734097E+00    0.0000000000E+00    0.0000000000E+00
   -0.2957468936E-01   -0.2154739238E-01   -0.5128570114E+00    0.0000000000E+00    0.0000000000E+00
    0.5520877524E-01    0.4004191509E-01    0.9595885978E+00    0.0000000000E+00    0.0000000000E+00
   -0.7584035594E-01   -0.5554273097E-01   -0.1311930417E+01    0.0000000000E+00    0.0000000000E+00
    0.8638519247E-01    0.6407917411E-01    0.1484878100E+01    0.0000000000E+00    0.0000000000E+00
   -0.8665130665E-01   -0.6441696838E-01   -0.1488060637E+01    0.0000000000E+00    0.0000000000E+00
    0.7941686911E-01    0.5808931438E-01    0.1375445464E+01    0.0000000000E+00    0.0000000000E+00
   -0.7139851452E-01   -0.5421907917E-01   -0.1213407632E+01    0.0000000000E+00    0.0000000000E+00
    0.5721828129E-01    0.3950394558E-01    0.1019811772E+01    0.0000000000E+00    0.0000000000E+00
   -0.5028503603E-01   -0.3834791316E-01   -0.8538228105E+00    0.0000000000E+00    0.0000000000E+00
    0.3914571599E-01    0.2768230309E-01    0.6913085063E+00    0.0000000000E+00    0.0000000000E+00
   -0.3317416438E-01   -0.2546871564E-01   -0.5629748553E+00    0.0000000000E+00    0.0000000000E+00
    0.2503754322E-01    0.1746566431E-01    0.4470118239E+00    0.0000000000E+00    0.0000000000E+00
   -0.2123749308E-01   -0.1647974446E-01   -0.3607010862E+00    0.0000000000E+00    0.0000000000E+00
    0.1558656098E-01    0.1067493930E-01    0.2834466751E+00    0.0000000000E+00    0.0000000000E+00
   -0.1327034225E-01   -0.1035134756E-01   -0.2280985902E+00    0.0000000000E+00    0.0000000000E+00
    0.9553465496E-02    0.6481259495E-02    0.1785265262E+00    0.0000000000E+00    0.0000000000E+00
   -0.7945217819E-02   -0.6063142877E-02   -0.1431870461E+00    0.0000000000E+00    0.0000000000E+00
    0.5410594922E-02    0.3308491814E-02    0.1115190772E+00    0.0000000000E+00    0.0000000000E+00
   -0.4531969644E-02   -0.3373266555E-02   -0.8988899017E-01    0.0000000000E+00    0.0000000000E+00
    0.3101797702E-02    0.2076569534E-02    0.7083472389E-01    0.0000000000E+00    0.0000000000E+00
   -0.2183113084E-02   -0.1574762440E-02   -0.5670167688E-01    0.0000000000E+00    0.0000000000E+00
    0.9554109471E-03    0.2461383117E-03    0.4417059953E-01    0.0000000000E+00    0.0000000000E+00
   -0.4773264925E-03   -0.2262068884E-03   -0.3595405222E-01    0.0000000000E+00    0.0000000000E+00
   -0.4317240368E-03   -0.9155117021E-03    0.2770903893E-01    0.0000000000E+00    0.0000000000E+00
    0.4782824002E-03    0.6824894797E-03   -0.2283235482E-01    0.0000000000E+00    0.0000000000E+00
   -0.6702065732E-03   -0.1068273207E-02    0.1794177435E-01    0.0000000000E+00    0.0000000000E+00
    0.4007687199E-03    0.6733461816E-03   -0.1523680195E-01    0.0000000000E+00    0.0000000000E+00
   -0.3660735638E-03   -0.7871230725E-03    0.1270318918E-01    0.0000000000E+00    0.0000000000E+00
    0.2677518041E-03    0.7125689343E-03   -0.1227946022E-01    0.0000000000E+00    0.0000000000E+00
   -0.4321923509E-03   -0.2730320326E-02    0.4171483645E-02    0.0000000000E+00    0.0000000000E+00
   -0.2652617456E-03    0.1432044297E-02    0.2465221943E-02    0.0000000000E+00    0.0000000000E+00
    0.3727633895E-04   -0.3189558400E-04   -0.2093596501E-02    0.0000000000E+00    0.0000000000E+00
   -0.9736781299E-05    0.5902037809E-06    0.5882785521E-03    0.0000000000E+00    0.0000000000E+00
    0.2873680793E-05    0.7395704813E-06   -0.1779533783E-03    0.0000000000E+00    0.0000000000E+00
   -0.8573815599E-06   -0.3590839153E-06    0.5359052601E-04    0.0000000000E+00    0.0000000000E+00
    0.2436643152E-06    0.1242894107E-06   -0.1526490790E-04    0.0000000000E+00    0.0000000000E+00
   -0.6237947661E-07   -0.3522722549E-07    0.3903787141E-05    0.0000000000E+00    0.0000000000E+00
    0.1333953125E-07    0.7984663470E-08   -0.8327634886E-06    0.0000000000E+00    0.0000000000E+00
   -0.2093350695E-08   -0.1297893786E-08    0.1303156480E-06    0.0000000000E+00    0.0000000000E+00
    0.1781757809E-09    0.1129276254E-09   -0.1106199581E-07    0.0000000000E+00    0.0000000000E+00
 l,ispin:           2           2
 psi n=1,noccmax(l):
    0.8580996675E-02    0.6304603473E-02    0.1481734097E+00    0.0000000000E+00    0.0000000000E+00
   -0.2957468936E-01   -0.2154739238E-01   -0.5128570114E+00    0.0000000000E+00    0.0000000000E+00
    0.5520877524E-01    0.4004191509E-01    0.9595885978E+00    0.0000000000E+00    0.0000000000E+00
   -0.7584035594E-01   -0.5554273097E-01   -0.1311930417E+01    0.0000000000E+00    0.0000000000E+00
    0.8638519247E-01    0.6407917411E-01    0.1484878100E+01    0.0000000000E+00    0.0000000000E+00
   -0.8665130665E-01   -0.6441696838E-01   -0.1488060637E+01    0.0000000000E+00    0.0000000000E+00
    0.7941686911E-01    0.5808931438E-01    0.1375445464E+01    0.0000000000E+00    0.0000000000E+00
   -0.7139851452E-01   -0.5421907917E-01   -0.1213407632E+01    0.0000000000E+00    0.0000000000E+00
    0.5721828129E-01    0.3950394558E-01    0.1019811772E+01    0.0000000000E+00    0.0000000000E+00
   -0.5028503603E-01   -0.3834791316E-01   -0.8538228105E+00    0.0000000000E+00    0.0000000000E+00
    0.3914571599E-01    0.2768230309E-01    0.6913085063E+00    0.0000000000E+00    0.0000000000E+00
   -0.3317416438E-01   -0.2546871564E-01   -0.5629748553E+00    0.0000000000E+00    0.0000000000E+00
    0.2503754322E-01    0.1746566431E-01    0.4470118239E+00    0.0000000000E+00    0.0000000000E+00
   -0.2123749308E-01   -0.1647974446E-01   -0.3607010862E+00    0.0000000000E+00    0.0000000000E+00
    0.1558656098E-01    0.1067493930E-01    0.2834466751E+00    0.0000000000E+00    0.0000000000E+00
   -0.1327034225E-01   -0.1035134756E-01   -0.2280985902E+00    0.0000000000E+00    0.0000000000E+00
    0.9553465496E-02    0.6481259495E-02    0.1785265262E+00    0.0000000000E+00    0.0000000000E+00
   -0.7945217819E-02   -0.6063142877E-02   -0.1431870461E+00    0.0000000000E+00    0.0000000000E+00
    0.5410594922E-02    0.3308491814E-02    0.1115190772E+00    0.0000000000E+00    0.0000000000E+00
   -0.4531969644E-02   -0.3373266555E-02   -0.8988899017E-01    0.0000000000E+00    0.0000000000E+00
    0.3101797702E-02    0.2076569534E-02    0.7083472389E-01    0.0000000000E+00    0.0000000000E+00
   -0.2183113084E-02   -0.1574762440E-02   -0.5670167688E-01    0.0000000000E+00    0.0000000000E+00
    0.9554109471E-03    0.2461383117E-03    0.4417059953E-01    0.0000000000E+00    0.0000000000E+00
   -0.4773264925E-03   -0.2262068884E-03   -0.3595405222E-01    0.0000000000E+00    0.0000000000E+00
   -0.4317240368E-03   -0.9155117021E-03    0.2770903893E-01    0.0000000000E+00    0.0000000000E+00
    0.4782824002E-03    0.6824894797E-03   -0.2283235482E-01    0.0000000000E+00    0.0000000000E+00
   -0.6702065732E-03   -0.1068273207E-02    0.1794177435E-01    0.0000000000E+00    0.0000000000E+00
    0.4007687199E-03    0.6733461816E-03   -0.1523680195E-01    0.0000000000E+00    0.0000000000E+00
   -0.3660735638E-03   -0.7871230725E-03    0.1270318918E-01    0.0000000000E+00    0.0000000000E+00
    0.2677518041E-03    0.7125689343E-03   -0.1227946022E-01    0.0000000000E+00    0.0000000000E+00
   -0.4321923509E-03   -0.2730320326E-02    0.4171483645E-02    0.0000000000E+00    0.0000000000E+00
   -0.2652617456E-03    0.1432044297E-02    0.2465221943E-02    0.0000000000E+00    0.0000000000E+00
    0.3727633895E-04   -0.3189558400E-04   -0.2093596501E-02    0.0000000000E+00    0.0000000000E+00
   -0.9736781299E-05    0.5902037809E-06    0.5882785521E-03    0.0000000000E+00    0.0000000000E+00
    0.2873680793E-05    0.7395704813E-06   -0.1779533783E-03    0.0000000000E+00    0.0000000000E+00
   -0.8573815599E-06   -0.3590839153E-06    0.5359052601E-04    0.0000000000E+00    0.0000000000E+00
    0.2436643152E-06    0.1242894107E-06   -0.1526490790E-04    0.0000000000E+00    0.0000000000E+00
   -0.6237947661E-07   -0.3522722549E-07    0.3903787141E-05    0.0000000000E+00    0.0000000000E+00
    0.1333953125E-07    0.7984663470E-08   -0.8327634886E-06    0.0000000000E+00    0.0000000000E+00
   -0.2093350695E-08   -0.1297893786E-08    0.1303156480E-06    0.0000000000E+00    0.0000000000E+00
    0.1781757809E-09    0.1129276254E-09   -0.1106199581E-07    0.0000000000E+00    0.0000000000E+00
 l,ispin:           3           1
 psi n=1,noccmax(l):
    0.1703344949E-01   -0.1482164307E-01   -0.1774109642E+01    0.0000000000E+00    0.0000000000E+00
   -0.4658199754E-01    0.4053781781E-01    0.4851882301E+01    0.0000000000E+00    0.0000000000E+00
    0.6978035759E-01   -0.6073032471E-01   -0.7268331926E+01    0.0000000000E+00    0.0000000000E+00
   -0.7720470352E-01    0.6715894205E-01    0.8040592493E+01    0.0000000000E+00    0.0000000000E+00
    0.7142339021E-01   -0.6207069841E-01   -0.7436558898E+01    0.0000000000E+00    0.0000000000E+00
   -0.5905401069E-01    0.5128808208E-01    0.6147594090E+01    0.0000000000E+00    0.0000000000E+00
    0.4540889452E-01   -0.3945350241E-01   -0.4727656728E+01    0.0000000000E+00    0.0000000000E+00
   -0.3334240282E-01    0.2887841013E-01    0.3468364457E+01    0.0000000000E+00    0.0000000000E+00
    0.2365972826E-01   -0.2065875346E-01   -0.2466620416E+01    0.0000000000E+00    0.0000000000E+00
   -0.1654192289E-01    0.1427883954E-01    0.1719084759E+01    0.0000000000E+00    0.0000000000E+00
    0.1135483578E-01   -0.9858314367E-02   -0.1181856004E+01    0.0000000000E+00    0.0000000000E+00
   -0.7770046017E-02    0.6649610645E-02    0.8055021729E+00    0.0000000000E+00    0.0000000000E+00
    0.5245370813E-02   -0.4548409544E-02   -0.5456692931E+00    0.0000000000E+00    0.0000000000E+00
   -0.3571612794E-02    0.3004491133E-02    0.3684344705E+00    0.0000000000E+00    0.0000000000E+00
    0.2386794321E-02   -0.2065238319E-02   -0.2480431198E+00    0.0000000000E+00    0.0000000000E+00
   -0.1631472587E-02    0.1333010671E-02    0.1669099337E+00    0.0000000000E+00    0.0000000000E+00
    0.1081954708E-02   -0.9281999586E-03   -0.1121262217E+00    0.0000000000E+00    0.0000000000E+00
   -0.7390481150E-03    0.5969993877E-03    0.7540053727E-01    0.0000000000E+00    0.0000000000E+00
    0.4762426279E-03   -0.4440003867E-03   -0.5062212993E-01    0.0000000000E+00    0.0000000000E+00
   -0.3298265212E-03    0.2733713943E-03    0.3410974665E-01    0.0000000000E+00    0.0000000000E+00
    0.2118930350E-03   -0.1970384342E-03   -0.2297103832E-01    0.0000000000E+00    0.0000000000E+00
   -0.1290255018E-03    0.1475371525E-03    0.1550151616E-01    0.0000000000E+00    0.0000000000E+00
    0.5303421888E-04   -0.1535569183E-03   -0.1042662932E-01    0.0000000000E+00    0.0000000000E+00
   -0.1316898370E-04    0.1272400345E-03    0.7077443720E-02    0.0000000000E+00    0.0000000000E+00
   -0.3609271252E-04   -0.1594263098E-03   -0.4741139352E-02    0.0000000000E+00    0.0000000000E+00
    0.4486055125E-04    0.1345036033E-03    0.3242672425E-02    0.0000000000E+00    0.0000000000E+00
   -0.5112595447E-04   -0.1310198772E-03   -0.2199883501E-02    0.0000000000E+00    0.0000000000E+00
    0.3583055881E-04    0.9509167754E-04    0.1553442852E-02    0.0000000000E+00    0.0000000000E+00
   -0.2833356730E-04   -0.8235182374E-04   -0.1113489294E-02    0.0000000000E+00    0.0000000000E+00
    0.2263167359E-04    0.7919237945E-04    0.8610074278E-03    0.0000000000E+00    0.0000000000E+00
   -0.3036908987E-04   -0.1981603873E-03   -0.1803721719E-03    0.0000000000E+00    0.0000000000E+00
   -0.1814848317E-04    0.8090910688E-04   -0.1641733630E-03    0.0000000000E+00    0.0000000000E+00
    0.2266010240E-05   -0.2783525026E-06    0.1008806605E-03    0.0000000000E+00    0.0000000000E+00
   -0.5198156614E-06   -0.3128965928E-06   -0.2355204853E-04    0.0000000000E+00    0.0000000000E+00
    0.1334637635E-06    0.1170670419E-06    0.5978723279E-05    0.0000000000E+00    0.0000000000E+00
   -0.3449149248E-07   -0.3481027634E-07   -0.1522073147E-05    0.0000000000E+00    0.0000000000E+00
    0.8493257658E-08    0.9170283019E-08    0.3694971049E-06    0.0000000000E+00    0.0000000000E+00
   -0.1891953148E-08   -0.2118024457E-08   -0.8130730418E-07    0.0000000000E+00    0.0000000000E+00
    0.3547230061E-09    0.4053412203E-09    0.1509261131E-07    0.0000000000E+00    0.0000000000E+00
   -0.4931530104E-10   -0.5703401542E-10   -0.2081710252E-08    0.0000000000E+00    0.0000000000E+00
    0.3765715932E-11    0.4386533265E-11    0.1579897929E-09    0.0000000000E+00    0.0000000000E+00
 l,ispin:           3           2
 psi n=1,noccmax(l):
    0.1703344949E-01   -0.1482164307E-01   -0.1774109642E+01    0.0000000000E+00    0.0000000000E+00
   -0.4658199754E-01    0.4053781781E-01    0.4851882301E+01    0.0000000000E+00    0.0000000000E+00
    0.6978035759E-01   -0.6073032471E-01   -0.7268331926E+01    0.0000000000E+00    0.0000000000E+00
   -0.7720470352E-01    0.6715894205E-01    0.8040592493E+01    0.0000000000E+00    0.0000000000E+00
    0.7142339021E-01   -0.6207069841E-01   -0.7436558898E+01    0.0000000000E+00    0.0000000000E+00
   -0.5905401069E-01    0.5128808208E-01    0.6147594090E+01    0.0000000000E+00    0.0000000000E+00
    0.4540889452E-01   -0.3945350241E-01   -0.4727656728E+01    0.0000000000E+00    0.0000000000E+00
   -0.3334240282E-01    0.2887841013E-01    0.3468364457E+01    0.0000000000E+00    0.0000000000E+00
    0.2365972826E-01   -0.2065875346E-01   -0.2466620416E+01    0.0000000000E+00    0.0000000000E+00
   -0.1654192289E-01    0.1427883954E-01    0.1719084759E+01    0.0000000000E+00    0.0000000000E+00
    0.1135483578E-01   -0.9858314367E-02   -0.1181856004E+01    0.0000000000E+00    0.0000000000E+00
   -0.7770046017E-02    0.6649610645E-02    0.8055021729E+00    0.0000000000E+00    0.0000000000E+00
    0.5245370813E-02   -0.4548409544E-02   -0.5456692931E+00    0.0000000000E+00    0.0000000000E+00
   -0.3571612794E-02    0.3004491133E-02    0.3684344705E+00    0.0000000000E+00    0.0000000000E+00
    0.2386794321E-02   -0.2065238319E-02   -0.2480431198E+00    0.0000000000E+00    0.0000000000E+00
   -0.1631472587E-02    0.1333010671E-02    0.1669099337E+00    0.0000000000E+00    0.0000000000E+00
    0.1081954708E-02   -0.9281999586E-03   -0.1121262217E+00    0.0000000000E+00    0.0000000000E+00
   -0.7390481150E-03    0.5969993877E-03    0.7540053727E-01    0.0000000000E+00    0.0000000000E+00
    0.4762426279E-03   -0.4440003867E-03   -0.5062212993E-01    0.0000000000E+00    0.0000000000E+00
   -0.3298265212E-03    0.2733713943E-03    0.3410974665E-01    0.0000000000E+00    0.0000000000E+00
    0.2118930350E-03   -0.1970384342E-03   -0.2297103832E-01    0.0000000000E+00    0.0000000000E+00
   -0.1290255018E-03    0.1475371525E-03    0.1550151616E-01    0.0000000000E+00    0.0000000000E+00
    0.5303421888E-04   -0.1535569183E-03   -0.1042662932E-01    0.0000000000E+00    0.0000000000E+00
   -0.1316898370E-04    0.1272400345E-03    0.7077443720E-02    0.0000000000E+00    0.0000000000E+00
   -0.3609271252E-04   -0.1594263098E-03   -0.4741139352E-02    0.0000000000E+00    0.0000000000E+00
    0.4486055125E-04    0.1345036033E-03    0.3242672425E-02    0.0000000000E+00    0.0000000000E+00
   -0.5112595447E-04   -0.1310198772E-03   -0.2199883501E-02    0.0000000000E+00    0.0000000000E+00
    0.3583055881E-04    0.9509167754E-04    0.1553442852E-02    0.0000000000E+00    0.0000000000E+00
   -0.2833356730E-04   -0.8235182374E-04   -0.1113489294E-02    0.0000000000E+00    0.0000000000E+00
    0.2263167359E-04    0.7919237945E-04    0.8610074278E-03    0.0000000000E+00    0.0000000000E+00
   -0.3036908987E-04   -0.1981603873E-03   -0.1803721719E-03    0.0000000000E+00    0.0000000000E+00
   -0.1814848317E-04    0.8090910688E-04   -0.1641733630E-03    0.0000000000E+00    0.0000000000E+00
    0.2266010240E-05   -0.2783525026E-06    0.1008806605E-03    0.0000000000E+00    0.0000000000E+00
   -0.5198156614E-06   -0.3128965928E-06   -0.2355204853E-04    0.0000000000E+00    0.0000000000E+00
    0.1334637635E-06    0.1170670419E-06    0.5978723279E-05    0.0000000000E+00    0.0000000000E+00
   -0.3449149248E-07   -0.3481027634E-07   -0.1522073147E-05    0.0000000000E+00    0.0000000000E+00
    0.8493257658E-08    0.9170283019E-08    0.3694971049E-06    0.0000000000E+00    0.0000000000E+00
   -0.1891953148E-08   -0.2118024457E-08   -0.8130730418E-07    0.0000000000E+00    0.0000000000E+00
    0.3547230061E-09    0.4053412203E-09    0.1509261131E-07    0.0000000000E+00    0.0000000000E+00
   -0.4931530104E-10   -0.5703401542E-10   -0.2081710252E-08    0.0000000000E+00    0.0000000000E+00
    0.3765715932E-11    0.4386533265E-11    0.1579897929E-09    0.0000000000E+00    0.0000000000E+00
