   40             4.00000 ng, rij 
     2.370     4.740                                       rcov,rprb 
 r                           (non)relativistic calculation
 PBE                         XC-functional
102.000 24.000    0.4300000000    0.3758090142E+02   -0.6700512868E+00    0.0000000000E+00    0.0000000000E+00  znuc,zion,rloc,gpot()
   3                                                       lpx, (Projectors for l=0..lpx)
    0.4455659375   -0.2067391312E+01    0.1858892729E+01   -0.4020536741E+00    0.1228260910E+01   -0.3171356034E+01    0.2517185815E+01  r_l(),hsep(), so=+0.5
    0.4405329923    0.5861026231E+00    0.1839273413E+01   -0.4119550702E+01   -0.1167249890E+01    0.2762217390E+01   -0.1963122572E+01  r_l(),hsep(), so=+0.5
   -0.1913303168E+01   -0.2292292421E+00    0.3474873670E+01    0.1924287954E+01   -0.4553696424E+01    0.3236336238E+01         hsep(), so=-0.5
    0.5868533608    0.3504558230E+00    0.4742135305E+00   -0.5377076015E+00    0.0000000000E+00   -0.0000000000E+00    0.0000000000E+00  r_l(),hsep(), so=+0.5
    0.1776406150E+00    0.4259981348E+00   -0.4830364816E+00    0.0000000000E+00   -0.0000000000E+00    0.0000000000E+00         hsep(), so=-0.5
    0.2874779604   -0.1815603490E+02   -0.0000000000E+00    0.0000000000E+00    0.0000000000E+00   -0.0000000000E+00    0.0000000000E+00  r_l(),hsep(), so=+0.5
   -0.1836005203E+02   -0.0000000000E+00    0.0000000000E+00    0.0000000000E+00   -0.0000000000E+00    0.0000000000E+00         hsep(), so=-0.5
 ---------------------------------------------
 Additional information (last calculation):
 gaussian exponents:
 xp():   30.594127904231378        21.633315305570580        15.297063952115689        10.816657652785295        7.6485319760578481        5.4083288263926477        3.8242659880289249        2.7041644131963247        1.9121329940144620        1.3520822065981630       0.95606649700723156       0.67604110329908151       0.47803324850361567       0.33802055164954081       0.23901662425180795       0.16901027582477046       0.11950831212590403        8.4505137912385231E-002   5.9754156062952028E-002   4.2252568956192636E-002   2.9877078031476018E-002   2.1126284478096318E-002   1.4938539015738016E-002   1.0563142239048163E-002   7.4692695078690079E-003   5.2815711195240839E-003   3.7346347539345048E-003   2.6407855597620419E-003   1.8673173769672528E-003   1.3203927798810212E-003   9.3365868848362663E-004   6.6019638994051081E-004   4.6682934424181337E-004   3.3009819497025546E-004   2.3341467212090669E-004   1.6504909748512773E-004   1.1670733606045340E-004   8.2524548742563865E-005   5.8353668030226712E-005   4.1262274371281959E-005
 orbital coefficients (one orbital per column)
 l,ispin:           0           1
 psi n=1,noccmax(l):
    0.2840956413E-01    0.3332160907E-02    0.7600923551E-03    0.1825441550E-02    0.0000000000E+00    0.0000000000E+00    0.0000000000E+00    0.7371688453E-01    0.2119466449E-01
   -0.2878902631E+00   -0.6795541903E-01   -0.3258865326E-01   -0.3587652105E-01    0.0000000000E+00    0.0000000000E+00    0.0000000000E+00   -0.2117117155E+00   -0.6062497634E-01
    0.1121301518E+01    0.3147833614E+00    0.1622980781E+00    0.1659620435E+00    0.0000000000E+00    0.0000000000E+00    0.0000000000E+00    0.1451135792E+00    0.3911256825E-01
   -0.2419375338E+01   -0.7232695591E+00   -0.3781372271E+00   -0.3833282233E+00    0.0000000000E+00    0.0000000000E+00    0.0000000000E+00    0.2833174751E+00    0.8992844129E-01
    0.3358599836E+01    0.1023535066E+01    0.5276431755E+00    0.5499125558E+00    0.0000000000E+00    0.0000000000E+00    0.0000000000E+00   -0.7296518498E+00   -0.2255096070E+00
   -0.3066252643E+01   -0.9275189960E+00   -0.4485557684E+00   -0.5172249096E+00    0.0000000000E+00    0.0000000000E+00    0.0000000000E+00    0.7079808819E+00    0.2234396585E+00
    0.1600805662E+01    0.4729609661E+00    0.1627208205E+00    0.3012260813E+00    0.0000000000E+00    0.0000000000E+00    0.0000000000E+00   -0.3222618750E+00   -0.8896152398E-01
   -0.3533454411E+01   -0.1179442676E+01   -0.5356926792E+00   -0.6765051979E+00    0.0000000000E+00    0.0000000000E+00    0.0000000000E+00    0.1501509858E+01    0.3854329800E+00
    0.7723334682E+01    0.2537215228E+01    0.1284901819E+01    0.1392205903E+01    0.0000000000E+00    0.0000000000E+00    0.0000000000E+00   -0.2557247803E+01   -0.7864472371E+00
   -0.2379215877E+01   -0.5989621574E+00   -0.1540193134E+00   -0.4159510644E+00    0.0000000000E+00    0.0000000000E+00    0.0000000000E+00   -0.5670456501E+00   -0.3229486711E-01
    0.9670152656E+00    0.1926673896E+00   -0.1092197128E+00    0.2115086675E+00    0.0000000000E+00    0.0000000000E+00    0.0000000000E+00    0.2163034873E+00   -0.1537900886E-02
   -0.2340396326E+01   -0.8042777612E+00   -0.2040791582E+00   -0.5150893471E+00    0.0000000000E+00    0.0000000000E+00    0.0000000000E+00    0.6078611335E+00    0.2394319001E+00
    0.1825669740E+00   -0.1334412907E+00   -0.3860462528E+00   -0.1904923468E-01    0.0000000000E+00    0.0000000000E+00    0.0000000000E+00    0.4014443843E+00    0.6518836205E-01
   -0.1078396057E+01   -0.7131523801E+00   -0.1476687237E+00   -0.4859747674E+00    0.0000000000E+00    0.0000000000E+00    0.0000000000E+00    0.3532984912E+00    0.2249889818E+00
    0.3693938974E+00    0.5504673641E+00    0.2312295872E+00    0.6320115700E+00    0.0000000000E+00    0.0000000000E+00    0.0000000000E+00    0.1123128978E+00   -0.1158809237E+00
   -0.3925986052E+00   -0.7234429641E+00   -0.7736287191E+00   -0.1381781700E+01    0.0000000000E+00    0.0000000000E+00    0.0000000000E+00    0.9372773120E-01    0.1886940921E+00
    0.2511358144E+00    0.4373370558E+00    0.9566327943E+00    0.1912173776E+01    0.0000000000E+00    0.0000000000E+00    0.0000000000E+00    0.1080123546E-01   -0.6636304302E-01
   -0.1773674330E+00   -0.3807814690E-01   -0.7168422892E+00   -0.2102060283E+01    0.0000000000E+00    0.0000000000E+00    0.0000000000E+00    0.1310116731E-01   -0.1017064365E-02
    0.1215826113E+00    0.1534928411E+00    0.5145395602E+00    0.2220103085E+01    0.0000000000E+00    0.0000000000E+00    0.0000000000E+00   -0.3389469113E-02   -0.1763057691E-04
   -0.8226175966E-01    0.7825339269E-01    0.8070504061E-01   -0.1488582524E+01    0.0000000000E+00    0.0000000000E+00    0.0000000000E+00    0.2510952295E-02   -0.2380837674E-01
    0.5485286229E-01    0.8300171527E-01    0.2081131954E+00    0.2085318060E+01    0.0000000000E+00    0.0000000000E+00    0.0000000000E+00   -0.1384764070E-02   -0.1699034249E-01
   -0.3603477318E-01    0.5451864244E-02    0.1701070622E-01   -0.1362381512E+01    0.0000000000E+00    0.0000000000E+00    0.0000000000E+00    0.7667803166E-03   -0.1332883630E-01
    0.2331345203E-01    0.8984149956E-02   -0.2902819202E+00   -0.1258890779E+01    0.0000000000E+00    0.0000000000E+00    0.0000000000E+00   -0.4149680053E-03   -0.2267713631E-02
   -0.1484828597E-01   -0.5310699237E-02   -0.6778640222E-02    0.1523402742E+01    0.0000000000E+00    0.0000000000E+00    0.0000000000E+00    0.2195290971E-03    0.2270156235E-03
    0.9305156795E-02    0.3216792317E-02    0.9110053001E-02   -0.5518717513E+00    0.0000000000E+00    0.0000000000E+00    0.0000000000E+00   -0.1135276438E-03   -0.5002396399E-04
   -0.5734626656E-02   -0.1904445283E-02   -0.6418104767E-02    0.2516522907E+00    0.0000000000E+00    0.0000000000E+00    0.0000000000E+00    0.5741921250E-04    0.1237296483E-04
    0.3473232234E-02    0.1101835464E-02    0.3991530798E-02   -0.1244413335E+00    0.0000000000E+00    0.0000000000E+00    0.0000000000E+00   -0.2842687689E-04   -0.2950155587E-05
   -0.2065678241E-02   -0.6242068405E-03   -0.2341334781E-02    0.6358817547E-01    0.0000000000E+00    0.0000000000E+00    0.0000000000E+00    0.1378953656E-04    0.5763381827E-06
    0.1205162573E-02    0.3468842957E-03    0.1323822022E-02   -0.3290685438E-01    0.0000000000E+00    0.0000000000E+00    0.0000000000E+00   -0.6559780635E-05   -0.3562972559E-07
   -0.6887497505E-03   -0.1892683750E-03   -0.7283549332E-03    0.1706827825E-01    0.0000000000E+00    0.0000000000E+00    0.0000000000E+00    0.3061301961E-05   -0.5077635209E-07
    0.3847542180E-03    0.1013445512E-03    0.3914133178E-03   -0.8811304491E-02    0.0000000000E+00    0.0000000000E+00    0.0000000000E+00   -0.1400768501E-05    0.4228758045E-07
   -0.2093998133E-03   -0.5312935102E-04   -0.2054315245E-03    0.4498045301E-02    0.0000000000E+00    0.0000000000E+00    0.0000000000E+00    0.6272265404E-06   -0.2427954693E-07
    0.1104581813E-03    0.2713922990E-04    0.1049273340E-03   -0.2253449328E-02    0.0000000000E+00    0.0000000000E+00    0.0000000000E+00   -0.2737401099E-06    0.1207204024E-07
   -0.5602337934E-04   -0.1339906395E-04   -0.5177000941E-04    0.1096856112E-02    0.0000000000E+00    0.0000000000E+00    0.0000000000E+00    0.1156315088E-06   -0.5496694040E-08
    0.2698698718E-04    0.6313402706E-05    0.2437205893E-04   -0.5114694770E-03    0.0000000000E+00    0.0000000000E+00    0.0000000000E+00   -0.4674546452E-07    0.2325008196E-08
   -0.1211812422E-04   -0.2784896051E-05   -0.1074130224E-04    0.2239033198E-03    0.0000000000E+00    0.0000000000E+00    0.0000000000E+00    0.1776973452E-07   -0.9089741595E-09
    0.4930088123E-05    0.1117088275E-05    0.4305148262E-05   -0.8931517470E-04    0.0000000000E+00    0.0000000000E+00    0.0000000000E+00   -0.6181184379E-08    0.3218227227E-09
   -0.1738951474E-05   -0.3896821521E-06   -0.1500765315E-05    0.3103044013E-04    0.0000000000E+00    0.0000000000E+00    0.0000000000E+00    0.1885272037E-08   -0.9926565035E-10
    0.4951673655E-06    0.1100152435E-06    0.4234563940E-06   -0.8734717093E-05    0.0000000000E+00    0.0000000000E+00    0.0000000000E+00   -0.4701300872E-09    0.2493242136E-10
   -0.1000936717E-06   -0.2209319663E-07   -0.8499952865E-07    0.1750345073E-05    0.0000000000E+00    0.0000000000E+00    0.0000000000E+00    0.8439751687E-10   -0.4496563308E-11
    0.1061464683E-07    0.2331307266E-08    0.8966069352E-08   -0.1844123777E-06    0.0000000000E+00    0.0000000000E+00    0.0000000000E+00   -0.8068469475E-11    0.4311556588E-12
 l,ispin:           1           1
 psi n=1,noccmax(l):
    0.7371688453E-01    0.2119466449E-01    0.2051991783E-01   -0.8943457882E-02    0.0000000000E+00    0.0000000000E+00    0.0000000000E+00   -0.6823742442E-01   -0.4327098724E-01
   -0.2117117155E+00   -0.6062497634E-01   -0.6306598490E-01    0.1313204339E-01    0.0000000000E+00    0.0000000000E+00    0.0000000000E+00    0.2218438925E+00    0.1397852154E+00
    0.1451135792E+00    0.3911256825E-01    0.6172016701E-01    0.5223129172E-01    0.0000000000E+00    0.0000000000E+00    0.0000000000E+00   -0.3367199898E+00   -0.2057759733E+00
    0.2833174751E+00    0.8992844129E-01    0.2623418565E-01   -0.2143047448E+00    0.0000000000E+00    0.0000000000E+00    0.0000000000E+00    0.2986842062E+00    0.1657276374E+00
   -0.7296518498E+00   -0.2255096070E+00   -0.1207871981E+00    0.3789632764E+00    0.0000000000E+00    0.0000000000E+00    0.0000000000E+00   -0.1708799146E+00   -0.6770352389E-01
    0.7079808819E+00    0.2234396585E+00    0.1040094384E+00   -0.4213930032E+00    0.0000000000E+00    0.0000000000E+00    0.0000000000E+00    0.1025553587E+00    0.1770215722E-01
   -0.3222618750E+00   -0.8896152398E-01    0.2194632606E-01    0.3371430572E+00    0.0000000000E+00    0.0000000000E+00    0.0000000000E+00   -0.1541524555E+00   -0.5866724592E-01
    0.1501509858E+01    0.3854329800E+00    0.2139932459E+00   -0.5781967107E+00    0.0000000000E+00    0.0000000000E+00    0.0000000000E+00   -0.2152365677E-01   -0.5411531805E-01
   -0.2557247803E+01   -0.7864472371E+00   -0.5592050144E+00    0.9225816015E+00    0.0000000000E+00    0.0000000000E+00    0.0000000000E+00    0.3595645721E+00    0.2923292978E+00
   -0.5670456501E+00   -0.3229486711E-01   -0.1138902603E+00   -0.2816389458E+00    0.0000000000E+00    0.0000000000E+00    0.0000000000E+00    0.5467224822E-01   -0.1040431079E-02
    0.2163034873E+00   -0.1537900886E-02    0.9301183315E-01    0.2813851372E+00    0.0000000000E+00    0.0000000000E+00    0.0000000000E+00    0.1480237578E-01    0.3465535332E-01
    0.6078611335E+00    0.2394319001E+00    0.1079089637E+00   -0.4544465608E+00    0.0000000000E+00    0.0000000000E+00    0.0000000000E+00   -0.1055539089E+00   -0.9902096462E-01
    0.4014443843E+00    0.6518836205E-01    0.1466383524E+00    0.1858684077E+00    0.0000000000E+00    0.0000000000E+00    0.0000000000E+00   -0.7658378196E-01   -0.3117634886E-01
    0.3532984912E+00    0.2249889818E+00    0.1150428926E+00   -0.4222385707E+00    0.0000000000E+00    0.0000000000E+00    0.0000000000E+00   -0.7932010006E-01   -0.8113726716E-01
    0.1123128978E+00   -0.1158809237E+00   -0.5602636161E-01    0.3617551637E+00    0.0000000000E+00    0.0000000000E+00    0.0000000000E+00   -0.4076450567E-01   -0.2626771223E-02
    0.9372773120E-01    0.1886940921E+00    0.1792354359E+00   -0.5075664818E+00    0.0000000000E+00    0.0000000000E+00    0.0000000000E+00   -0.1403969210E-01   -0.3108380436E-01
    0.1080123546E-01   -0.6636304302E-01   -0.1190863812E+00    0.4778526758E+00    0.0000000000E+00    0.0000000000E+00    0.0000000000E+00   -0.2576101323E-01   -0.1197391474E-01
    0.1310116731E-01   -0.1017064365E-02    0.6402467776E-01   -0.4404877515E+00    0.0000000000E+00    0.0000000000E+00    0.0000000000E+00   -0.5622819951E-02   -0.6576577642E-03
   -0.3389469113E-02   -0.1763057691E-04   -0.2847675794E-01    0.3914430596E+00    0.0000000000E+00    0.0000000000E+00    0.0000000000E+00   -0.5876885232E-02   -0.9192991837E-02
    0.2510952295E-02   -0.2380837674E-01   -0.4921014042E-01   -0.2476215994E+00    0.0000000000E+00    0.0000000000E+00    0.0000000000E+00   -0.2977248786E-02   -0.1561631626E-03
   -0.1384764070E-02   -0.1699034249E-01   -0.1513455131E-01    0.3328454535E+00    0.0000000000E+00    0.0000000000E+00    0.0000000000E+00   -0.1619689008E-02   -0.2576009830E-03
    0.7667803166E-03   -0.1332883630E-01   -0.5052555069E-01   -0.1252869596E+00    0.0000000000E+00    0.0000000000E+00    0.0000000000E+00   -0.4804909752E-03    0.2310595930E-02
   -0.4149680053E-03   -0.2267713631E-02    0.5670866670E-01   -0.2006376134E+00    0.0000000000E+00    0.0000000000E+00    0.0000000000E+00   -0.6497771444E-04    0.2258350374E-02
    0.2195290971E-03    0.2270156235E-03    0.1032479322E-02    0.1690150351E+00    0.0000000000E+00    0.0000000000E+00    0.0000000000E+00    0.1467743097E-04   -0.2083927927E-03
   -0.1135276438E-03   -0.5002396399E-04   -0.4801318142E-03   -0.4975952159E-01    0.0000000000E+00    0.0000000000E+00    0.0000000000E+00   -0.5448880164E-05    0.5911117874E-04
    0.5741921250E-04    0.1237296483E-04    0.2136504048E-03    0.1863364997E-01    0.0000000000E+00    0.0000000000E+00    0.0000000000E+00    0.2121496496E-05   -0.1986433305E-04
   -0.2842687689E-04   -0.2950155587E-05   -0.9715182361E-04   -0.7605584983E-02    0.0000000000E+00    0.0000000000E+00    0.0000000000E+00   -0.8261282172E-06    0.7061728677E-05
    0.1378953656E-04    0.5763381827E-06    0.4432112533E-04    0.3220186262E-02    0.0000000000E+00    0.0000000000E+00    0.0000000000E+00    0.3187666883E-06   -0.2566595282E-05
   -0.6559780635E-05   -0.3562972559E-07   -0.2009558613E-04   -0.1385382974E-02    0.0000000000E+00    0.0000000000E+00    0.0000000000E+00   -0.1216541189E-06    0.9406159728E-06
    0.3061301961E-05   -0.5077635209E-07    0.9020147781E-05    0.5992336383E-03    0.0000000000E+00    0.0000000000E+00    0.0000000000E+00    0.4590300470E-07   -0.3451412860E-06
   -0.1400768501E-05    0.4228758045E-07   -0.3998287100E-05   -0.2587652300E-03    0.0000000000E+00    0.0000000000E+00    0.0000000000E+00   -0.1711042301E-07    0.1261752009E-06
    0.6272265404E-06   -0.2427954693E-07    0.1744779685E-05    0.1108577728E-03    0.0000000000E+00    0.0000000000E+00    0.0000000000E+00    0.6287356823E-08   -0.4573742577E-07
   -0.2737401099E-06    0.1207204024E-07   -0.7459029463E-06   -0.4678018706E-04    0.0000000000E+00    0.0000000000E+00    0.0000000000E+00   -0.2268235395E-08    0.1634335317E-07
    0.1156315088E-06   -0.5496694040E-08    0.3099672235E-06    0.1926259391E-04    0.0000000000E+00    0.0000000000E+00    0.0000000000E+00    0.7978581955E-09   -0.5710284622E-08
   -0.4674546452E-07    0.2325008196E-08   -0.1237142664E-06   -0.7638578360E-05    0.0000000000E+00    0.0000000000E+00    0.0000000000E+00   -0.2706608840E-09    0.1927965706E-08
    0.1776973452E-07   -0.9089741595E-09    0.4656473427E-07    0.2862013214E-05    0.0000000000E+00    0.0000000000E+00    0.0000000000E+00    0.8705905391E-10   -0.6180680692E-09
   -0.6181184379E-08    0.3218227227E-09   -0.1607485547E-07   -0.9848430114E-06    0.0000000000E+00    0.0000000000E+00    0.0000000000E+00   -0.2586277335E-10    0.1831780337E-09
    0.1885272037E-08   -0.9926565035E-10    0.4874605736E-08    0.2979725516E-06    0.0000000000E+00    0.0000000000E+00    0.0000000000E+00    0.6807820727E-11   -0.4813751098E-10
   -0.4701300872E-09    0.2493242136E-10   -0.1210290910E-08   -0.7386408878E-07    0.0000000000E+00    0.0000000000E+00    0.0000000000E+00   -0.1482720925E-11    0.1047188045E-10
    0.8439751687E-10   -0.4496563308E-11    0.2165623212E-09    0.1320193717E-07    0.0000000000E+00    0.0000000000E+00    0.0000000000E+00    0.2355988533E-12   -0.1662563078E-11
   -0.8068469475E-11    0.4311556588E-12   -0.2065329046E-10   -0.1258053954E-08    0.0000000000E+00    0.0000000000E+00    0.0000000000E+00   -0.2022772786E-13    0.1426584849E-12
 l,ispin:           1           2
 psi n=1,noccmax(l):
    0.2017400128E+00    0.5269488514E-01    0.4194749825E-01   -0.3092220401E-01    0.0000000000E+00    0.0000000000E+00    0.0000000000E+00   -0.9695668624E-01    0.5518064488E-01
   -0.6499035832E+00   -0.1721530716E+00   -0.1404682924E+00    0.9492240819E-01    0.0000000000E+00    0.0000000000E+00    0.0000000000E+00    0.3182130375E+00   -0.1803979992E+00
    0.7385123991E+00    0.2001570137E+00    0.1785631456E+00   -0.8171305390E-01    0.0000000000E+00    0.0000000000E+00    0.0000000000E+00   -0.4861145179E+00    0.2696204360E+00
   -0.2341349136E-01   -0.1598921570E-01   -0.6266939957E-01   -0.8553131843E-01    0.0000000000E+00    0.0000000000E+00    0.0000000000E+00    0.4325179067E+00   -0.2238848125E+00
   -0.8409762619E+00   -0.2136961957E+00   -0.8837455580E-01    0.2828231027E+00    0.0000000000E+00    0.0000000000E+00    0.0000000000E+00   -0.2467387156E+00    0.1016998281E+00
    0.8701223435E+00    0.2398770871E+00    0.9326958533E-01   -0.3325310570E+00    0.0000000000E+00    0.0000000000E+00    0.0000000000E+00    0.1397739638E+00   -0.3402717848E-01
    0.5637793062E+00    0.8750616173E-01    0.1582248944E+00    0.1287825766E+00    0.0000000000E+00    0.0000000000E+00    0.0000000000E+00   -0.2127253650E+00    0.8372772810E-01
   -0.4742518030E+00   -0.6416453959E-01   -0.1491119345E+00   -0.1506069556E+00    0.0000000000E+00    0.0000000000E+00    0.0000000000E+00    0.3776902304E-01    0.1350138614E-01
   -0.3826491956E+01   -0.9447208697E+00   -0.5915580977E+00    0.8407330536E+00    0.0000000000E+00    0.0000000000E+00    0.0000000000E+00    0.4463201199E+00   -0.3130070337E+00
    0.1693561884E+01    0.3775331386E+00    0.1726187241E+00   -0.4471070136E+00    0.0000000000E+00    0.0000000000E+00    0.0000000000E+00    0.3389628249E-01    0.1741059508E-01
    0.3548094446E+00    0.1424062298E+00    0.2129853599E+00    0.7576848253E-01    0.0000000000E+00    0.0000000000E+00    0.0000000000E+00   -0.2796755222E-01   -0.5895785756E-02
    0.1132756664E+01    0.3172943892E+00    0.1327887525E+00   -0.3838204665E+00    0.0000000000E+00    0.0000000000E+00    0.0000000000E+00   -0.1460790388E+00    0.1137691148E+00
    0.2852163768E+00    0.1109868230E+00    0.1930887935E+00    0.5260782665E-01    0.0000000000E+00    0.0000000000E+00    0.0000000000E+00   -0.9819978193E-01    0.3914547443E-01
    0.3590992975E+00    0.1602419979E+00    0.1979079563E-01   -0.2324283166E+00    0.0000000000E+00    0.0000000000E+00    0.0000000000E+00   -0.9412337768E-01    0.8287645959E-01
    0.7836102944E-02   -0.1112248306E+00   -0.1015326604E-01    0.2115449882E+00    0.0000000000E+00    0.0000000000E+00    0.0000000000E+00   -0.4345868108E-01    0.7897830787E-03
    0.7419077587E-01    0.1527363696E+00    0.1067049990E+00   -0.3222789435E+00    0.0000000000E+00    0.0000000000E+00    0.0000000000E+00   -0.1961631693E-01    0.3402068398E-01
   -0.2391684842E-01   -0.1007671504E+00   -0.1347625142E+00    0.3874010892E+00    0.0000000000E+00    0.0000000000E+00    0.0000000000E+00   -0.2510471132E-01    0.8398646879E-02
    0.1736520566E-01   -0.1907490046E-02    0.6955235021E-01   -0.3517589011E+00    0.0000000000E+00    0.0000000000E+00    0.0000000000E+00   -0.6091352326E-02    0.9979023605E-03
   -0.9705561922E-02   -0.2251449074E-01   -0.6793534149E-01    0.3675345045E+00    0.0000000000E+00    0.0000000000E+00    0.0000000000E+00   -0.5725137588E-02    0.8064872189E-02
    0.5543329587E-02   -0.2244113448E-01   -0.2946553218E-01   -0.2202333875E+00    0.0000000000E+00    0.0000000000E+00    0.0000000000E+00   -0.2595687457E-02   -0.5636604908E-03
   -0.3106014120E-02   -0.1665068854E-01   -0.2265525009E-01    0.2946573162E+00    0.0000000000E+00    0.0000000000E+00    0.0000000000E+00   -0.1321273523E-02   -0.2978354292E-03
    0.1710194316E-02   -0.7085716450E-02   -0.1268399064E-01   -0.2133688303E+00    0.0000000000E+00    0.0000000000E+00    0.0000000000E+00   -0.3179666226E-03   -0.2537247522E-02
   -0.9245563628E-03   -0.1086318128E-02    0.4278265619E-01   -0.7904275358E-01    0.0000000000E+00    0.0000000000E+00    0.0000000000E+00   -0.4232321085E-04   -0.1944003348E-02
    0.4904955535E-03    0.2444566364E-03   -0.1515866501E-02    0.1156968098E+00    0.0000000000E+00    0.0000000000E+00    0.0000000000E+00    0.1129434233E-04    0.1903545133E-03
   -0.2552779262E-03   -0.1016465993E-03    0.3632385585E-03   -0.3560104785E-01    0.0000000000E+00    0.0000000000E+00    0.0000000000E+00   -0.4389714664E-05   -0.5411919092E-04
    0.1303210446E-03    0.4589195190E-04   -0.1101612495E-03    0.1357259767E-01    0.0000000000E+00    0.0000000000E+00    0.0000000000E+00    0.1743640780E-05    0.1818860361E-04
   -0.6526022633E-04   -0.2102971971E-04    0.3609923433E-04   -0.5593443763E-02    0.0000000000E+00    0.0000000000E+00    0.0000000000E+00   -0.6864051449E-06   -0.6466151532E-05
    0.3205886488E-04    0.9617346459E-05   -0.1234958997E-04    0.2382383695E-02    0.0000000000E+00    0.0000000000E+00    0.0000000000E+00    0.2666196444E-06    0.2350398475E-05
   -0.1544902964E-04   -0.4365177437E-05    0.4371686392E-05   -0.1029011632E-02    0.0000000000E+00    0.0000000000E+00    0.0000000000E+00   -0.1021956658E-06   -0.8615293735E-06
    0.7300367328E-05    0.1961448920E-05   -0.1596152492E-05    0.4463110764E-03    0.0000000000E+00    0.0000000000E+00    0.0000000000E+00    0.3867472914E-07    0.3161802017E-06
   -0.3379172730E-05   -0.8705884801E-06    0.5988130204E-06   -0.1931034908E-03    0.0000000000E+00    0.0000000000E+00    0.0000000000E+00   -0.1444558728E-07   -0.1156078548E-06
    0.1528657588E-05    0.3804724079E-06   -0.2293436758E-06    0.8284254637E-04    0.0000000000E+00    0.0000000000E+00    0.0000000000E+00    0.5315774333E-08    0.4191323534E-07
   -0.6730403816E-06   -0.1628960446E-06    0.8879385512E-07   -0.3499317759E-04    0.0000000000E+00    0.0000000000E+00    0.0000000000E+00   -0.1919676348E-08   -0.1497875907E-07
    0.2863994554E-06    0.6778651732E-07   -0.3428789605E-07    0.1441948007E-04    0.0000000000E+00    0.0000000000E+00    0.0000000000E+00    0.6757393513E-09    0.5234040472E-08
   -0.1164791079E-06   -0.2708783036E-07    0.1297552400E-07   -0.5721025395E-05    0.0000000000E+00    0.0000000000E+00    0.0000000000E+00   -0.2293518646E-09   -0.1767314921E-08
    0.4449254307E-07    0.1020603248E-07   -0.4701763708E-08    0.2144355060E-05    0.0000000000E+00    0.0000000000E+00    0.0000000000E+00    0.7379889657E-10    0.5666024157E-09
   -0.1553587928E-07   -0.3526245053E-08    0.1580205985E-08   -0.7380917726E-06    0.0000000000E+00    0.0000000000E+00    0.0000000000E+00   -0.2192928667E-10   -0.1679332158E-09
    0.4752593249E-08    0.1070035654E-08   -0.4702943206E-09    0.2233598029E-06    0.0000000000E+00    0.0000000000E+00    0.0000000000E+00    0.5773490445E-11    0.4413294138E-10
   -0.1187873894E-08   -0.2658150677E-09    0.1152561939E-09   -0.5537626877E-07    0.0000000000E+00    0.0000000000E+00    0.0000000000E+00   -0.1257614272E-11   -0.9600989442E-11
    0.2136194437E-09    0.4758301313E-10   -0.2043808026E-10    0.9898567817E-08    0.0000000000E+00    0.0000000000E+00    0.0000000000E+00    0.1998491629E-12    0.1524328154E-11
   -0.2044913128E-10   -0.4539368337E-11    0.1937037285E-11   -0.9433348187E-09    0.0000000000E+00    0.0000000000E+00    0.0000000000E+00   -0.1715953640E-13   -0.1307990657E-12
 l,ispin:           2           1
 psi n=1,noccmax(l):
   -0.6823742442E-01   -0.4327098724E-01   -0.5470790573E-01   -0.5075012927E-02    0.0000000000E+00    0.0000000000E+00    0.0000000000E+00   -0.1948599146E+01
    0.2218438925E+00    0.1397852154E+00    0.1804678524E+00    0.2691706847E-01    0.0000000000E+00    0.0000000000E+00    0.0000000000E+00    0.9591589971E+01
   -0.3367199898E+00   -0.2057759733E+00   -0.2863723001E+00   -0.1030242864E+00    0.0000000000E+00    0.0000000000E+00    0.0000000000E+00   -0.1855524793E+02
    0.2986842062E+00    0.1657276374E+00    0.2843581037E+00    0.2499278935E+00    0.0000000000E+00    0.0000000000E+00    0.0000000000E+00    0.1949068001E+02
   -0.1708799146E+00   -0.6770352389E-01   -0.2105354566E+00   -0.3964085128E+00    0.0000000000E+00    0.0000000000E+00    0.0000000000E+00   -0.1368204986E+02
    0.1025553587E+00    0.1770215722E-01    0.1642956898E+00    0.4466824563E+00    0.0000000000E+00    0.0000000000E+00    0.0000000000E+00    0.1142426969E+02
   -0.1541524555E+00   -0.5866724592E-01   -0.1922049386E+00   -0.3745713443E+00    0.0000000000E+00    0.0000000000E+00    0.0000000000E+00   -0.1928174341E+02
   -0.2152365677E-01   -0.5411531805E-01    0.7625062496E-01    0.4189631826E+00    0.0000000000E+00    0.0000000000E+00    0.0000000000E+00   -0.7237844683E+01
    0.3595645721E+00    0.2923292978E+00    0.1657735743E+00   -0.5902454453E+00    0.0000000000E+00    0.0000000000E+00    0.0000000000E+00   -0.3596401103E+01
    0.5467224822E-01   -0.1040431079E-02    0.7950751624E-01    0.2783396648E+00    0.0000000000E+00    0.0000000000E+00    0.0000000000E+00   -0.1318914067E+01
    0.1480237578E-01    0.3465535332E-01   -0.4066267141E-01   -0.2456682753E+00    0.0000000000E+00    0.0000000000E+00    0.0000000000E+00   -0.6624661479E+00
   -0.1055539089E+00   -0.9902096462E-01   -0.3561336914E-01    0.2701326441E+00    0.0000000000E+00    0.0000000000E+00    0.0000000000E+00   -0.1909366966E+00
   -0.7658378196E-01   -0.3117634886E-01   -0.7166487280E-01   -0.1183032616E+00    0.0000000000E+00    0.0000000000E+00    0.0000000000E+00   -0.9531354254E-01
   -0.7932010006E-01   -0.8113726716E-01   -0.4564463885E-01    0.2026928099E+00    0.0000000000E+00    0.0000000000E+00    0.0000000000E+00   -0.2069823159E-01
   -0.4076450567E-01   -0.2626771223E-02   -0.1891157359E-01   -0.1142536933E+00    0.0000000000E+00    0.0000000000E+00    0.0000000000E+00   -0.1138455202E-01
   -0.1403969210E-01   -0.3108380436E-01   -0.2091642980E-01    0.1363951171E+00    0.0000000000E+00    0.0000000000E+00    0.0000000000E+00   -0.1801331221E-02
   -0.2576101323E-01   -0.1197391474E-01   -0.1995523314E-01   -0.7535528856E-01    0.0000000000E+00    0.0000000000E+00    0.0000000000E+00   -0.1367831494E-02
   -0.5622819951E-02   -0.6576577642E-03    0.1113475816E-01    0.6569128643E-01    0.0000000000E+00    0.0000000000E+00    0.0000000000E+00   -0.6392685046E-05
   -0.5876885232E-02   -0.9192991837E-02   -0.2377228416E-01   -0.3286431354E-01    0.0000000000E+00    0.0000000000E+00    0.0000000000E+00   -0.1537177502E-03
   -0.2977248786E-02   -0.1561631626E-03    0.1549112890E-01    0.2364329052E-01    0.0000000000E+00    0.0000000000E+00    0.0000000000E+00    0.2756724561E-04
   -0.1619689008E-02   -0.2576009830E-03   -0.1130693241E-01   -0.1948915834E-01    0.0000000000E+00    0.0000000000E+00    0.0000000000E+00   -0.1688423328E-04
   -0.4804909752E-03    0.2310595930E-02    0.2079738629E-01   -0.3389436604E-01    0.0000000000E+00    0.0000000000E+00    0.0000000000E+00    0.5948252404E-05
   -0.6497771444E-04    0.2258350374E-02   -0.6329054883E-02    0.4960987701E-01    0.0000000000E+00    0.0000000000E+00    0.0000000000E+00   -0.2265650069E-05
    0.1467743097E-04   -0.2083927927E-03   -0.2308507240E-02   -0.2203085264E-01    0.0000000000E+00    0.0000000000E+00    0.0000000000E+00    0.8282665362E-06
   -0.5448880164E-05    0.5911117874E-04    0.6418920793E-03    0.4720884712E-02    0.0000000000E+00    0.0000000000E+00    0.0000000000E+00   -0.2938485498E-06
    0.2121496496E-05   -0.1986433305E-04   -0.2092377803E-03   -0.1383350561E-02    0.0000000000E+00    0.0000000000E+00    0.0000000000E+00    0.1014388477E-06
   -0.8261282172E-06    0.7061728677E-05    0.7270965538E-04    0.4539248970E-03    0.0000000000E+00    0.0000000000E+00    0.0000000000E+00   -0.3419056446E-07
    0.3187666883E-06   -0.2566595282E-05   -0.2599888493E-04   -0.1566846150E-03    0.0000000000E+00    0.0000000000E+00    0.0000000000E+00    0.1129223890E-07
   -0.1216541189E-06    0.9406159728E-06    0.9416091989E-05    0.5544046077E-04    0.0000000000E+00    0.0000000000E+00    0.0000000000E+00   -0.3665774777E-08
    0.4590300470E-07   -0.3451412860E-06   -0.3425107715E-05   -0.1984699129E-04    0.0000000000E+00    0.0000000000E+00    0.0000000000E+00    0.1172171739E-08
   -0.1711042301E-07    0.1261752009E-06    0.1244075453E-05    0.7128766556E-05    0.0000000000E+00    0.0000000000E+00    0.0000000000E+00   -0.3695046900E-09
    0.6287356823E-08   -0.4573742577E-07   -0.4488052337E-06   -0.2551484875E-05    0.0000000000E+00    0.0000000000E+00    0.0000000000E+00    0.1147373199E-09
   -0.2268235395E-08    0.1634335317E-07    0.1597995188E-06    0.9033756234E-06    0.0000000000E+00    0.0000000000E+00    0.0000000000E+00   -0.3499388385E-10
    0.7978581955E-09   -0.5710284622E-08   -0.5568524060E-07   -0.3135380181E-06    0.0000000000E+00    0.0000000000E+00    0.0000000000E+00    0.1042353602E-10
   -0.2706608840E-09    0.1927965706E-08    0.1876415275E-07    0.1053497657E-06    0.0000000000E+00    0.0000000000E+00    0.0000000000E+00   -0.3003231653E-11
    0.8705905391E-10   -0.6180680692E-09   -0.6006711292E-08   -0.3365509197E-07    0.0000000000E+00    0.0000000000E+00    0.0000000000E+00    0.8240988356E-12
   -0.2586277335E-10    0.1831780337E-09    0.1778324556E-08    0.9949201107E-08    0.0000000000E+00    0.0000000000E+00    0.0000000000E+00   -0.2101320060E-12
    0.6807820727E-11   -0.4813751098E-10   -0.4669623888E-09   -0.2609779572E-08    0.0000000000E+00    0.0000000000E+00    0.0000000000E+00    0.4785486122E-13
   -0.1482720925E-11    0.1047188045E-10    0.1015254405E-09    0.5669849305E-09    0.0000000000E+00    0.0000000000E+00    0.0000000000E+00   -0.9106952746E-14
    0.2355988533E-12   -0.1662563078E-11   -0.1611193017E-10   -0.8993151885E-10    0.0000000000E+00    0.0000000000E+00    0.0000000000E+00    0.1279396606E-14
   -0.2022772786E-13    0.1426584849E-12    0.1382088118E-11    0.7711420080E-11    0.0000000000E+00    0.0000000000E+00    0.0000000000E+00   -0.9843141167E-16
 l,ispin:           2           2
 psi n=1,noccmax(l):
   -0.9695668624E-01    0.5518064488E-01    0.6340342307E-01    0.1480831912E-02    0.0000000000E+00    0.0000000000E+00    0.0000000000E+00   -0.1989271346E+01
    0.3182130375E+00   -0.1803979992E+00   -0.2100673324E+00    0.4673491732E-02    0.0000000000E+00    0.0000000000E+00    0.0000000000E+00    0.9837482411E+01
   -0.4861145179E+00    0.2696204360E+00    0.3311696934E+00   -0.7145973855E-01    0.0000000000E+00    0.0000000000E+00    0.0000000000E+00   -0.1906232367E+02
    0.4325179067E+00   -0.2238848125E+00   -0.3201457351E+00    0.2310048969E+00    0.0000000000E+00    0.0000000000E+00    0.0000000000E+00    0.2003588977E+02
   -0.2467387156E+00    0.1016998281E+00    0.2231981054E+00   -0.4015129880E+00    0.0000000000E+00    0.0000000000E+00    0.0000000000E+00   -0.1407187124E+02
    0.1397739638E+00   -0.3402717848E-01   -0.1613766791E+00    0.4667419854E+00    0.0000000000E+00    0.0000000000E+00    0.0000000000E+00    0.1178239942E+02
   -0.2127253650E+00    0.8372772810E-01    0.1983303879E+00   -0.3846297972E+00    0.0000000000E+00    0.0000000000E+00    0.0000000000E+00   -0.1995703121E+02
    0.3776902304E-01    0.1350138614E-01   -0.9916208470E-01    0.4100412848E+00    0.0000000000E+00    0.0000000000E+00    0.0000000000E+00   -0.7525414865E+01
    0.4463201199E+00   -0.3130070337E+00   -0.1946412563E+00   -0.6287352893E+00    0.0000000000E+00    0.0000000000E+00    0.0000000000E+00   -0.3709180888E+01
    0.3389628249E-01    0.1741059508E-01   -0.5479425100E-01    0.3122037273E+00    0.0000000000E+00    0.0000000000E+00    0.0000000000E+00   -0.1335867628E+01
   -0.2796755222E-01   -0.5895785756E-02    0.5880505838E-01   -0.2355940757E+00    0.0000000000E+00    0.0000000000E+00    0.0000000000E+00   -0.6615924361E+00
   -0.1460790388E+00    0.1137691148E+00    0.5459479784E-01    0.2943548908E+00    0.0000000000E+00    0.0000000000E+00    0.0000000000E+00   -0.1844186789E+00
   -0.9819978193E-01    0.3914547443E-01    0.7422684658E-01   -0.1202386097E+00    0.0000000000E+00    0.0000000000E+00    0.0000000000E+00   -0.9144838939E-01
   -0.9412337768E-01    0.8287645959E-01    0.5010002545E-01    0.2096834431E+00    0.0000000000E+00    0.0000000000E+00    0.0000000000E+00   -0.1813620856E-01
   -0.4345868108E-01    0.7897830787E-03    0.1459401286E-01   -0.1205426551E+00    0.0000000000E+00    0.0000000000E+00    0.0000000000E+00   -0.1045869088E-01
   -0.1961631693E-01    0.3402068398E-01    0.2610511885E-01    0.1431979162E+00    0.0000000000E+00    0.0000000000E+00    0.0000000000E+00   -0.1230392947E-02
   -0.2510471132E-01    0.8398646879E-02    0.1326007612E-01   -0.8463634315E-01    0.0000000000E+00    0.0000000000E+00    0.0000000000E+00   -0.1157535169E-02
   -0.6091352326E-02    0.9979023605E-03   -0.7514263616E-02    0.7228938271E-01    0.0000000000E+00    0.0000000000E+00    0.0000000000E+00    0.6820751853E-04
   -0.5725137588E-02    0.8064872189E-02    0.1947559773E-01   -0.4104875678E-01    0.0000000000E+00    0.0000000000E+00    0.0000000000E+00   -0.1268377414E-03
   -0.2595687457E-02   -0.5636604908E-03   -0.1424872765E-01    0.2810277122E-01    0.0000000000E+00    0.0000000000E+00    0.0000000000E+00    0.3352129032E-04
   -0.1321273523E-02   -0.2978354292E-03    0.8706334026E-02   -0.2685800920E-01    0.0000000000E+00    0.0000000000E+00    0.0000000000E+00   -0.1571256124E-04
   -0.3179666226E-03   -0.2537247522E-02   -0.1909526965E-01   -0.2424093587E-01    0.0000000000E+00    0.0000000000E+00    0.0000000000E+00    0.5927720788E-05
   -0.4232321085E-04   -0.1944003348E-02    0.6752440741E-02    0.4446571066E-01    0.0000000000E+00    0.0000000000E+00    0.0000000000E+00   -0.2238798967E-05
    0.1129434233E-04    0.1903545133E-03    0.1855866839E-02   -0.2087616689E-01    0.0000000000E+00    0.0000000000E+00    0.0000000000E+00    0.8196901871E-06
   -0.4389714664E-05   -0.5411919092E-04   -0.5190034021E-03    0.4610249759E-02    0.0000000000E+00    0.0000000000E+00    0.0000000000E+00   -0.2916233075E-06
    0.1743640780E-05    0.1818860361E-04    0.1692897071E-03   -0.1370678663E-02    0.0000000000E+00    0.0000000000E+00    0.0000000000E+00    0.1010372787E-06
   -0.6864051449E-06   -0.6466151532E-05   -0.5882825556E-04    0.4534823530E-03    0.0000000000E+00    0.0000000000E+00    0.0000000000E+00   -0.3419198882E-07
    0.2666196444E-06    0.2350398475E-05    0.2103499127E-04   -0.1573253431E-03    0.0000000000E+00    0.0000000000E+00    0.0000000000E+00    0.1133789791E-07
   -0.1021956658E-06   -0.8615293735E-06   -0.7618586567E-05    0.5584857028E-04    0.0000000000E+00    0.0000000000E+00    0.0000000000E+00   -0.3694255559E-08
    0.3867472914E-07    0.3161802017E-06    0.2771465089E-05   -0.2003615205E-04    0.0000000000E+00    0.0000000000E+00    0.0000000000E+00    0.1185134857E-08
   -0.1444558728E-07   -0.1156078548E-06   -0.1006744221E-05    0.7207134160E-05    0.0000000000E+00    0.0000000000E+00    0.0000000000E+00   -0.3746219518E-09
    0.5315774333E-08    0.4191323534E-07    0.3632177625E-06   -0.2582073705E-05    0.0000000000E+00    0.0000000000E+00    0.0000000000E+00    0.1165895219E-09
   -0.1919676348E-08   -0.1497875907E-07   -0.1293354727E-06    0.9148221825E-06    0.0000000000E+00    0.0000000000E+00    0.0000000000E+00   -0.3562322482E-10
    0.6757393513E-09    0.5234040472E-08    0.4507236681E-07   -0.3176580591E-06    0.0000000000E+00    0.0000000000E+00    0.0000000000E+00    0.1062611192E-10
   -0.2293518646E-09   -0.1767314921E-08   -0.1518875724E-07    0.1067682691E-06    0.0000000000E+00    0.0000000000E+00    0.0000000000E+00   -0.3064976011E-11
    0.7379889657E-10    0.5666024157E-09    0.4862374826E-08   -0.3411579738E-07    0.0000000000E+00    0.0000000000E+00    0.0000000000E+00    0.8417519233E-12
   -0.2192928667E-10   -0.1679332158E-09   -0.1439584378E-08    0.1008694262E-07    0.0000000000E+00    0.0000000000E+00    0.0000000000E+00   -0.2147705865E-12
    0.5773490445E-11    0.4413294138E-10    0.3780238020E-09   -0.2646192130E-08    0.0000000000E+00    0.0000000000E+00    0.0000000000E+00    0.4893475125E-13
   -0.1257614272E-11   -0.9600989442E-11   -0.8219031283E-10    0.5749381922E-09    0.0000000000E+00    0.0000000000E+00    0.0000000000E+00   -0.9315798880E-14
    0.1998491629E-12    0.1524328154E-11    0.1304366842E-10   -0.9119770171E-10    0.0000000000E+00    0.0000000000E+00    0.0000000000E+00    0.1309084254E-14
   -0.1715953640E-13   -0.1307990657E-12   -0.1118903741E-11    0.7820272240E-11    0.0000000000E+00    0.0000000000E+00    0.0000000000E+00   -0.1007351683E-15
 l,ispin:           3           1
 psi n=1,noccmax(l):
   -0.1948599146E+01   -0.1000932020E+00   -0.1502531054E+00   -0.6163635025E-01    0.0000000000E+00    0.0000000000E+00    0.0000000000E+00
    0.9591589971E+01    0.4938039939E+00    0.7009137096E+00   -0.1705641996E+00    0.0000000000E+00    0.0000000000E+00    0.0000000000E+00
   -0.1855524793E+02   -0.9559510122E+00   -0.1335083893E+01    0.5877183972E+00    0.0000000000E+00    0.0000000000E+00    0.0000000000E+00
    0.1949068001E+02    0.1004121867E+01    0.1407038823E+01   -0.5648844761E+00    0.0000000000E+00    0.0000000000E+00    0.0000000000E+00
   -0.1368204986E+02   -0.7044159063E+00   -0.1006408002E+01    0.1729415986E+00    0.0000000000E+00    0.0000000000E+00    0.0000000000E+00
    0.1142426969E+02    0.5863363326E+00    0.8370081026E+00   -0.1453523815E+00    0.0000000000E+00    0.0000000000E+00    0.0000000000E+00
   -0.1928174341E+02   -0.9831493839E+00   -0.1341466818E+01    0.9248146087E+00    0.0000000000E+00    0.0000000000E+00    0.0000000000E+00
   -0.7237844683E+01   -0.3723636557E+00   -0.4518986177E+00    0.1003934167E+01    0.0000000000E+00    0.0000000000E+00    0.0000000000E+00
   -0.3596401103E+01   -0.1940637815E+00   -0.2863763530E+00    0.2201660386E-02    0.0000000000E+00    0.0000000000E+00    0.0000000000E+00
   -0.1318914067E+01   -0.7297196914E-01   -0.7839907078E-01    0.3299397633E+00    0.0000000000E+00    0.0000000000E+00    0.0000000000E+00
   -0.6624661479E+00   -0.3415861667E-01   -0.5887291278E-01   -0.9320617868E-01    0.0000000000E+00    0.0000000000E+00    0.0000000000E+00
   -0.1909366966E+00   -0.9937228261E-02   -0.3173303484E-02    0.1144088478E+00    0.0000000000E+00    0.0000000000E+00    0.0000000000E+00
   -0.9531354254E-01   -0.3496215255E-02   -0.1132352593E-01   -0.6216986001E-01    0.0000000000E+00    0.0000000000E+00    0.0000000000E+00
   -0.2069823159E-01   -0.1481660496E-02    0.3444430275E-02    0.4618256888E-01    0.0000000000E+00    0.0000000000E+00    0.0000000000E+00
   -0.1138455202E-01    0.2357042521E-02    0.1127054809E-03   -0.3490856447E-01    0.0000000000E+00    0.0000000000E+00    0.0000000000E+00
   -0.1801331221E-02   -0.2319697169E-02   -0.1297692886E-02    0.2548228327E-01    0.0000000000E+00    0.0000000000E+00    0.0000000000E+00
   -0.1367831494E-02    0.1799523409E-02    0.2175065335E-02   -0.2041649062E-01    0.0000000000E+00    0.0000000000E+00    0.0000000000E+00
   -0.6392685046E-05    0.2391503860E-03    0.4260370275E-03    0.1231085769E-01    0.0000000000E+00    0.0000000000E+00    0.0000000000E+00
   -0.1537177502E-03   -0.1155127134E-03   -0.1219273718E-03   -0.9524920392E-02    0.0000000000E+00    0.0000000000E+00    0.0000000000E+00
    0.2756724561E-04    0.4654896526E-03    0.1302135007E-02    0.4664867894E-02    0.0000000000E+00    0.0000000000E+00    0.0000000000E+00
   -0.1688423328E-04    0.2291338116E-03    0.2126445143E-04   -0.5181503225E-02    0.0000000000E+00    0.0000000000E+00    0.0000000000E+00
    0.5948252404E-05    0.3098322933E-03    0.1197555531E-02    0.1465799676E-02    0.0000000000E+00    0.0000000000E+00    0.0000000000E+00
   -0.2265650069E-05    0.1343776257E-03   -0.6533357312E-03    0.1554894264E-02    0.0000000000E+00    0.0000000000E+00    0.0000000000E+00
    0.8282665362E-06   -0.1267410228E-04   -0.4192575535E-04   -0.9831090605E-03    0.0000000000E+00    0.0000000000E+00    0.0000000000E+00
   -0.2938485498E-06    0.3132031346E-05    0.1040923243E-04    0.2067236815E-03    0.0000000000E+00    0.0000000000E+00    0.0000000000E+00
    0.1014388477E-06   -0.9031184720E-06   -0.2856812576E-05   -0.5435109674E-04    0.0000000000E+00    0.0000000000E+00    0.0000000000E+00
   -0.3419056446E-07    0.2731697846E-06    0.8271024641E-06    0.1547524209E-04    0.0000000000E+00    0.0000000000E+00    0.0000000000E+00
    0.1129223890E-07   -0.8399712449E-07   -0.2460690271E-06   -0.4563255320E-05    0.0000000000E+00    0.0000000000E+00    0.0000000000E+00
   -0.3665774777E-08    0.2595007986E-07    0.7422716079E-07    0.1368401798E-05    0.0000000000E+00    0.0000000000E+00    0.0000000000E+00
    0.1172171739E-08   -0.8010941699E-08   -0.2252766494E-07   -0.4134820068E-06    0.0000000000E+00    0.0000000000E+00    0.0000000000E+00
   -0.3695046900E-09    0.2462210939E-08    0.6841010068E-08    0.1251352011E-06    0.0000000000E+00    0.0000000000E+00    0.0000000000E+00
    0.1147373199E-09   -0.7507013640E-09   -0.2068051390E-08   -0.3772793309E-07    0.0000000000E+00    0.0000000000E+00    0.0000000000E+00
   -0.3499388385E-10    0.2259444615E-09    0.6187064334E-09    0.1126382339E-07    0.0000000000E+00    0.0000000000E+00    0.0000000000E+00
    0.1042353602E-10   -0.6665879121E-10   -0.1817604590E-09   -0.3303741810E-08    0.0000000000E+00    0.0000000000E+00    0.0000000000E+00
   -0.3003231653E-11    0.1907283012E-10    0.5185130636E-10    0.9413164034E-09    0.0000000000E+00    0.0000000000E+00    0.0000000000E+00
    0.8240988356E-12   -0.5207453882E-11   -0.1412719018E-10   -0.2562297565E-09    0.0000000000E+00    0.0000000000E+00    0.0000000000E+00
   -0.2101320060E-12    0.1323014625E-11    0.3583858403E-11    0.6495644592E-10    0.0000000000E+00    0.0000000000E+00    0.0000000000E+00
    0.4785486122E-13   -0.3005137086E-12   -0.8131985001E-12   -0.1473133844E-10    0.0000000000E+00    0.0000000000E+00    0.0000000000E+00
   -0.9106952746E-14    0.5708146397E-13    0.1543503017E-12    0.2795024191E-11    0.0000000000E+00    0.0000000000E+00    0.0000000000E+00
    0.1279396606E-14   -0.8008308017E-14   -0.2164350807E-13   -0.3918159409E-12    0.0000000000E+00    0.0000000000E+00    0.0000000000E+00
   -0.9843141167E-16    0.6155291185E-15    0.1662939707E-14    0.3009817693E-13    0.0000000000E+00    0.0000000000E+00    0.0000000000E+00
 l,ispin:           3           2
 psi n=1,noccmax(l):
   -0.1989271346E+01   -0.8126440369E-01   -0.1306742634E+00   -0.7906189713E-01    0.0000000000E+00    0.0000000000E+00    0.0000000000E+00
    0.9837482411E+01    0.4030029500E+00    0.6077933002E+00   -0.8566960418E-01    0.0000000000E+00    0.0000000000E+00    0.0000000000E+00
   -0.1906232367E+02   -0.7815879090E+00   -0.1157086145E+01    0.4244258189E+00    0.0000000000E+00    0.0000000000E+00    0.0000000000E+00
    0.2003588977E+02    0.8214915801E+00    0.1220722475E+01   -0.3944983069E+00    0.0000000000E+00    0.0000000000E+00    0.0000000000E+00
   -0.1407187124E+02   -0.5765133890E+00   -0.8757309831E+00    0.5492432448E-01    0.0000000000E+00    0.0000000000E+00    0.0000000000E+00
    0.1178239942E+02    0.4808119042E+00    0.7296408296E+00   -0.4887120476E-01    0.0000000000E+00    0.0000000000E+00    0.0000000000E+00
   -0.1995703121E+02   -0.8075639966E+00   -0.1164563527E+01    0.7625445421E+00    0.0000000000E+00    0.0000000000E+00    0.0000000000E+00
   -0.7525414865E+01   -0.3080242396E+00   -0.3886110302E+00    0.9426173396E+00    0.0000000000E+00    0.0000000000E+00    0.0000000000E+00
   -0.3709180888E+01   -0.1612743454E+00   -0.2532308305E+00   -0.2678659309E-01    0.0000000000E+00    0.0000000000E+00    0.0000000000E+00
   -0.1335867628E+01   -0.5989719052E-01   -0.6521518037E-01    0.3159023166E+00    0.0000000000E+00    0.0000000000E+00    0.0000000000E+00
   -0.6615924361E+00   -0.2717085296E-01   -0.5131586826E-01   -0.9972032542E-01    0.0000000000E+00    0.0000000000E+00    0.0000000000E+00
   -0.1844186789E+00   -0.7599743934E-02   -0.7128400423E-03    0.1112165984E+00    0.0000000000E+00    0.0000000000E+00    0.0000000000E+00
   -0.9144838939E-01   -0.2305550350E-02   -0.9911563993E-02   -0.6318978442E-01    0.0000000000E+00    0.0000000000E+00    0.0000000000E+00
   -0.1813620856E-01   -0.1101572138E-02    0.3868692761E-02    0.4537241901E-01    0.0000000000E+00    0.0000000000E+00    0.0000000000E+00
   -0.1045869088E-01    0.2531363428E-02    0.3467545810E-03   -0.3492809297E-01    0.0000000000E+00    0.0000000000E+00    0.0000000000E+00
   -0.1230392947E-02   -0.2262264950E-02   -0.1232224214E-02    0.2522171608E-01    0.0000000000E+00    0.0000000000E+00    0.0000000000E+00
   -0.1157535169E-02    0.1840739106E-02    0.2248857445E-02   -0.2038775803E-01    0.0000000000E+00    0.0000000000E+00    0.0000000000E+00
    0.6820751853E-04    0.2451223022E-03    0.4193660439E-03    0.1224200525E-01    0.0000000000E+00    0.0000000000E+00    0.0000000000E+00
   -0.1268377414E-03   -0.1060031472E-03   -0.9020709892E-04   -0.9523275375E-02    0.0000000000E+00    0.0000000000E+00    0.0000000000E+00
    0.3352129032E-04    0.4672404180E-03    0.1293966729E-02    0.4650471139E-02    0.0000000000E+00    0.0000000000E+00    0.0000000000E+00
   -0.1571256124E-04    0.2306466527E-03    0.3109769134E-04   -0.5175557856E-02    0.0000000000E+00    0.0000000000E+00    0.0000000000E+00
    0.5927720788E-05    0.3093492368E-03    0.1184673837E-02    0.1504684704E-02    0.0000000000E+00    0.0000000000E+00    0.0000000000E+00
   -0.2238798967E-05    0.1336151053E-03   -0.6519051925E-03    0.1524204633E-02    0.0000000000E+00    0.0000000000E+00    0.0000000000E+00
    0.8196901871E-06   -0.1262397523E-04   -0.4086805550E-04   -0.9741104643E-03    0.0000000000E+00    0.0000000000E+00    0.0000000000E+00
   -0.2916233075E-06    0.3121029676E-05    0.1015705962E-04    0.2051098541E-03    0.0000000000E+00    0.0000000000E+00    0.0000000000E+00
    0.1010372787E-06   -0.9001729459E-06   -0.2787214067E-05   -0.5395715944E-04    0.0000000000E+00    0.0000000000E+00    0.0000000000E+00
   -0.3419198882E-07    0.2723221687E-06    0.8067600336E-06    0.1536773565E-04    0.0000000000E+00    0.0000000000E+00    0.0000000000E+00
    0.1133789791E-07   -0.8374527300E-07   -0.2399701979E-06   -0.4532393994E-05    0.0000000000E+00    0.0000000000E+00    0.0000000000E+00
   -0.3694255559E-08    0.2587410069E-07    0.7237737154E-07    0.1359311711E-05    0.0000000000E+00    0.0000000000E+00    0.0000000000E+00
    0.1185134857E-08   -0.7987871245E-08   -0.2196419291E-07   -0.4107689331E-06    0.0000000000E+00    0.0000000000E+00    0.0000000000E+00
   -0.3746219518E-09    0.2455201303E-08    0.6669485401E-08    0.1243211460E-06    0.0000000000E+00    0.0000000000E+00    0.0000000000E+00
    0.1165895219E-09   -0.7485812776E-09   -0.2016117778E-08   -0.3748397501E-07    0.0000000000E+00    0.0000000000E+00    0.0000000000E+00
   -0.3562322482E-10    0.2253099168E-09    0.6031536263E-09    0.1119129838E-07    0.0000000000E+00    0.0000000000E+00    0.0000000000E+00
    0.1062611192E-10   -0.6647231261E-10   -0.1771885075E-09   -0.3282533801E-08    0.0000000000E+00    0.0000000000E+00    0.0000000000E+00
   -0.3064976011E-11    0.1901961798E-10    0.5054652592E-10    0.9352865940E-09    0.0000000000E+00    0.0000000000E+00    0.0000000000E+00
    0.8417519233E-12   -0.5192952741E-11   -0.1377160519E-10   -0.2545908958E-09    0.0000000000E+00    0.0000000000E+00    0.0000000000E+00
   -0.2147705865E-12    0.1319335276E-11    0.3493637606E-11    0.6454142442E-10    0.0000000000E+00    0.0000000000E+00    0.0000000000E+00
    0.4893475125E-13   -0.2996787344E-12   -0.7927248975E-12   -0.1463728776E-10    0.0000000000E+00    0.0000000000E+00    0.0000000000E+00
   -0.9315798880E-14    0.5692296491E-13    0.1504640528E-12    0.2777189213E-11    0.0000000000E+00    0.0000000000E+00    0.0000000000E+00
    0.1309084254E-14   -0.7986081118E-14   -0.2109854629E-13   -0.3893167214E-12    0.0000000000E+00    0.0000000000E+00    0.0000000000E+00
   -0.1007351683E-15    0.6138212611E-15    0.1621067686E-14    0.2990624559E-13    0.0000000000E+00    0.0000000000E+00    0.0000000000E+00
