   40             4.00000 ng, rij 
     2.410     4.820                                       rcov,rprb 
 r                           (non)relativistic calculation
 PBE                         XC-functional
101.000 41.000    0.2175000000    0.1648417856E+03   -0.1772713303E+02    0.0000000000E+00    0.0000000000E+00  znuc,zion,rloc,gpot()
   3                                                       lpx, (Projectors for l=0..lpx)
    0.1645187546    0.1518118318E+02    0.2404917018E+02   -0.6247220814E+02   -0.1932054140E+02    0.4988542339E+02   -0.3959532730E+02  r_l(),hsep(), so=+0.5
    0.2031352703    0.6272220646E+01    0.1961995456E+02   -0.5617526984E+02   -0.1979798552E+02    0.4685058475E+02   -0.3329695946E+02  r_l(),hsep(), so=+0.5
    0.4850861282E+01   -0.2233417560E+02    0.6498975883E+02    0.2316344654E+02   -0.5481471912E+02    0.3895711207E+02         hsep(), so=-0.5
    0.4274851580    0.3333320165E+01   -0.2216348054E+01    0.2513102473E+01    0.0000000000E+00   -0.0000000000E+00    0.0000000000E+00  r_l(),hsep(), so=+0.5
    0.1816876612E+01   -0.1154719203E+01    0.1309328505E+01    0.0000000000E+00   -0.0000000000E+00    0.0000000000E+00         hsep(), so=-0.5
    0.2176982644   -0.3417804090E+00   -0.0000000000E+00    0.0000000000E+00    0.0000000000E+00   -0.0000000000E+00    0.0000000000E+00  r_l(),hsep(), so=+0.5
   -0.8460765025E+00   -0.0000000000E+00    0.0000000000E+00    0.0000000000E+00   -0.0000000000E+00    0.0000000000E+00         hsep(), so=-0.5
 ---------------------------------------------
 Additional information (last calculation):
 gaussian exponents:
 xp():   119.57942659780434        84.555423437706438        59.789713298902186        42.277711718853240        29.894856649451096        21.138855859426616        14.947428324725548        10.569427929713312        7.4737141623627741        5.2847139648566586        3.7368570811813888        2.6423569824283293        1.8684285405906944        1.3211784912141649       0.93421427029534776       0.66058924560708265       0.46710713514767399       0.33029462280354149       0.23355356757383708       0.16514731140177077       0.11677678378691854        8.2573655700885373E-002   5.8388391893459311E-002   4.1286827850442701E-002   2.9194195946729649E-002   2.0643413925221357E-002   1.4597097973364828E-002   1.0321706962610680E-002   7.2985489866824148E-003   5.1608534813053419E-003   3.6492744933412091E-003   2.5804267406526714E-003   1.8246372466706046E-003   1.2902133703263357E-003   9.1231862333530250E-004   6.4510668516316817E-004   4.5615931166765130E-004   3.2255334258158409E-004   2.2807965583382576E-004   1.6127667129079210E-004
 orbital coefficients (one orbital per column)
 l,ispin:           0           1
 psi n=1,noccmax(l):
   -0.4333070490E-01    0.3705727828E-01    0.1126031782E-01    0.5748938881E-02    0.5840490558E-02    0.0000000000E+00    0.0000000000E+00   -0.7188883090E+00    0.2869354903E+00
    0.1472599155E+00   -0.1773070187E+00   -0.5506004939E-01   -0.2774879763E-01   -0.2883027461E-01    0.0000000000E+00    0.0000000000E+00    0.3110087330E+01   -0.1271663298E+01
    0.7896799300E-01    0.3152117893E+00    0.1042557261E+00    0.4948883755E-01    0.5651946585E-01    0.0000000000E+00    0.0000000000E+00   -0.6808865857E+01    0.2846034916E+01
   -0.1755984952E+01    0.8548253089E-01   -0.3592765687E-02    0.1613689449E-01   -0.1252124110E-01    0.0000000000E+00    0.0000000000E+00    0.9435329299E+01   -0.3900903139E+01
    0.5193068643E+01   -0.1293723879E+01   -0.3331787350E+00   -0.2171418285E+00   -0.1466797135E+00    0.0000000000E+00    0.0000000000E+00   -0.8813214658E+01    0.3033033004E+01
   -0.2932316074E+01   -0.5919257271E+00   -0.2313067211E+00   -0.8152110144E-01   -0.1404539347E+00    0.0000000000E+00    0.0000000000E+00    0.1054424262E+02   -0.2677200025E+01
   -0.1714530828E+02    0.1261933053E+02    0.3827233660E+01    0.2072893401E+01    0.1932479220E+01    0.0000000000E+00    0.0000000000E+00   -0.1976709921E+02    0.9936589271E+01
    0.1547674182E+02   -0.1353022231E+02   -0.4261652079E+01   -0.2306696135E+01   -0.2169342549E+01    0.0000000000E+00    0.0000000000E+00   -0.9922185581E+00   -0.1020291575E+02
    0.1696176090E+02   -0.7800115143E+01   -0.2129571606E+01   -0.1283777726E+01   -0.9941794322E+00    0.0000000000E+00    0.0000000000E+00    0.3499976815E+02   -0.8145650310E+01
   -0.7317438647E+01    0.3905801619E+01    0.1100663711E+01    0.7355708599E+00    0.4867547576E+00    0.0000000000E+00    0.0000000000E+00   -0.6372995582E+01    0.2979600770E+01
   -0.4505799899E-01    0.2005939562E+01    0.6957558933E+00    0.2505771529E+00    0.4138244827E+00    0.0000000000E+00    0.0000000000E+00   -0.4799514752E+01    0.3251867283E+01
   -0.7710130987E+01    0.5496943839E+01    0.1716481427E+01    0.1127042689E+01    0.7902835720E+00    0.0000000000E+00    0.0000000000E+00   -0.7798621593E+01    0.4155465423E+01
    0.8307346458E+00    0.1164810850E+01    0.4421173657E+00    0.6849825118E-01    0.2995012960E+00    0.0000000000E+00    0.0000000000E+00   -0.2130845745E+01    0.1611930812E+01
   -0.2482570579E+01    0.1244184686E+01    0.4531187524E+00    0.4665746715E+00    0.1600579350E+00    0.0000000000E+00    0.0000000000E+00   -0.1765777983E+01    0.7728623056E+00
    0.1334752513E+01   -0.1403024705E+01   -0.5708287517E+00   -0.5642765706E+00   -0.2323201030E+00    0.0000000000E+00    0.0000000000E+00    0.1295715405E+00   -0.4381132339E+00
   -0.1002592103E+01   -0.5401280416E+00   -0.2028342847E+00    0.1568093449E+00   -0.1405880890E+00    0.0000000000E+00    0.0000000000E+00   -0.2728888146E+00   -0.4135520690E+00
    0.6970957077E+00   -0.1118867957E+01   -0.5849956777E+00   -0.6579060940E+00   -0.3259651352E+00    0.0000000000E+00    0.0000000000E+00    0.1374102518E+00   -0.5060526698E+00
   -0.4816948735E+00   -0.1417346513E+00   -0.3754436905E+00    0.5944118004E-01   -0.2222035565E+00    0.0000000000E+00    0.0000000000E+00   -0.8226573984E-01   -0.2714109910E+00
    0.3292551931E+00   -0.3173199928E+00    0.2999793524E+00    0.7669019976E-01    0.4016703016E+00    0.0000000000E+00    0.0000000000E+00    0.4765065340E-01   -0.1545007139E+00
   -0.2228379349E+00    0.9089571752E-01   -0.5440685004E+00   -0.6615694752E+00   -0.1171817612E+01    0.0000000000E+00    0.0000000000E+00   -0.2731613424E-01   -0.6305359696E-01
    0.1494522395E+00   -0.9174905762E-01    0.3013354627E+00    0.8714507701E+00    0.1705932602E+01    0.0000000000E+00    0.0000000000E+00    0.1549210391E-01   -0.2717619224E-01
   -0.9940771508E-01    0.6091903573E-01    0.5883146132E-01   -0.6565000170E+00   -0.1894347665E+01    0.0000000000E+00    0.0000000000E+00   -0.8698530964E-02   -0.2503669786E-02
    0.6562108184E-01   -0.4197538727E-01    0.8242548609E-01    0.4719031331E+00    0.2003677141E+01    0.0000000000E+00    0.0000000000E+00    0.4838569852E-02   -0.2614788094E-02
   -0.4301246603E-01    0.2838183676E-01    0.1263936001E+00    0.1040204972E+00   -0.1275952835E+01    0.0000000000E+00    0.0000000000E+00   -0.2667888887E-02    0.9889797297E-03
    0.2800155281E-01   -0.1889048595E-01    0.4785992863E-01    0.1840658666E+00    0.1822605214E+01    0.0000000000E+00    0.0000000000E+00    0.1458650974E-02   -0.5901805616E-03
   -0.1810372831E-01    0.1236799312E-01    0.2763011154E-01    0.2865600468E-01   -0.1086785306E+01    0.0000000000E+00    0.0000000000E+00   -0.7908371266E-03    0.3254803780E-03
    0.1161789018E-01   -0.7958651097E-02   -0.5565764768E-02   -0.2837209190E+00   -0.1404769811E+01    0.0000000000E+00    0.0000000000E+00    0.4250277318E-03   -0.1755246224E-03
   -0.7392688206E-02    0.5027587548E-02    0.3838499289E-02   -0.1065855938E-01    0.1546357648E+01    0.0000000000E+00    0.0000000000E+00   -0.2262364145E-03    0.9232299597E-04
    0.4656306770E-02   -0.3112920735E-02   -0.2348482315E-02    0.9699994662E-02   -0.5430237242E+00    0.0000000000E+00    0.0000000000E+00    0.1190873280E-03   -0.4732089540E-04
   -0.2895431785E-02    0.1885011976E-02    0.1381674409E-02   -0.6260706951E-02    0.2424419755E+00    0.0000000000E+00    0.0000000000E+00   -0.6184685120E-04    0.2361376872E-04
    0.1770867068E-02   -0.1112972222E-02   -0.7851273045E-03    0.3682076561E-02   -0.1167881416E+00    0.0000000000E+00    0.0000000000E+00    0.3158310717E-04   -0.1145766454E-04
   -0.1059632846E-02    0.6380335141E-03    0.4309874020E-03   -0.2047787473E-02    0.5752242157E-01    0.0000000000E+00    0.0000000000E+00   -0.1578368936E-04    0.5394174261E-05
    0.6157379747E-03   -0.3530106761E-03   -0.2279977959E-03    0.1087299819E-02   -0.2823601681E-01    0.0000000000E+00    0.0000000000E+00    0.7667982938E-05   -0.2454949053E-05
   -0.3438689963E-03    0.1868796917E-03    0.1155572262E-03   -0.5507725135E-03    0.1357062842E-01    0.0000000000E+00    0.0000000000E+00   -0.3587612431E-05    0.1073252010E-05
    0.1818826326E-03   -0.9346933048E-04   -0.5551604811E-04    0.2639839517E-03   -0.6274694963E-02    0.0000000000E+00    0.0000000000E+00    0.1595194790E-05   -0.4460488352E-06
   -0.8923543504E-04    0.4334649984E-04    0.2483996328E-04   -0.1177746641E-03    0.2730506796E-02    0.0000000000E+00    0.0000000000E+00   -0.6612854886E-06    0.1733219974E-06
    0.3939874144E-04   -0.1811901631E-04   -0.1006787701E-04    0.4759889728E-04   -0.1084475486E-02    0.0000000000E+00    0.0000000000E+00    0.2484596739E-06   -0.6133380196E-07
   -0.1495895698E-04    0.6535050186E-05    0.3538582163E-05   -0.1668697439E-04    0.3755595752E-03    0.0000000000E+00    0.0000000000E+00   -0.8103253181E-07    0.1895683186E-07
    0.4543947437E-05   -0.1894676163E-05   -0.1004457507E-05    0.4726512481E-05   -0.1054598430E-03    0.0000000000E+00    0.0000000000E+00    0.2139093340E-07   -0.4775494314E-08
   -0.9707051768E-06    0.3885068950E-06    0.2025050555E-06   -0.9512178985E-06    0.2109458703E-04    0.0000000000E+00    0.0000000000E+00   -0.4026073686E-08    0.8639123031E-09
    0.1077918372E-06   -0.4166261594E-07   -0.2142871917E-07    0.1005156605E-06   -0.2219446213E-05    0.0000000000E+00    0.0000000000E+00    0.3999761346E-09   -0.8306890559E-10
 l,ispin:           1           1
 psi n=1,noccmax(l):
   -0.7188883090E+00    0.2869354903E+00    0.7497702236E-01    0.5724143277E-01   -0.6662282019E-01    0.0000000000E+00    0.0000000000E+00    0.4022854048E+01   -0.4625259172E+00
    0.3110087330E+01   -0.1271663298E+01   -0.3330582220E+00   -0.2544375101E+00    0.2959437799E+00    0.0000000000E+00    0.0000000000E+00   -0.1482350924E+02    0.1729774261E+01
   -0.6808865857E+01    0.2846034916E+01    0.7483528420E+00    0.5702210138E+00   -0.6702042142E+00    0.0000000000E+00    0.0000000000E+00    0.2959114511E+02   -0.3518416157E+01
    0.9435329299E+01   -0.3900903139E+01   -0.1033255676E+01   -0.7758186267E+00    0.9579831168E+00    0.0000000000E+00    0.0000000000E+00   -0.4038211698E+02    0.4861202180E+01
   -0.8813214658E+01    0.3033033004E+01    0.8144887080E+00    0.5729953919E+00   -0.8571040940E+00    0.0000000000E+00    0.0000000000E+00    0.3628903151E+02   -0.4243458423E+01
    0.1054424262E+02   -0.2677200025E+01   -0.7087530105E+00   -0.4647744155E+00    0.8245841254E+00    0.0000000000E+00    0.0000000000E+00   -0.1856325453E+02    0.1686009041E+01
   -0.1976709921E+02    0.9936589271E+01    0.2644757965E+01    0.2030066247E+01   -0.2347259829E+01    0.0000000000E+00    0.0000000000E+00    0.2745283704E+02   -0.3149695543E+01
   -0.9922185581E+00   -0.1020291575E+02   -0.2943860732E+01   -0.2295337821E+01    0.2643032927E+01    0.0000000000E+00    0.0000000000E+00   -0.5650934045E+02    0.8482394690E+01
    0.3499976815E+02   -0.8145650310E+01   -0.1817176299E+01   -0.1573540516E+01    0.9856599393E+00    0.0000000000E+00    0.0000000000E+00    0.2307870517E+01   -0.1058509007E+01
   -0.6372995582E+01    0.2979600770E+01    0.6798630239E+00    0.6746997179E+00   -0.1662232859E+00    0.0000000000E+00    0.0000000000E+00    0.1479232881E+02   -0.2326031974E+01
   -0.4799514752E+01    0.3251867283E+01    0.9537143144E+00    0.6580869133E+00   -0.1073559277E+01    0.0000000000E+00    0.0000000000E+00    0.1432644373E+02   -0.2258649082E+01
   -0.7798621593E+01    0.4155465423E+01    0.1001602580E+01    0.9294049924E+00   -0.4412528749E+00    0.0000000000E+00    0.0000000000E+00    0.7742429273E+01   -0.1115888335E+01
   -0.2130845745E+01    0.1611930812E+01    0.5036136547E+00    0.2999485158E+00   -0.6922511392E+00    0.0000000000E+00    0.0000000000E+00    0.2803799843E+01   -0.2894620093E+00
   -0.1765777983E+01    0.7728623056E+00    0.1337073397E+00    0.2144818344E+00    0.1826535196E+00    0.0000000000E+00    0.0000000000E+00    0.8763223787E+00   -0.2514011075E+00
    0.1295715405E+00   -0.4381132339E+00   -0.7575573245E-01   -0.1662137023E+00   -0.1996359187E+00    0.0000000000E+00    0.0000000000E+00    0.3210894689E+00    0.3433134021E-01
   -0.2728888146E+00   -0.4135520690E+00   -0.1803115210E+00   -0.5075373325E-01    0.3804945164E+00    0.0000000000E+00    0.0000000000E+00    0.4797901986E-01    0.9221926194E-01
    0.1374102518E+00   -0.5060526698E+00   -0.1016226694E+00   -0.1807970170E+00   -0.1302893730E+00    0.0000000000E+00    0.0000000000E+00    0.1718901512E-01    0.8144740303E-01
   -0.8226573984E-01   -0.2714109910E+00   -0.1984801975E+00   -0.8747745754E-01    0.3695658163E+00    0.0000000000E+00    0.0000000000E+00   -0.2551322287E-02    0.7701494017E-01
    0.4765065340E-01   -0.1545007139E+00    0.1010314369E+00    0.3932121771E-01   -0.3176278558E+00    0.0000000000E+00    0.0000000000E+00    0.1724120921E-02    0.4088800534E-01
   -0.2731613424E-01   -0.6305359696E-01   -0.1788461121E+00   -0.1659713132E+00    0.4642954198E+00    0.0000000000E+00    0.0000000000E+00   -0.7998239226E-03    0.1400464581E-01
    0.1549210391E-01   -0.2717619224E-01    0.6193832360E-01    0.1116232903E+00   -0.4383172172E+00    0.0000000000E+00    0.0000000000E+00    0.3804688381E-03    0.2536587391E-01
   -0.8698530964E-02   -0.2503669786E-02    0.3599516899E-02   -0.5940640436E-01    0.4019149799E+00    0.0000000000E+00    0.0000000000E+00   -0.1794576315E-03    0.5319096497E-02
    0.4838569852E-02   -0.2614788094E-02   -0.9340886266E-03    0.2694312344E-01   -0.3550899850E+00    0.0000000000E+00    0.0000000000E+00    0.8392127746E-04    0.5808816295E-02
   -0.2667888887E-02    0.9889797297E-03    0.2446349646E-01    0.4862616000E-01    0.2138240042E+00    0.0000000000E+00    0.0000000000E+00   -0.3887968792E-04    0.2722479236E-02
    0.1458650974E-02   -0.5901805616E-03    0.1585266607E-01    0.1360613112E-01   -0.2908856894E+00    0.0000000000E+00    0.0000000000E+00    0.1783629334E-04    0.1508349547E-02
   -0.7908371266E-03    0.3254803780E-03    0.1301805169E-01    0.4765861466E-01    0.9281248958E-01    0.0000000000E+00    0.0000000000E+00   -0.8098668661E-05    0.4021796489E-03
    0.4250277318E-03   -0.1755246224E-03    0.1987524537E-02   -0.5256979655E-01    0.2087828409E+00    0.0000000000E+00    0.0000000000E+00    0.3637211612E-05    0.6345358296E-04
   -0.2262364145E-03    0.9232299597E-04   -0.9059956278E-04   -0.2486808252E-02   -0.1661855316E+00    0.0000000000E+00    0.0000000000E+00   -0.1614145865E-05   -0.1555415400E-04
    0.1190873280E-03   -0.4732089540E-04   -0.1562427070E-04    0.9921639210E-03    0.4736912080E-01    0.0000000000E+00    0.0000000000E+00    0.7068064214E-06    0.5870363534E-05
   -0.6184685120E-04    0.2361376872E-04    0.1888832271E-04   -0.4243775589E-03   -0.1740369424E-01    0.0000000000E+00    0.0000000000E+00   -0.3047384168E-06   -0.2282971530E-05
    0.3158310717E-04   -0.1145766454E-04   -0.1157291369E-04    0.1860190545E-03    0.6948707487E-02    0.0000000000E+00    0.0000000000E+00    0.1289855369E-06    0.8789222404E-06
   -0.1578368936E-04    0.5394174261E-05    0.5981400922E-05   -0.8127851476E-04   -0.2852718998E-02    0.0000000000E+00    0.0000000000E+00   -0.5337823836E-07   -0.3317610008E-06
    0.7667982938E-05   -0.2454949053E-05   -0.2831345550E-05    0.3489735260E-04    0.1173415454E-02    0.0000000000E+00    0.0000000000E+00    0.2147452284E-07    0.1221659572E-06
   -0.3587612431E-05    0.1073252010E-05    0.1255915436E-05   -0.1456228822E-04   -0.4752190692E-03    0.0000000000E+00    0.0000000000E+00   -0.8331590755E-08   -0.4362070748E-07
    0.1595194790E-05   -0.4460488352E-06   -0.5233289299E-06    0.5830369757E-05    0.1863062199E-03    0.0000000000E+00    0.0000000000E+00    0.3081380682E-08    0.1495613921E-07
   -0.6612854886E-06    0.1733219974E-06    0.2027563580E-06   -0.2199109954E-05   -0.6923630254E-04    0.0000000000E+00    0.0000000000E+00   -0.1067933943E-08   -0.4846653689E-08
    0.2484596739E-06   -0.6133380196E-07   -0.7138054865E-07    0.7601480939E-06    0.2368250330E-04    0.0000000000E+00    0.0000000000E+00    0.3379502416E-09    0.1447226890E-08
   -0.8103253181E-07    0.1895683186E-07    0.2193705199E-07   -0.2306782135E-06   -0.7133598560E-05    0.0000000000E+00    0.0000000000E+00   -0.9375220159E-10   -0.3822957025E-09
    0.2139093340E-07   -0.4775494314E-08   -0.5496705723E-08    0.5729474734E-07    0.1762503317E-05    0.0000000000E+00    0.0000000000E+00    0.2131139900E-10    0.8346275535E-10
   -0.4026073686E-08    0.8639123031E-09    0.9897455145E-09   -0.1025347340E-07   -0.3142425645E-06    0.0000000000E+00    0.0000000000E+00   -0.3504267979E-11   -0.1328354078E-10
    0.3999761346E-09   -0.8306890559E-10   -0.9479976879E-10    0.9778851122E-09    0.2989045831E-07    0.0000000000E+00    0.0000000000E+00    0.3090809009E-12    0.1141740297E-11
 l,ispin:           1           2
 psi n=1,noccmax(l):
    0.9087656742E+00    0.2834110710E+00    0.6399500741E-01    0.4271012444E-01   -0.4940262643E-01    0.0000000000E+00    0.0000000000E+00    0.4005630002E+01   -0.5623147891E+00
   -0.4041834625E+01   -0.1317704840E+01   -0.2991208204E+00   -0.2006785783E+00    0.2294234058E+00    0.0000000000E+00    0.0000000000E+00   -0.1475598042E+02    0.2107033904E+01
    0.9043658362E+01    0.3108036980E+01    0.7106095893E+00    0.4773957035E+00   -0.5451575056E+00    0.0000000000E+00    0.0000000000E+00    0.2944862054E+02   -0.4296246534E+01
   -0.1208574825E+02   -0.4336558474E+01   -0.1000983743E+01   -0.6618641735E+00    0.7895704959E+00    0.0000000000E+00    0.0000000000E+00   -0.4019124962E+02    0.5945448344E+01
    0.7327360118E+01    0.2561573581E+01    0.6039862956E+00    0.3482711684E+00   -0.5720771184E+00    0.0000000000E+00    0.0000000000E+00    0.3617493408E+02   -0.5170547127E+01
    0.6426128694E+00    0.3655078482E+00    0.7047924768E-01    0.1627078312E+00    0.1572985480E+00    0.0000000000E+00    0.0000000000E+00   -0.1862894779E+02    0.1969423881E+01
    0.2015530701E+02    0.9044467439E+01    0.2103396372E+01    0.1403969086E+01   -0.1637169936E+01    0.0000000000E+00    0.0000000000E+00    0.2726715381E+02   -0.3778684895E+01
   -0.4982518062E+02   -0.2046473065E+02   -0.4805293595E+01   -0.3366707044E+01    0.3468178750E+01    0.0000000000E+00    0.0000000000E+00   -0.5576514969E+02    0.1055520556E+02
    0.2075779253E+01   -0.2523331320E+01   -0.4800988453E+00   -0.4759010613E+00    0.6367370752E-01    0.0000000000E+00    0.0000000000E+00    0.2259264578E+01   -0.1398682953E+01
    0.1218127505E+02    0.7315529582E+01    0.1633624114E+01    0.1317527223E+01   -0.8465657279E+00    0.0000000000E+00    0.0000000000E+00    0.1456502357E+02   -0.2938161304E+01
    0.6921000821E+01    0.5972928526E+01    0.1521087311E+01    0.9859957861E+00   -0.1267487625E+01    0.0000000000E+00    0.0000000000E+00    0.1403738914E+02   -0.2778732175E+01
    0.6518763446E+01    0.3960878718E+01    0.8985025032E+00    0.7781553597E+00   -0.3797838930E+00    0.0000000000E+00    0.0000000000E+00    0.7523774593E+01   -0.1420650016E+01
    0.1021513541E+01    0.9475577744E+00    0.2829139365E+00    0.8992196835E-01   -0.4038444074E+00    0.0000000000E+00    0.0000000000E+00    0.3015802609E+01   -0.4736834593E+00
    0.1019680723E+01   -0.3252034813E+00   -0.1372979742E+00    0.1107307741E-01    0.2906371208E+00    0.0000000000E+00    0.0000000000E+00    0.9298476489E+00   -0.1952040827E+00
   -0.2657677526E+00   -0.9743383875E+00   -0.2609723704E+00   -0.3047259558E+00    0.6876329284E-02    0.0000000000E+00    0.0000000000E+00    0.3048107099E+00    0.7787510011E-01
    0.2053232575E+00   -0.7297714117E+00   -0.2330471450E+00   -0.6517456317E-01    0.3161263786E+00    0.0000000000E+00    0.0000000000E+00    0.4225423824E-01    0.1308250149E+00
   -0.1178398267E+00   -0.5134307493E+00   -0.1609888361E+00   -0.2320198171E+00   -0.8224666128E-02    0.0000000000E+00    0.0000000000E+00    0.1380303575E-01    0.1021231178E+00
    0.6868038056E-01   -0.2168734631E+00   -0.1279991842E+00    0.6840927788E-02    0.1966189449E+00    0.0000000000E+00    0.0000000000E+00   -0.2378197605E-02    0.9087964421E-01
   -0.3949716671E-01   -0.9348593407E-01    0.9026293794E-01   -0.7590915646E-02   -0.1824303901E+00    0.0000000000E+00    0.0000000000E+00    0.1451825698E-02    0.4337951920E-01
    0.2246606846E-01   -0.2316336594E-01   -0.1409968057E+00   -0.9520803351E-01    0.2969899998E+00    0.0000000000E+00    0.0000000000E+00   -0.6806631775E-03    0.1925523689E-01
   -0.1265113014E-01   -0.6702849634E-02    0.9262744051E-01    0.1253780777E+00   -0.3615464863E+00    0.0000000000E+00    0.0000000000E+00    0.3228970378E-03    0.2459917531E-01
    0.7059536711E-02    0.5489391538E-03    0.5595661197E-02   -0.6418114025E-01    0.3274032278E+00    0.0000000000E+00    0.0000000000E+00   -0.1519848005E-03    0.5746654663E-02
   -0.3906838901E-02   -0.6795544073E-03    0.1974061410E-01    0.6379438354E-01   -0.3416679542E+00    0.0000000000E+00    0.0000000000E+00    0.7093861468E-04    0.5604356436E-02
    0.2145648124E-02    0.3761195005E-03    0.2337042002E-01    0.3001420066E-01    0.1980056899E+00    0.0000000000E+00    0.0000000000E+00   -0.3281370801E-04    0.2354153129E-02
   -0.1169894319E-02   -0.2120786901E-03    0.1528086761E-01    0.2047564034E-01   -0.2654276628E+00    0.0000000000E+00    0.0000000000E+00    0.1503670614E-04    0.1225298524E-02
    0.6333112363E-03    0.1169455727E-03    0.7290854606E-02    0.1302697981E-01    0.1825653272E+00    0.0000000000E+00    0.0000000000E+00   -0.6823386422E-05    0.2591772603E-03
   -0.3402652399E-03   -0.6312515479E-04    0.8210300087E-03   -0.4060952181E-01    0.9307295881E-01    0.0000000000E+00    0.0000000000E+00    0.3064318208E-05    0.4331048966E-04
    0.1812898049E-03    0.3333538377E-04   -0.9692344546E-04    0.5026680574E-03   -0.1172546597E+00    0.0000000000E+00    0.0000000000E+00   -0.1360620656E-05   -0.1255532198E-04
   -0.9563864518E-04   -0.1720600995E-04    0.2653779238E-04    0.6620610201E-05    0.3508354990E-01    0.0000000000E+00    0.0000000000E+00    0.5964514033E-06    0.4933063928E-05
    0.4984180835E-04    0.8668334645E-05   -0.8771612334E-05   -0.4492506616E-04   -0.1314915893E-01    0.0000000000E+00    0.0000000000E+00   -0.2575883281E-06   -0.1951771732E-05
   -0.2557347556E-04   -0.4254206876E-05    0.3135091125E-05    0.3099859403E-04    0.5306583986E-02    0.0000000000E+00    0.0000000000E+00    0.1092676383E-06    0.7584943587E-06
    0.1285697751E-04    0.2027926953E-05   -0.1167278535E-05   -0.1672274884E-04   -0.2192958668E-02    0.0000000000E+00    0.0000000000E+00   -0.4533833025E-07   -0.2879662897E-06
   -0.6290855444E-05   -0.9347078033E-06    0.4435718830E-06    0.8076812313E-05    0.9059657842E-03    0.0000000000E+00    0.0000000000E+00    0.1829511163E-07    0.1064457407E-06
    0.2967383402E-05    0.4136586838E-06   -0.1690517858E-06   -0.3619702624E-05   -0.3680027815E-03    0.0000000000E+00    0.0000000000E+00   -0.7121294598E-08   -0.3810760432E-07
   -0.1331281872E-05   -0.1738637961E-06    0.6337555269E-07    0.1516392585E-05    0.1445757612E-03    0.0000000000E+00    0.0000000000E+00    0.2642697168E-08    0.1308996525E-07
    0.5571330189E-06    0.6823541984E-07   -0.2281135033E-07   -0.5891122650E-06   -0.5380831750E-04    0.0000000000E+00    0.0000000000E+00   -0.9189864934E-09   -0.4247453766E-08
   -0.2113581066E-06   -0.2435395921E-07    0.7630658377E-08    0.2076697792E-06    0.1842495041E-04    0.0000000000E+00    0.0000000000E+00    0.2917534958E-09    0.1269488086E-08
    0.6958885280E-07    0.7581127903E-08   -0.2263623270E-08   -0.6385707147E-07   -0.5554178864E-05    0.0000000000E+00    0.0000000000E+00   -0.8117705071E-10   -0.3355689365E-09
   -0.1853548766E-07   -0.1920926759E-08    0.5535178227E-09    0.1600282620E-07    0.1373030319E-05    0.0000000000E+00    0.0000000000E+00    0.1850162846E-10    0.7329650622E-10
    0.3517258039E-08    0.3491215508E-09   -0.9800585702E-10   -0.2881351503E-08   -0.2448990013E-06    0.0000000000E+00    0.0000000000E+00   -0.3049173180E-11   -0.1166954072E-10
   -0.3519445141E-09   -0.3369176626E-10    0.9279153248E-11    0.2759450521E-09    0.2330118598E-07    0.0000000000E+00    0.0000000000E+00    0.2694518252E-12    0.1003261871E-11
 l,ispin:           2           1
 psi n=1,noccmax(l):
    0.4022854048E+01   -0.4625259172E+00    0.3165546488E+00    0.2425583681E+00   -0.3682549123E+00    0.0000000000E+00    0.0000000000E+00    0.6210782221E+01
   -0.1482350924E+02    0.1729774261E+01   -0.1180715978E+01   -0.9151002158E+00    0.1350149996E+01    0.0000000000E+00    0.0000000000E+00   -0.1967419009E+02
    0.2959114511E+02   -0.3518416157E+01    0.2395466344E+01    0.1878005779E+01   -0.2691724924E+01    0.0000000000E+00    0.0000000000E+00    0.3554074151E+02
   -0.4038211698E+02    0.4861202180E+01   -0.3309979589E+01   -0.2598404314E+01    0.3714776126E+01    0.0000000000E+00    0.0000000000E+00   -0.4673565864E+02
    0.3628903151E+02   -0.4243458423E+01    0.2919520280E+01    0.2200626311E+01   -0.3488364518E+01    0.0000000000E+00    0.0000000000E+00    0.4352249682E+02
   -0.1856325453E+02    0.1686009041E+01   -0.1235722075E+01   -0.6903510257E+00    0.2024507989E+01    0.0000000000E+00    0.0000000000E+00   -0.2337949125E+02
    0.2745283704E+02   -0.3149695543E+01    0.2191362223E+01    0.1575968071E+01   -0.2791318708E+01    0.0000000000E+00    0.0000000000E+00    0.2049877635E+02
   -0.5650934045E+02    0.8482394690E+01   -0.5706866534E+01   -0.4782603282E+01    0.5777323103E+01    0.0000000000E+00    0.0000000000E+00   -0.4848254180E+02
    0.2307870517E+01   -0.1058509007E+01    0.8096127259E+00    0.4544402382E+00   -0.1399047240E+01    0.0000000000E+00    0.0000000000E+00    0.9328251841E+01
    0.1479232881E+02   -0.2326031974E+01    0.1451519534E+01    0.1533748231E+01   -0.7103260470E+00    0.0000000000E+00    0.0000000000E+00    0.1329846399E+02
    0.1432644373E+02   -0.2258649082E+01    0.1558418025E+01    0.1207989698E+01   -0.1820135895E+01    0.0000000000E+00    0.0000000000E+00    0.1203171509E+02
    0.7742429273E+01   -0.1115888335E+01    0.6800798836E+00    0.7623231235E+00   -0.2254149151E+00    0.0000000000E+00    0.0000000000E+00    0.6052824976E+01
    0.2803799843E+01   -0.2894620093E+00    0.2365774185E+00    0.8998061379E-01   -0.5034997076E+00    0.0000000000E+00    0.0000000000E+00    0.3312497580E+01
    0.8763223787E+00   -0.2514011075E+00    0.1267687901E+00    0.2095722557E+00    0.1287460627E+00    0.0000000000E+00    0.0000000000E+00    0.1330825264E+01
    0.3210894689E+00    0.3433134021E-01    0.5830317934E-02   -0.7365806134E-01   -0.1907798826E+00    0.0000000000E+00    0.0000000000E+00    0.6026626471E+00
    0.4797901986E-01    0.9221926194E-01   -0.8868519229E-01   -0.2017325007E-01    0.2312035262E+00    0.0000000000E+00    0.0000000000E+00    0.2032599887E+00
    0.1718901512E-01    0.8144740303E-01   -0.3200724771E-01   -0.7667464037E-01   -0.9189625726E-01    0.0000000000E+00    0.0000000000E+00    0.8512905864E-01
   -0.2551322287E-02    0.7701494017E-01   -0.7777327650E-01   -0.3917583123E-01    0.1773885485E+00    0.0000000000E+00    0.0000000000E+00    0.2410734154E-01
    0.1724120921E-02    0.4088800534E-01   -0.1653321668E-02   -0.2065706817E-01   -0.9610732014E-01    0.0000000000E+00    0.0000000000E+00    0.9597919994E-02
   -0.7998239226E-03    0.1400464581E-01   -0.3084808436E-01   -0.1867787447E-01    0.1199661911E+00    0.0000000000E+00    0.0000000000E+00    0.2545209213E-02
    0.3804688381E-03    0.2536587391E-01   -0.1064110758E-01   -0.1984275089E-01   -0.6337869130E-01    0.0000000000E+00    0.0000000000E+00    0.1058639038E-02
   -0.1794576315E-03    0.5319096497E-02   -0.8383081030E-03    0.1135885000E-01    0.5517139027E-01    0.0000000000E+00    0.0000000000E+00    0.1466971879E-03
    0.8392127746E-04    0.5808816295E-02   -0.8521786838E-02   -0.2290859707E-01   -0.2511337435E-01    0.0000000000E+00    0.0000000000E+00    0.9956434409E-04
   -0.3887968792E-04    0.2722479236E-02   -0.6002500871E-04    0.1514808099E-01    0.1649624352E-01    0.0000000000E+00    0.0000000000E+00   -0.3611691244E-05
    0.1783629334E-04    0.1508349547E-02   -0.5005557742E-04   -0.1056742594E-01   -0.1333950835E-01    0.0000000000E+00    0.0000000000E+00    0.7766348623E-05
   -0.8098668661E-05    0.4021796489E-03    0.2173049146E-02    0.1917370231E-01   -0.3535230421E-01    0.0000000000E+00    0.0000000000E+00   -0.2325991883E-05
    0.3637211612E-05    0.6345358296E-04    0.2114923835E-02   -0.5496802842E-02    0.4799328965E-01    0.0000000000E+00    0.0000000000E+00    0.9030033286E-06
   -0.1614145865E-05   -0.1555415400E-04   -0.1707133162E-03   -0.2423947545E-02   -0.2066927259E-01    0.0000000000E+00    0.0000000000E+00   -0.3289423014E-06
    0.7068064214E-06    0.5870363534E-05    0.4637815932E-04    0.6600911789E-03    0.4198864310E-02    0.0000000000E+00    0.0000000000E+00    0.1160172617E-06
   -0.3047384168E-06   -0.2282971530E-05   -0.1502569012E-04   -0.2129319505E-03   -0.1196025154E-02    0.0000000000E+00    0.0000000000E+00   -0.3968508598E-07
    0.1289855369E-06    0.8789222404E-06    0.5158846331E-05    0.7293322528E-04    0.3826716229E-03    0.0000000000E+00    0.0000000000E+00    0.1318969869E-07
   -0.5337823836E-07   -0.3317610008E-06   -0.1805325429E-05   -0.2548109492E-04   -0.1281828493E-03    0.0000000000E+00    0.0000000000E+00   -0.4264228158E-08
    0.2147452284E-07    0.1221659572E-06    0.6315057909E-06    0.8899206021E-05    0.4354368778E-04    0.0000000000E+00    0.0000000000E+00    0.1340253093E-08
   -0.8331590755E-08   -0.4362070748E-07   -0.2176591379E-06   -0.3062182880E-05   -0.1470296178E-04    0.0000000000E+00    0.0000000000E+00   -0.4081083825E-09
    0.3081380682E-08    0.1495613921E-07    0.7282280661E-07    0.1022835090E-05    0.4847145502E-05    0.0000000000E+00    0.0000000000E+00    0.1194719958E-09
   -0.1067933943E-08   -0.4846653689E-08   -0.2319975958E-07   -0.3253519168E-06   -0.1527702254E-05    0.0000000000E+00    0.0000000000E+00   -0.3315972675E-10
    0.3379502416E-09    0.1447226890E-08    0.6845524608E-08    0.9587054738E-07    0.4472498652E-06    0.0000000000E+00    0.0000000000E+00    0.8524100603E-11
   -0.9375220159E-10   -0.3822957025E-09   -0.1793297491E-08   -0.2508584254E-07   -0.1164919669E-06    0.0000000000E+00    0.0000000000E+00   -0.1952442160E-11
    0.2131139900E-10    0.8346275535E-10    0.3892354596E-09    0.5439712593E-08    0.2517825516E-07    0.0000000000E+00    0.0000000000E+00    0.3730668914E-12
   -0.3504267979E-11   -0.1328354078E-10   -0.6169609324E-10   -0.8615697859E-09   -0.3978627698E-08    0.0000000000E+00    0.0000000000E+00   -0.5256050666E-13
    0.3090809009E-12    0.1141740297E-11    0.5287679500E-11    0.7379695307E-10    0.3402248096E-09    0.0000000000E+00    0.0000000000E+00    0.4051920768E-14
 l,ispin:           2           2
 psi n=1,noccmax(l):
    0.4005630002E+01   -0.5623147891E+00   -0.3370109185E+00   -0.2640074954E+00    0.3941191503E+00    0.0000000000E+00    0.0000000000E+00    0.6412423826E+01
   -0.1475598042E+02    0.2107033904E+01    0.1259787550E+01    0.9965234926E+00   -0.1446464389E+01    0.0000000000E+00    0.0000000000E+00   -0.2038912739E+02
    0.2944862054E+02   -0.4296246534E+01   -0.2562831535E+01   -0.2047246832E+01    0.2887921692E+01    0.0000000000E+00    0.0000000000E+00    0.3702821581E+02
   -0.4019124962E+02    0.5945448344E+01    0.3546913026E+01    0.2837059543E+01   -0.3990142236E+01    0.0000000000E+00    0.0000000000E+00   -0.4896798810E+02
    0.3617493408E+02   -0.5170547127E+01   -0.3113359148E+01   -0.2406991017E+01    0.3740898842E+01    0.0000000000E+00    0.0000000000E+00    0.4570288499E+02
   -0.1862894779E+02    0.1969423881E+01    0.1258452706E+01    0.7491570303E+00   -0.2139340725E+01    0.0000000000E+00    0.0000000000E+00   -0.2400688624E+02
    0.2726715381E+02   -0.3778684895E+01   -0.2299386406E+01   -0.1705089296E+01    0.2967069633E+01    0.0000000000E+00    0.0000000000E+00    0.2014116009E+02
   -0.5576514969E+02    0.1055520556E+02    0.6233576706E+01    0.5271041125E+01   -0.6284568454E+01    0.0000000000E+00    0.0000000000E+00   -0.5124559492E+02
    0.2259264578E+01   -0.1398682953E+01   -0.9207081888E+00   -0.5814284636E+00    0.1563168009E+01    0.0000000000E+00    0.0000000000E+00    0.1133838838E+02
    0.1456502357E+02   -0.2938161304E+01   -0.1626259910E+01   -0.1660901039E+01    0.7936251210E+00    0.0000000000E+00    0.0000000000E+00    0.1468531210E+02
    0.1403738914E+02   -0.2778732175E+01   -0.1679097267E+01   -0.1331370978E+01    0.1964342339E+01    0.0000000000E+00    0.0000000000E+00    0.1274085865E+02
    0.7523774593E+01   -0.1420650016E+01   -0.7711056571E+00   -0.8255951011E+00    0.2614088170E+00    0.0000000000E+00    0.0000000000E+00    0.6286963299E+01
    0.3015802609E+01   -0.4736834593E+00   -0.3184128761E+00   -0.1749558975E+00    0.6037923317E+00    0.0000000000E+00    0.0000000000E+00    0.3391635758E+01
    0.9298476489E+00   -0.1952040827E+00   -0.7563276528E-01   -0.1533966203E+00   -0.1985302599E+00    0.0000000000E+00    0.0000000000E+00    0.1336362526E+01
    0.3048107099E+00    0.7787510011E-01    0.1879099221E-01    0.8819193552E-01    0.1879664614E+00    0.0000000000E+00    0.0000000000E+00    0.5973367792E+00
    0.4225423824E-01    0.1308250149E+00    0.1029439242E+00    0.3879035331E-01   -0.2581484870E+00    0.0000000000E+00    0.0000000000E+00    0.1957626774E+00
    0.1380303575E-01    0.1021231178E+00    0.3910382050E-01    0.7874905233E-01    0.9655819515E-01    0.0000000000E+00    0.0000000000E+00    0.8089584999E-01
   -0.2378197605E-02    0.9087964421E-01    0.7913335113E-01    0.4325614296E-01   -0.1859163871E+00    0.0000000000E+00    0.0000000000E+00    0.2153109143E-01
    0.1451825698E-02    0.4337951920E-01   -0.9596275204E-04    0.1663617827E-01    0.1035581533E+00    0.0000000000E+00    0.0000000000E+00    0.8666807353E-02
   -0.6806631775E-03    0.1925523689E-01    0.3346818288E-01    0.2341895020E-01   -0.1275048480E+00    0.0000000000E+00    0.0000000000E+00    0.1983590643E-02
    0.3228970378E-03    0.2459917531E-01    0.7253563036E-02    0.1359644138E-01    0.7306522134E-01    0.0000000000E+00    0.0000000000E+00    0.8500360128E-03
   -0.1519848005E-03    0.5746654663E-02    0.1120261363E-02   -0.8042251799E-02   -0.6210081535E-01    0.0000000000E+00    0.0000000000E+00    0.7258717135E-04
    0.7093861468E-04    0.5604356436E-02    0.7452506391E-02    0.1893456932E-01    0.3338819003E-01    0.0000000000E+00    0.0000000000E+00    0.7273791961E-04
   -0.3281370801E-04    0.2354153129E-02   -0.6149820097E-03   -0.1403712500E-01   -0.2117056589E-01    0.0000000000E+00    0.0000000000E+00   -0.9979364937E-05
    0.1503670614E-04    0.1225298524E-02   -0.4438393418E-03    0.8255912152E-02    0.2048240141E-01    0.0000000000E+00    0.0000000000E+00    0.6612564969E-05
   -0.6823386422E-05    0.2591772603E-03   -0.2374777465E-02   -0.1768646422E-01    0.2634032889E-01    0.0000000000E+00    0.0000000000E+00   -0.2358990351E-05
    0.3064318208E-05    0.4331048966E-04   -0.1831781653E-02    0.5941228437E-02   -0.4331810825E-01    0.0000000000E+00    0.0000000000E+00    0.8922882305E-06
   -0.1360620656E-05   -0.1255532198E-04    0.1586650201E-03    0.1990752513E-02    0.1969327473E-01    0.0000000000E+00    0.0000000000E+00   -0.3254892326E-06
    0.5964514033E-06    0.4933063928E-05   -0.4328739576E-04   -0.5456403305E-03   -0.4139444103E-02    0.0000000000E+00    0.0000000000E+00    0.1151141262E-06
   -0.2575883281E-06   -0.1951771732E-05    0.1404540352E-04    0.1763476802E-03    0.1198979502E-02    0.0000000000E+00    0.0000000000E+00   -0.3951611635E-07
    0.1092676383E-06    0.7584943587E-06   -0.4827308255E-05   -0.6046248986E-04   -0.3872905292E-03    0.0000000000E+00    0.0000000000E+00    0.1318479144E-07
   -0.4533833025E-07   -0.2879662897E-06    0.1690727982E-05    0.2113856195E-04    0.1304922714E-03    0.0000000000E+00    0.0000000000E+00   -0.4279158424E-08
    0.1829511163E-07    0.1064457407E-06   -0.5918224759E-06   -0.7386391158E-05   -0.4449522981E-04    0.0000000000E+00    0.0000000000E+00    0.1349767381E-08
   -0.7121294598E-08   -0.3810760432E-07    0.2040915642E-06    0.2542636027E-05    0.1506155662E-04    0.0000000000E+00    0.0000000000E+00   -0.4122994549E-09
    0.2642697168E-08    0.1308996525E-07   -0.6831197864E-07   -0.8495534269E-06   -0.4973623117E-05    0.0000000000E+00    0.0000000000E+00    0.1210197067E-09
   -0.9189864934E-09   -0.4247453766E-08    0.2176963488E-07    0.2702955843E-06    0.1569331090E-05    0.0000000000E+00    0.0000000000E+00   -0.3366241213E-10
    0.2917534958E-09    0.1269488086E-08   -0.6425079227E-08   -0.7966116828E-07   -0.4597902772E-06    0.0000000000E+00    0.0000000000E+00    0.8668387456E-11
   -0.8117705071E-10   -0.3355689365E-09    0.1683455989E-08    0.2084716553E-07    0.1198213922E-06    0.0000000000E+00    0.0000000000E+00   -0.1988204191E-11
    0.1850162846E-10    0.7329650622E-10   -0.3654427624E-09   -0.4521021728E-08   -0.2590725891E-07    0.0000000000E+00    0.0000000000E+00    0.3803014270E-12
   -0.3049173180E-11   -0.1166954072E-10    0.5793046311E-10    0.7161143959E-09    0.4094847971E-08    0.0000000000E+00    0.0000000000E+00   -0.5362293682E-13
    0.2694518252E-12    0.1003261871E-11   -0.4965299979E-11   -0.6134136029E-10   -0.3502237640E-09    0.0000000000E+00    0.0000000000E+00    0.4136337098E-14
 l,ispin:           3           1
 psi n=1,noccmax(l):
    0.6210782221E+01   -0.3429006090E+00    0.5798035826E+00    0.4330864241E+00   -0.2754183986E+01    0.0000000000E+00    0.0000000000E+00
   -0.1967419009E+02    0.1089820963E+01   -0.1787235014E+01   -0.9565772042E+00    0.7302460389E+01    0.0000000000E+00    0.0000000000E+00
    0.3554074151E+02   -0.1976212115E+01    0.3132518132E+01    0.9135673462E+00   -0.1040521307E+02    0.0000000000E+00    0.0000000000E+00
   -0.4673565864E+02    0.2606722991E+01   -0.4022615043E+01   -0.3744912869E+00    0.1085652367E+02    0.0000000000E+00    0.0000000000E+00
    0.4352249682E+02   -0.2427018728E+01    0.3743978617E+01    0.3393246372E+00   -0.1007651925E+02    0.0000000000E+00    0.0000000000E+00
   -0.2337949125E+02    0.1287525001E+01   -0.2147367737E+01   -0.1416871418E+01    0.9614973744E+01    0.0000000000E+00    0.0000000000E+00
    0.2049877635E+02   -0.1131739601E+01    0.1838979236E+01    0.8779086379E+00   -0.7182349579E+01    0.0000000000E+00    0.0000000000E+00
   -0.4848254180E+02    0.2746787394E+01   -0.3885287618E+01    0.2355524595E+01    0.1969753254E+01    0.0000000000E+00    0.0000000000E+00
    0.9328251841E+01   -0.5325121566E+00    0.8918076911E+00    0.5341580593E+00   -0.3834460889E+01    0.0000000000E+00    0.0000000000E+00
    0.1329846399E+02   -0.7663639262E+00    0.8839525094E+00   -0.2157097996E+01    0.4645736281E+01    0.0000000000E+00    0.0000000000E+00
    0.1203171509E+02   -0.6815916611E+00    0.9894256412E+00   -0.4065655496E+00   -0.1112852294E+01    0.0000000000E+00    0.0000000000E+00
    0.6052824976E+01   -0.3490045114E+00    0.4002890315E+00   -0.9942213702E+00    0.2161153847E+01    0.0000000000E+00    0.0000000000E+00
    0.3312497580E+01   -0.1859176324E+00    0.2869885872E+00    0.1342824863E-01   -0.7382665205E+00    0.0000000000E+00    0.0000000000E+00
    0.1330825264E+01   -0.7700099472E-01    0.7303670009E-01   -0.3241113819E+00    0.8464384019E+00    0.0000000000E+00    0.0000000000E+00
    0.6026626471E+00   -0.3167214355E-01    0.6079202377E-01    0.8898370881E-01   -0.4298416272E+00    0.0000000000E+00    0.0000000000E+00
    0.2032599887E+00   -0.1143260669E-01    0.1129402799E-02   -0.1084621497E+00    0.3427876583E+00    0.0000000000E+00    0.0000000000E+00
    0.8512905864E-01   -0.2889419240E-02    0.1290268362E-01    0.5735685337E-01   -0.2151519040E+00    0.0000000000E+00    0.0000000000E+00
    0.2410734154E-01   -0.1873486236E-02   -0.4568645113E-02   -0.4241894113E-01    0.1487653804E+00    0.0000000000E+00    0.0000000000E+00
    0.9597919994E-02    0.2463324569E-02    0.8375720444E-03    0.3193425976E-01   -0.1054706704E+00    0.0000000000E+00    0.0000000000E+00
    0.2545209213E-02   -0.2388937191E-02    0.6422077619E-03   -0.2329696396E-01    0.7420138807E-01    0.0000000000E+00    0.0000000000E+00
    0.1058639038E-02    0.1823549847E-02   -0.1674642695E-02    0.1870753380E-01   -0.5615560314E-01    0.0000000000E+00    0.0000000000E+00
    0.1466971879E-03    0.1717376674E-03   -0.6796635833E-03   -0.1113765120E-01    0.3844931249E-01    0.0000000000E+00    0.0000000000E+00
    0.9956434409E-04   -0.7392186407E-04    0.2883190627E-03    0.8605281105E-02   -0.3022699969E-01    0.0000000000E+00    0.0000000000E+00
   -0.3611691244E-05    0.4251774245E-03   -0.1342627945E-02   -0.4070501273E-02    0.2034260949E-01    0.0000000000E+00    0.0000000000E+00
    0.7766348623E-05    0.2272046218E-03    0.5429435069E-04    0.4539133065E-02   -0.2055509348E-01    0.0000000000E+00    0.0000000000E+00
   -0.2325991883E-05    0.2824549787E-03   -0.1145824730E-02   -0.1092471033E-02    0.1689286146E-01    0.0000000000E+00    0.0000000000E+00
    0.9030033286E-06    0.1312098017E-03    0.5959088141E-03   -0.1593911991E-02   -0.7258396783E-02    0.0000000000E+00    0.0000000000E+00
   -0.3289423014E-06   -0.1152203852E-04    0.5231809445E-04    0.9465507334E-03    0.1240108979E-02    0.0000000000E+00    0.0000000000E+00
    0.1160172617E-06    0.2814093807E-05   -0.1248570686E-04   -0.1919677624E-03    0.6830905666E-04    0.0000000000E+00    0.0000000000E+00
   -0.3968508598E-07   -0.8004418562E-06    0.3393527403E-05    0.4952385355E-04   -0.4630126080E-04    0.0000000000E+00    0.0000000000E+00
    0.1318969869E-07    0.2379499733E-06   -0.9729280241E-06   -0.1384425923E-04    0.1668914432E-04    0.0000000000E+00    0.0000000000E+00
   -0.4264228158E-08   -0.7145776525E-07    0.2845563359E-06    0.3987275960E-05   -0.5376966382E-05    0.0000000000E+00    0.0000000000E+00
    0.1340253093E-08    0.2134077417E-07   -0.8338742456E-07   -0.1156211784E-05    0.1652499715E-05    0.0000000000E+00    0.0000000000E+00
   -0.4081083825E-09   -0.6267168426E-08    0.2415925273E-07    0.3324489990E-06   -0.4908742618E-06    0.0000000000E+00    0.0000000000E+00
    0.1194719958E-09    0.1787648050E-08   -0.6824921833E-08   -0.9339305837E-07    0.1405487877E-06    0.0000000000E+00    0.0000000000E+00
   -0.3315972675E-10   -0.4869605847E-09    0.1846351491E-08    0.2516148355E-07   -0.3830024333E-07    0.0000000000E+00    0.0000000000E+00
    0.8524100603E-11    0.1234969321E-09   -0.4659505507E-09   -0.6330422102E-08    0.9702997711E-08    0.0000000000E+00    0.0000000000E+00
   -0.1952442160E-11   -0.2801180040E-10    0.1053175610E-09    0.1427618296E-08   -0.2197479141E-08    0.0000000000E+00    0.0000000000E+00
    0.3730668914E-12    0.5314781290E-11   -0.1993237578E-10   -0.2697416587E-09    0.4162825905E-09    0.0000000000E+00    0.0000000000E+00
   -0.5256050666E-13   -0.7449881521E-12    0.2789006007E-11    0.3769717869E-10   -0.5826934590E-10    0.0000000000E+00    0.0000000000E+00
    0.4051920768E-14    0.5722175442E-13   -0.2139491865E-12   -0.2889238358E-11    0.4470310047E-11    0.0000000000E+00    0.0000000000E+00
 l,ispin:           3           2
 psi n=1,noccmax(l):
    0.6412423826E+01   -0.2830984544E+00    0.5188564184E+00    0.4838080936E+00   -0.2717804836E+01    0.0000000000E+00    0.0000000000E+00
   -0.2038912739E+02    0.9039013347E+00   -0.1599849019E+01   -0.1113027819E+01    0.7216687894E+01    0.0000000000E+00    0.0000000000E+00
    0.3702821581E+02   -0.1649396809E+01    0.2808124140E+01    0.1184271513E+01   -0.1030387239E+02    0.0000000000E+00    0.0000000000E+00
   -0.4896798810E+02    0.2189680748E+01   -0.3615272880E+01   -0.7123800014E+00    0.1077085832E+02    0.0000000000E+00    0.0000000000E+00
    0.4570288499E+02   -0.2043192417E+01    0.3370934171E+01    0.6464188931E+00   -0.9989116325E+01    0.0000000000E+00    0.0000000000E+00
   -0.2400688624E+02    0.1055996115E+01   -0.1909338177E+01   -0.1619897989E+01    0.9510227682E+01    0.0000000000E+00    0.0000000000E+00
    0.2014116009E+02   -0.8875301698E+00    0.1573892857E+01    0.1126896276E+01   -0.7200201199E+01    0.0000000000E+00    0.0000000000E+00
   -0.5124559492E+02    0.2336270937E+01   -0.3499086051E+01    0.2032346808E+01    0.2071680416E+01    0.0000000000E+00    0.0000000000E+00
    0.1133838838E+02   -0.5214677810E+00    0.9099754415E+00    0.4768567187E+00   -0.3635440102E+01    0.0000000000E+00    0.0000000000E+00
    0.1468531210E+02   -0.6824722746E+00    0.8206885250E+00   -0.2110526752E+01    0.4540071311E+01    0.0000000000E+00    0.0000000000E+00
    0.1274085865E+02   -0.5810272546E+00    0.8951466435E+00   -0.3295685951E+00   -0.1119225952E+01    0.0000000000E+00    0.0000000000E+00
    0.6286963299E+01   -0.2926955855E+00    0.3463774493E+00   -0.9423363495E+00    0.2077410514E+01    0.0000000000E+00    0.0000000000E+00
    0.3391635758E+01   -0.1528441691E+00    0.2533026127E+00    0.4324815281E-01   -0.7393218315E+00    0.0000000000E+00    0.0000000000E+00
    0.1336362526E+01   -0.6238160392E-01    0.5822824602E-01   -0.3083288324E+00    0.8139810179E+00    0.0000000000E+00    0.0000000000E+00
    0.5973367792E+00   -0.2465815130E-01    0.5309335491E-01    0.9579629690E-01   -0.4245430346E+00    0.0000000000E+00    0.0000000000E+00
    0.1957626774E+00   -0.8719256508E-02   -0.1723400299E-02   -0.1048701507E+00    0.3311597641E+00    0.0000000000E+00    0.0000000000E+00
    0.8089584999E-01   -0.1702083326E-02    0.1145463727E-01    0.5847216730E-01   -0.2108529299E+00    0.0000000000E+00    0.0000000000E+00
    0.2153109143E-01   -0.1416867081E-02   -0.5070285756E-02   -0.4153845247E-01    0.1441086295E+00    0.0000000000E+00    0.0000000000E+00
    0.8666807353E-02    0.2631513215E-02    0.5984497403E-03    0.3197721563E-01   -0.1029562047E+00    0.0000000000E+00    0.0000000000E+00
    0.1983590643E-02   -0.2317045029E-02    0.5639628116E-03   -0.2302780481E-01    0.7211054564E-01    0.0000000000E+00    0.0000000000E+00
    0.8500360128E-03    0.1864423928E-02   -0.1753555686E-02    0.1869215614E-01   -0.5489432065E-01    0.0000000000E+00    0.0000000000E+00
    0.7258717135E-04    0.1801492336E-03   -0.6727672184E-03   -0.1107419151E-01    0.3750073334E-01    0.0000000000E+00    0.0000000000E+00
    0.7273791961E-04   -0.6440516993E-04    0.2535327179E-03    0.8612834395E-02   -0.2961947523E-01    0.0000000000E+00    0.0000000000E+00
   -0.9979364937E-05    0.4274835974E-03   -0.1333461640E-02   -0.4062026941E-02    0.1988646585E-01    0.0000000000E+00    0.0000000000E+00
    0.6612564969E-05    0.2286514093E-03    0.4353511496E-04    0.4538109302E-02   -0.2018678768E-01    0.0000000000E+00    0.0000000000E+00
   -0.2358990351E-05    0.2820439217E-03   -0.1132090630E-02   -0.1138217768E-02    0.1673950695E-01    0.0000000000E+00    0.0000000000E+00
    0.8922882305E-06    0.1303462818E-03    0.5946946066E-03   -0.1559536540E-02   -0.7251671240E-02    0.0000000000E+00    0.0000000000E+00
   -0.3254892326E-06   -0.1146772231E-04    0.5103963901E-04    0.9368388763E-03    0.1259965858E-02    0.0000000000E+00    0.0000000000E+00
    0.1151141262E-06    0.2801706196E-05   -0.1218842094E-04   -0.1903365354E-03    0.5887940243E-04    0.0000000000E+00    0.0000000000E+00
   -0.3951611635E-07   -0.7970556842E-06    0.3312560247E-05    0.4913946504E-04   -0.4345237675E-04    0.0000000000E+00    0.0000000000E+00
    0.1318479144E-07    0.2369697129E-06   -0.9496153630E-06   -0.1374229761E-04    0.1584517108E-04    0.0000000000E+00    0.0000000000E+00
   -0.4279158424E-08   -0.7116876537E-07    0.2777155959E-06    0.3958874373E-05   -0.5127687531E-05    0.0000000000E+00    0.0000000000E+00
    0.1349767381E-08    0.2125557940E-07   -0.8137848493E-07   -0.1148157788E-05    0.1579379751E-05    0.0000000000E+00    0.0000000000E+00
   -0.4122994549E-09   -0.6242378588E-08    0.2357645038E-07    0.3301683924E-06   -0.4697417493E-06    0.0000000000E+00    0.0000000000E+00
    0.1210197067E-09    0.1780623058E-08   -0.6660154230E-08   -0.9275916482E-07    0.1345999025E-06    0.0000000000E+00    0.0000000000E+00
   -0.3366241213E-10   -0.4850558092E-09    0.1801757256E-08    0.2499197192E-07   -0.3669659609E-07    0.0000000000E+00    0.0000000000E+00
    0.8668387456E-11    0.1230154521E-09   -0.4546939729E-09   -0.6287997371E-08    0.9299576195E-08    0.0000000000E+00    0.0000000000E+00
   -0.1988204191E-11   -0.2790284433E-10    0.1027729693E-09    0.1418086063E-08   -0.2106536064E-08    0.0000000000E+00    0.0000000000E+00
    0.3803014270E-12    0.5294142732E-11   -0.1945076292E-10   -0.2679452731E-09    0.3991073938E-09    0.0000000000E+00    0.0000000000E+00
   -0.5362293682E-13   -0.7420985621E-12    0.2721616148E-11    0.3744658944E-10   -0.5587015117E-10    0.0000000000E+00    0.0000000000E+00
    0.4136337098E-14    0.5699999134E-13   -0.2087796205E-12   -0.2870057246E-11    0.4286500721E-11    0.0000000000E+00    0.0000000000E+00
