   40             4.00000 ng, rij 
     2.500     5.000                                       rcov,rprb 
 r                           (non)relativistic calculation
 PBE                         XC-functional
 96.000 36.000    0.2300000000    0.1538669349E+03   -0.1451781101E+02    0.0000000000E+00    0.0000000000E+00  znuc,zion,rloc,gpot()
   3                                                       lpx, (Projectors for l=0..lpx)
    0.1798898663    0.9566853061E+01    0.2012883276E+02   -0.5052765955E+02   -0.1508850068E+02    0.3895834123E+02   -0.3092222472E+02  r_l(),hsep(), so=+0.5
    0.2158693981    0.5351323467E+01    0.1290597639E+02   -0.3818849373E+02   -0.1376578734E+02    0.3257579847E+02   -0.2315179302E+02  r_l(),hsep(), so=+0.5
    0.1425431792E+01   -0.1313147480E+02    0.4200069410E+02    0.1589534399E+02   -0.3761524929E+02    0.2673335749E+02         hsep(), so=-0.5
    0.4779930859    0.2135697191E+01   -0.1411813654E+01    0.1600846211E+01    0.0000000000E+00   -0.0000000000E+00    0.0000000000E+00  r_l(),hsep(), so=+0.5
    0.1073247514E+01   -0.6802761592E+00    0.7713606601E+00    0.0000000000E+00   -0.0000000000E+00    0.0000000000E+00         hsep(), so=-0.5
    0.2357257991   -0.1958286414E+00   -0.0000000000E+00    0.0000000000E+00    0.0000000000E+00   -0.0000000000E+00    0.0000000000E+00  r_l(),hsep(), so=+0.5
   -0.5939047827E+00   -0.0000000000E+00    0.0000000000E+00    0.0000000000E+00   -0.0000000000E+00    0.0000000000E+00         hsep(), so=-0.5
 ---------------------------------------------
 Additional information (last calculation):
 gaussian exponents:
 xp():   106.93486293936448        75.614366729678650        53.467431469682253        37.807183364839332        26.733715734841120        18.903591682419663        13.366857867420570        9.4517958412098384        6.6834289337102826        4.7258979206049201        3.3417144668551431        2.3629489603024609        1.6708572334275713        1.1814744801512302       0.83542861671378621       0.59073724007561534       0.41771430835689322       0.29536862003780773       0.20885715417844664       0.14768431001890389       0.10442857708922335        7.3842155009451974E-002   5.2214288544611687E-002   3.6921077504725994E-002   2.6107144272305843E-002   1.8460538752363004E-002   1.3053572136152927E-002   9.2302693761815036E-003   6.5267860680764634E-003   4.6151346880907527E-003   3.2633930340382335E-003   2.3075673440453768E-003   1.6316965170191174E-003   1.1537836720226884E-003   8.1584825850955858E-004   5.7689183601134452E-004   4.0792412925477951E-004   2.8844591800567226E-004   2.0396206462738975E-004   1.4422295900283616E-004
 orbital coefficients (one orbital per column)
 l,ispin:           0           1
 psi n=1,noccmax(l):
    0.1655943183E-01   -0.1476976230E-01    0.6061783111E-02    0.2424105668E-02    0.2993627017E-02    0.0000000000E+00    0.0000000000E+00   -0.5305480305E+00    0.2450954311E+00
   -0.2082721259E+00    0.3317087430E-01   -0.1835110735E-01   -0.5254319679E-02   -0.9501611822E-02    0.0000000000E+00    0.0000000000E+00    0.2149406939E+01   -0.1017607458E+01
    0.1119407697E+01    0.1443985133E+00   -0.2385211078E-01   -0.2608951809E-01   -0.8443174747E-02    0.0000000000E+00    0.0000000000E+00   -0.4143636691E+01    0.2018156394E+01
   -0.3555235862E+01   -0.9436952610E+00    0.2603843163E+00    0.1671267465E+00    0.1164394935E+00    0.0000000000E+00    0.0000000000E+00    0.4333844001E+01   -0.2148318948E+01
    0.6718003668E+01    0.2085823484E+01   -0.6097217856E+00   -0.3742755792E+00   -0.2771957306E+00    0.0000000000E+00    0.0000000000E+00   -0.1733381276E+01    0.6636396160E+00
   -0.3593646722E+01    0.1394778679E+00   -0.1442025258E+00   -0.1867203473E-02   -0.7951794902E-01    0.0000000000E+00    0.0000000000E+00    0.2173175565E+01   -0.4914597017E+00
   -0.1106180196E+02   -0.9086427405E+01    0.3166098319E+01    0.1587723687E+01    0.1505649055E+01    0.0000000000E+00    0.0000000000E+00   -0.8735364876E+01    0.6304395028E+01
    0.3417460730E+01    0.5927913990E+01   -0.2256781978E+01   -0.1081412650E+01   -0.1091089777E+01    0.0000000000E+00    0.0000000000E+00   -0.8392437904E+01   -0.4171138299E+01
    0.2200366125E+02    0.1096467212E+02   -0.3451169258E+01   -0.2000405921E+01   -0.1600420030E+01    0.0000000000E+00    0.0000000000E+00    0.3179253254E+02   -0.1021959023E+02
   -0.8349720116E+01   -0.3721895822E+01    0.1119894641E+01    0.7943059780E+00    0.5124755641E+00    0.0000000000E+00    0.0000000000E+00   -0.5363256940E+01    0.2623452050E+01
    0.2944624400E+01   -0.4703159174E+00    0.3441938941E+00   -0.4281013260E-01    0.1784308378E+00    0.0000000000E+00    0.0000000000E+00   -0.2087797334E+01    0.2113446140E+01
   -0.8692986475E+01   -0.5317155360E+01    0.1689307148E+01    0.1170495941E+01    0.7927934285E+00    0.0000000000E+00    0.0000000000E+00   -0.7371620584E+01    0.3844902486E+01
    0.1521604202E+01   -0.1146404276E+01    0.7200638575E+00    0.9354344350E-01    0.3543856867E+00    0.0000000000E+00    0.0000000000E+00   -0.1532575843E+01    0.1558807164E+01
   -0.3225683648E+01   -0.1887313077E+01    0.4964918941E+00    0.6134098785E+00    0.2525740507E+00    0.0000000000E+00    0.0000000000E+00   -0.1994767931E+01    0.9904450675E+00
    0.1713264009E+01    0.1326191859E+01   -0.2951908070E+00   -0.5524057548E+00   -0.1788513908E+00    0.0000000000E+00    0.0000000000E+00    0.2407220787E+00   -0.3821423255E+00
   -0.1297573209E+01    0.3315390413E+00   -0.4455976208E+00    0.2016894721E+00   -0.1450834638E+00    0.0000000000E+00    0.0000000000E+00   -0.3606667222E+00   -0.3283766347E+00
    0.8981183795E+00    0.1247581074E+01   -0.5458464240E+00   -0.8404253903E+00   -0.4492932591E+00    0.0000000000E+00    0.0000000000E+00    0.1846539961E+00   -0.5343820757E+00
   -0.6201749727E+00    0.5605032308E-01   -0.3467229599E+00    0.3747082713E+00    0.5614923372E-01    0.0000000000E+00    0.0000000000E+00   -0.1105506569E+00   -0.2075925188E+00
    0.4238687184E+00    0.3952044403E+00    0.1942351646E+00   -0.3768622495E+00   -0.7580095312E-01    0.0000000000E+00    0.0000000000E+00    0.6405393696E-01   -0.1639746843E+00
   -0.2869626055E+00   -0.1387325157E+00   -0.5705460599E+00   -0.2565667925E+00   -0.6488012152E+00    0.0000000000E+00    0.0000000000E+00   -0.3673823532E-01   -0.3814167284E-01
    0.1925551543E+00    0.1261716287E+00    0.4514370557E+00    0.6583505502E+00    0.1310223710E+01    0.0000000000E+00    0.0000000000E+00    0.2084615251E-01   -0.2799311674E-01
   -0.1281439095E+00   -0.8458486513E-01   -0.5191321320E-01   -0.6035655156E+00   -0.1672090921E+01    0.0000000000E+00    0.0000000000E+00   -0.1170961271E-01    0.3913918690E-02
    0.8462646932E-01    0.5807897905E-01    0.1843311921E+00    0.5725407412E+00    0.2062710293E+01    0.0000000000E+00    0.0000000000E+00    0.6515284004E-02   -0.4629229661E-02
   -0.5548401442E-01   -0.3918589794E-01    0.6084630959E-01    0.5954719408E-02   -0.1477784898E+01    0.0000000000E+00    0.0000000000E+00   -0.3592700832E-02    0.2443382777E-02
    0.3612162001E-01    0.2602881950E-01    0.6569733822E-01    0.2157052801E+00    0.2104216665E+01    0.0000000000E+00    0.0000000000E+00    0.1963995623E-02   -0.1385595113E-02
   -0.2334779477E-01   -0.1700792633E-01   -0.3600197881E-02   -0.8268385923E-01   -0.1850218478E+01    0.0000000000E+00    0.0000000000E+00   -0.1064373568E-02    0.7631237325E-03
    0.1497482821E-01    0.1092240920E-01    0.7697504443E-02   -0.2206183202E+00   -0.4812658832E+00    0.0000000000E+00    0.0000000000E+00    0.5716216639E-03   -0.4106160623E-03
   -0.9520101139E-02   -0.6885437748E-02   -0.4601737194E-02    0.6147391026E-02    0.1089985274E+01    0.0000000000E+00    0.0000000000E+00   -0.3039416485E-03    0.2156480530E-03
    0.5988493750E-02    0.4253932805E-02    0.2705894238E-02    0.3355284690E-02   -0.4259383654E+00    0.0000000000E+00    0.0000000000E+00    0.1597601575E-03   -0.1104453471E-03
   -0.3717440201E-02   -0.2570084992E-02   -0.1551462764E-02   -0.3442900622E-02    0.1968680001E+00    0.0000000000E+00    0.0000000000E+00   -0.8281797776E-04    0.5510785788E-04
    0.2268701516E-02    0.1513912819E-02    0.8661035988E-03    0.2346962444E-02   -0.9631644128E-01    0.0000000000E+00    0.0000000000E+00    0.4219780372E-04   -0.2675096406E-04
   -0.1353964523E-02   -0.8658359071E-03   -0.4696636896E-03   -0.1400095893E-02    0.4782868368E-01    0.0000000000E+00    0.0000000000E+00   -0.2103284461E-04    0.1260482412E-04
    0.7843503260E-03    0.4779394330E-03    0.2463883560E-03    0.7729876116E-03   -0.2358984199E-01    0.0000000000E+00    0.0000000000E+00    0.1018742929E-04   -0.5742838868E-05
   -0.4365007117E-03   -0.2524548670E-03   -0.1241696894E-03   -0.4009108694E-03    0.1137141269E-01    0.0000000000E+00    0.0000000000E+00   -0.4750590471E-05    0.2513627211E-05
    0.2299875551E-03    0.1260071234E-03    0.5942452035E-04    0.1950599560E-03   -0.5268092810E-02    0.0000000000E+00    0.0000000000E+00    0.2104828263E-05   -0.1045904489E-05
   -0.1123719119E-03   -0.5832715124E-04   -0.2651997742E-04   -0.8788473193E-04    0.2295495140E-02    0.0000000000E+00    0.0000000000E+00   -0.8693674434E-06    0.4068528062E-06
    0.4940287492E-04    0.2434110327E-04    0.1073015765E-04    0.3575327696E-04   -0.9125328222E-03    0.0000000000E+00    0.0000000000E+00    0.3254520768E-06   -0.1441129445E-06
   -0.1867787123E-04   -0.8766899320E-05   -0.3766984951E-05   -0.1259025438E-04    0.3162169408E-03    0.0000000000E+00    0.0000000000E+00   -0.1057713088E-06    0.4457860479E-07
    0.5650521504E-05    0.2538773854E-05    0.1068466051E-05    0.3577045160E-05   -0.8883619592E-04    0.0000000000E+00    0.0000000000E+00    0.2783077998E-07   -0.1123763445E-07
   -0.1202553649E-05   -0.5200836963E-06   -0.2152989786E-06   -0.7214029480E-06    0.1777517318E-04    0.0000000000E+00    0.0000000000E+00   -0.5222904914E-08    0.2034065675E-08
    0.1330893901E-06    0.5573012264E-07    0.2277477169E-07    0.7634221793E-07   -0.1870628064E-05    0.0000000000E+00    0.0000000000E+00    0.5175707576E-09   -0.1956691689E-09
 l,ispin:           1           1
 psi n=1,noccmax(l):
   -0.5305480305E+00    0.2450954311E+00    0.6900559423E-01    0.4840098268E-01    0.5688745646E-01    0.0000000000E+00    0.0000000000E+00   -0.4281971299E+01    0.7773389528E+00
    0.2149406939E+01   -0.1017607458E+01   -0.2873623949E+00   -0.2007091443E+00   -0.2393368006E+00    0.0000000000E+00    0.0000000000E+00    0.1515836268E+02   -0.2776203861E+01
   -0.4143636691E+01    0.2018156394E+01    0.5720923461E+00    0.3938939577E+00    0.4911946105E+00    0.0000000000E+00    0.0000000000E+00   -0.2828389526E+02    0.5230374847E+01
    0.4333844001E+01   -0.2148318948E+01   -0.6116447864E+00   -0.3974217073E+00   -0.5835280738E+00    0.0000000000E+00    0.0000000000E+00    0.3503875587E+02   -0.6501625545E+01
   -0.1733381276E+01    0.6636396160E+00    0.1868966812E+00    0.5088880840E-01    0.3472894391E+00    0.0000000000E+00    0.0000000000E+00   -0.2816305222E+02    0.5076728744E+01
    0.2173175565E+01   -0.4914597017E+00   -0.1262318891E+00    0.1664105910E-01   -0.3508434046E+00    0.0000000000E+00    0.0000000000E+00    0.1415987267E+02   -0.2176016291E+01
   -0.8735364876E+01    0.6304395028E+01    0.1847751660E+01    0.1277506353E+01    0.1598655453E+01    0.0000000000E+00    0.0000000000E+00   -0.2227974701E+02    0.4249224044E+01
   -0.8392437904E+01   -0.4171138299E+01   -0.1437419976E+01   -0.9828575825E+00   -0.1365137125E+01    0.0000000000E+00    0.0000000000E+00    0.3551780763E+02   -0.8210914948E+01
    0.3179253254E+02   -0.1021959023E+02   -0.2718479848E+01   -0.2165639809E+01   -0.1547631598E+01    0.0000000000E+00    0.0000000000E+00    0.7565171614E+01   -0.8977382796E+00
   -0.5363256940E+01    0.2623452050E+01    0.7338958140E+00    0.6869320694E+00    0.1990500822E+00    0.0000000000E+00    0.0000000000E+00   -0.1048332158E+02    0.2423542149E+01
   -0.2087797334E+01    0.2113446140E+01    0.6565402487E+00    0.3708246463E+00    0.7694064665E+00    0.0000000000E+00    0.0000000000E+00   -0.9402331634E+01    0.2286602594E+01
   -0.7371620584E+01    0.3844902486E+01    0.1072596575E+01    0.9356150896E+00    0.4621371301E+00    0.0000000000E+00    0.0000000000E+00   -0.6888808006E+01    0.1502297305E+01
   -0.1532575843E+01    0.1558807164E+01    0.5090926292E+00    0.2680542448E+00    0.6332579516E+00    0.0000000000E+00    0.0000000000E+00   -0.2522293302E+01    0.4951561535E+00
   -0.1994767931E+01    0.9904450675E+00    0.2391114174E+00    0.2964534288E+00   -0.8443414552E-01    0.0000000000E+00    0.0000000000E+00   -0.1011340972E+01    0.2569098612E+00
    0.2407220787E+00   -0.3821423255E+00   -0.7825688134E-01   -0.1740325454E+00    0.1711305613E+00    0.0000000000E+00    0.0000000000E+00   -0.2548628440E+00    0.2627071845E-01
   -0.3606667222E+00   -0.3283766347E+00   -0.1732525464E+00   -0.2324018240E-01   -0.3312729391E+00    0.0000000000E+00    0.0000000000E+00   -0.9716726470E-01   -0.1088352162E+00
    0.1846539961E+00   -0.5343820757E+00   -0.1483668294E+00   -0.2308354532E+00    0.5948954203E-01    0.0000000000E+00    0.0000000000E+00    0.2499737253E-02   -0.1014280183E+00
   -0.1105506569E+00   -0.2075925188E+00   -0.1520535708E+00   -0.8958203427E-02   -0.2599539683E+00    0.0000000000E+00    0.0000000000E+00   -0.8456504087E-02   -0.8664946012E-01
    0.6405393696E-01   -0.1639746843E+00    0.5850061876E-01   -0.4420863579E-01    0.1905765028E+00    0.0000000000E+00    0.0000000000E+00    0.3575421036E-02   -0.3762601794E-01
   -0.3673823532E-01   -0.3814167284E-01   -0.1758904582E+00   -0.1067013607E+00   -0.3480078944E+00    0.0000000000E+00    0.0000000000E+00   -0.1798426775E-02   -0.2634992980E-01
    0.2084615251E-01   -0.2799311674E-01    0.9714610931E-01    0.1053306078E+00    0.3754836769E+00    0.0000000000E+00    0.0000000000E+00    0.8728477415E-03   -0.2018673160E-01
   -0.1170961271E-01    0.3913918690E-02   -0.2036247908E-01   -0.7089680697E-01   -0.3700487227E+00    0.0000000000E+00    0.0000000000E+00   -0.4178645653E-03   -0.5133063564E-02
    0.6515284004E-02   -0.4629229661E-02    0.2194370899E-01    0.6081941058E-01    0.3733965683E+00    0.0000000000E+00    0.0000000000E+00    0.1973638343E-03   -0.4687611415E-02
   -0.3592700832E-02    0.2443382777E-02    0.1781406176E-01    0.2459202278E-01   -0.2447077668E+00    0.0000000000E+00    0.0000000000E+00   -0.9203780407E-04   -0.1197041956E-02
    0.1963995623E-02   -0.1385595113E-02    0.1731099001E-01    0.2615073336E-01    0.3293168588E+00    0.0000000000E+00    0.0000000000E+00    0.4239774088E-04   -0.6624498560E-03
   -0.1064373568E-02    0.7631237325E-03    0.6973183026E-02    0.1901960577E-01   -0.2162409169E+00    0.0000000000E+00    0.0000000000E+00   -0.1929599409E-04   -0.2284212255E-05
    0.5716216639E-03   -0.4106160623E-03    0.1409998414E-02   -0.4304136812E-01   -0.7504207521E-01    0.0000000000E+00    0.0000000000E+00    0.8674376388E-05   -0.3474693626E-04
   -0.3039416485E-03    0.2156480530E-03   -0.4073045395E-03    0.2492106145E-02    0.1091089556E+00    0.0000000000E+00    0.0000000000E+00   -0.3849012689E-05    0.1477779510E-04
    0.1597601575E-03   -0.1104453471E-03    0.1786897211E-03   -0.6551671388E-03   -0.3507779325E-01    0.0000000000E+00    0.0000000000E+00    0.1683634348E-05   -0.6184550009E-05
   -0.8281797776E-04    0.5510785788E-04   -0.8163741275E-04    0.2189207147E-03    0.1341255248E-01    0.0000000000E+00    0.0000000000E+00   -0.7245724937E-06    0.2509020770E-05
    0.4219780372E-04   -0.2675096406E-04    0.3711793605E-04   -0.7979175634E-04   -0.5452328782E-02    0.0000000000E+00    0.0000000000E+00    0.3059312190E-06   -0.9885300826E-06
   -0.2103284461E-04    0.1260482412E-04   -0.1658068725E-04    0.3030904315E-04    0.2259695066E-02    0.0000000000E+00    0.0000000000E+00   -0.1262262791E-06    0.3786030468E-06
    0.1018742929E-04   -0.5742838868E-05    0.7224557696E-05   -0.1172333172E-04   -0.9346249727E-03    0.0000000000E+00    0.0000000000E+00    0.5061096845E-07   -0.1407979587E-06
   -0.4750590471E-05    0.2513627211E-05   -0.3046543369E-05    0.4532727252E-05    0.3798162676E-03    0.0000000000E+00    0.0000000000E+00   -0.1956506100E-07    0.5062516175E-07
    0.2104828263E-05   -0.1045904489E-05    0.1229289787E-05   -0.1718049922E-05   -0.1492399823E-03    0.0000000000E+00    0.0000000000E+00    0.7209321452E-08   -0.1744522674E-07
   -0.8693674434E-06    0.4068528062E-06   -0.4663987273E-06    0.6233524175E-06    0.5554608561E-04    0.0000000000E+00    0.0000000000E+00   -0.2489535080E-08    0.5674011705E-08
    0.3254520768E-06   -0.1441129445E-06    0.1619373597E-06   -0.2096848066E-06   -0.1901975264E-04    0.0000000000E+00    0.0000000000E+00    0.7851243685E-09   -0.1698828541E-08
   -0.1057713088E-06    0.4457860479E-07   -0.4930907971E-07    0.6243784160E-07    0.5733330772E-05    0.0000000000E+00    0.0000000000E+00   -0.2171257001E-09    0.4496409080E-09
    0.2783077998E-07   -0.1123763445E-07    0.1227857171E-07   -0.1530579980E-07   -0.1417279661E-05    0.0000000000E+00    0.0000000000E+00    0.4922066135E-10   -0.9830690275E-10
   -0.5222904914E-08    0.2034065675E-08   -0.2201612300E-08    0.2714404421E-08    0.2527856200E-06    0.0000000000E+00    0.0000000000E+00   -0.8074460797E-11    0.1566252480E-10
    0.5175707576E-09   -0.1956691689E-09    0.2102727120E-09   -0.2572613706E-09   -0.2405112282E-07    0.0000000000E+00    0.0000000000E+00    0.7107933821E-12   -0.1347249409E-11
 l,ispin:           1           2
 psi n=1,noccmax(l):
   -0.7663114381E+00   -0.2954073194E+00    0.7639241471E-01   -0.4763486490E-01    0.5246273291E-01    0.0000000000E+00    0.0000000000E+00   -0.4263279866E+01    0.8968431449E+00
    0.3177045883E+01    0.1265473760E+01   -0.3286917992E+00    0.2046269802E+00   -0.2266135865E+00    0.0000000000E+00    0.0000000000E+00    0.1509034023E+02   -0.3205372231E+01
   -0.6249646061E+01   -0.2599762950E+01    0.6781867792E+00   -0.4176900068E+00    0.4756161220E+00    0.0000000000E+00    0.0000000000E+00   -0.2815606254E+02    0.6044064905E+01
    0.6328275655E+01    0.2810316377E+01   -0.7334093877E+00    0.4283260588E+00   -0.5523910972E+00    0.0000000000E+00    0.0000000000E+00    0.3489314171E+02   -0.7516290920E+01
   -0.1828144789E+00   -0.3863261518E+00    0.8735197814E-01    0.3189854396E-01    0.1970336450E+00    0.0000000000E+00    0.0000000000E+00   -0.2809656728E+02    0.5856751073E+01
   -0.4894255729E+01   -0.1406642326E+01    0.3947744731E+00   -0.3771398623E+00    0.6724799363E-01    0.0000000000E+00    0.0000000000E+00    0.1419944521E+02   -0.2468702422E+01
   -0.1374342561E+02   -0.7737667313E+01    0.2069596517E+01   -0.1269898654E+01    0.1468183182E+01    0.0000000000E+00    0.0000000000E+00   -0.2212304575E+02    0.4887169676E+01
    0.3000533914E+02    0.1423660835E+02   -0.3858317991E+01    0.2471307018E+01   -0.2583624817E+01    0.0000000000E+00    0.0000000000E+00    0.3511718313E+02   -0.9604199574E+01
    0.1001160944E+02    0.6475075888E+01   -0.1727124858E+01    0.1295869203E+01   -0.8467942493E+00    0.0000000000E+00    0.0000000000E+00    0.7439978170E+01   -0.9715068898E+00
   -0.1200657143E+02   -0.6309199230E+01    0.1715892659E+01   -0.1291344694E+01    0.8495306433E+00    0.0000000000E+00    0.0000000000E+00   -0.1030969169E+02    0.2839163199E+01
   -0.3396834210E+01   -0.4145122036E+01    0.1184098810E+01   -0.6714993693E+00    0.9331289057E+00    0.0000000000E+00    0.0000000000E+00   -0.9275183925E+01    0.2673754227E+01
   -0.7341732705E+01   -0.4035657554E+01    0.1120423571E+01   -0.8865649973E+00    0.5077793908E+00    0.0000000000E+00    0.0000000000E+00   -0.6682934437E+01    0.1718234362E+01
   -0.4799962998E+00   -0.1126228701E+01    0.3587647816E+00   -0.1207113084E+00    0.3976788395E+00    0.0000000000E+00    0.0000000000E+00   -0.2603111973E+01    0.6985654930E+00
   -0.1547799319E+01   -0.1759606456E+00    0.4331669351E-03   -0.1196188079E+00   -0.1587899758E+00    0.0000000000E+00    0.0000000000E+00   -0.1090837346E+01    0.2403570542E+00
    0.4808903317E+00    0.8450841765E+00   -0.2531478663E+00    0.2947091882E+00   -0.2526166355E-01    0.0000000000E+00    0.0000000000E+00   -0.2430731470E+00   -0.2665080685E-01
   -0.3560436326E+00    0.5970288718E+00   -0.2554665590E+00    0.5838285541E-01   -0.2814976484E+00    0.0000000000E+00    0.0000000000E+00   -0.9397651347E-01   -0.1375418474E+00
    0.2036560731E+00    0.5284073716E+00   -0.1869774507E+00    0.2571581073E+00   -0.4074598927E-01    0.0000000000E+00    0.0000000000E+00    0.5873950039E-02   -0.1226732925E+00
   -0.1187076818E+00    0.1736421636E+00   -0.9794171859E-01   -0.6069786585E-01   -0.1145535616E+00    0.0000000000E+00    0.0000000000E+00   -0.8661380840E-02   -0.9327952892E-01
    0.6828902690E-01    0.1098764355E+00    0.4183751563E-01    0.8856250581E-01    0.6346371820E-01    0.0000000000E+00    0.0000000000E+00    0.3849864898E-02   -0.4119147566E-01
   -0.3887236366E-01    0.9458768481E-02   -0.1245826027E+00    0.2402826528E-01   -0.1721717319E+00    0.0000000000E+00    0.0000000000E+00   -0.1907113721E-02   -0.2828271500E-01
    0.2190980600E-01    0.1315267052E-01    0.1119691173E+00   -0.9147048843E-01    0.2657377364E+00    0.0000000000E+00    0.0000000000E+00    0.9215504782E-03   -0.1891262343E-01
   -0.1223677087E-01   -0.4770204319E-02   -0.1131121412E-01    0.5460843870E-01   -0.2601872329E+00    0.0000000000E+00    0.0000000000E+00   -0.4395136766E-03   -0.5115594735E-02
    0.6776849866E-02    0.3054754846E-02    0.3525034756E-01   -0.7549950148E-01    0.3135960713E+00    0.0000000000E+00    0.0000000000E+00    0.2069842702E-03   -0.4115275354E-02
   -0.3723609957E-02   -0.1731241615E-02    0.1546046580E-01   -0.1407181042E-01   -0.1950831772E+00    0.0000000000E+00    0.0000000000E+00   -0.9631440239E-04   -0.9245118632E-03
    0.2030575303E-02    0.9688960704E-03    0.1515801959E-01   -0.2355123696E-01    0.2613013275E+00    0.0000000000E+00    0.0000000000E+00    0.4430134661E-04   -0.4984380204E-03
   -0.1099000120E-02   -0.5317070651E-03    0.2698292257E-02    0.3514778857E-02   -0.2381933254E+00    0.0000000000E+00    0.0000000000E+00   -0.2014501953E-04    0.2342546393E-04
    0.5901036628E-03    0.2859226628E-03    0.1074254101E-02    0.3120285703E-01   -0.5665151758E-02    0.0000000000E+00    0.0000000000E+00    0.9053789944E-05   -0.3047033136E-04
   -0.3140642604E-03   -0.1505171881E-03   -0.4611440599E-03   -0.2651897609E-02    0.7285010826E-01    0.0000000000E+00    0.0000000000E+00   -0.4018720345E-05    0.1314309211E-04
    0.1654246660E-03    0.7747890709E-04    0.2234058711E-03    0.7424254858E-03   -0.2410797602E-01    0.0000000000E+00    0.0000000000E+00    0.1759441615E-05   -0.5509897006E-05
   -0.8603092782E-04   -0.3894063675E-04   -0.1067598108E-03   -0.2552885509E-03    0.9325067024E-02    0.0000000000E+00    0.0000000000E+00   -0.7582690889E-06    0.2238365995E-05
    0.4402565547E-04    0.1907072726E-04    0.4979476672E-04    0.9508026834E-04   -0.3814844479E-02    0.0000000000E+00    0.0000000000E+00    0.3207616583E-06   -0.8831223561E-06
   -0.2206317163E-04   -0.9073765609E-05   -0.2260434197E-04   -0.3678185570E-04    0.1587450952E-02    0.0000000000E+00    0.0000000000E+00   -0.1326468772E-06    0.3386865134E-06
    0.1075516638E-04    0.4175391899E-05    0.9955377996E-05    0.1444419415E-04   -0.6584005775E-03    0.0000000000E+00    0.0000000000E+00    0.5332267928E-07   -0.1261066741E-06
   -0.5051814060E-05   -0.1845208441E-05   -0.4229144791E-05   -0.5652578166E-05    0.2680888335E-03    0.0000000000E+00    0.0000000000E+00   -0.2067057555E-07    0.4539039201E-07
    0.2255991973E-05    0.7746151588E-06    0.1715279322E-05    0.2162463156E-05   -0.1054883597E-03    0.0000000000E+00    0.0000000000E+00    0.7638392489E-08   -0.1565502639E-07
   -0.9395167749E-06   -0.3037009476E-06   -0.6531544103E-06   -0.7900361636E-06    0.3930236224E-04    0.0000000000E+00    0.0000000000E+00   -0.2645104179E-08    0.5095363767E-08
    0.3546478179E-06    0.1083037940E-06    0.2273661700E-06    0.2670964010E-06   -0.1346773671E-04    0.0000000000E+00    0.0000000000E+00    0.8364015165E-09   -0.1526436731E-08
   -0.1161937693E-06   -0.3369110311E-07   -0.6935912892E-07   -0.7982144026E-07    0.4061936465E-05    0.0000000000E+00    0.0000000000E+00   -0.2318666855E-09    0.4041901674E-09
    0.3080488550E-07    0.8532169669E-08    0.1729393689E-07    0.1961748195E-07   -0.1004508665E-05    0.0000000000E+00    0.0000000000E+00    0.5267454396E-10   -0.8839968535E-10
   -0.5820556032E-08   -0.1550040578E-08   -0.3103796744E-08   -0.3485367383E-08    0.1792154537E-06    0.0000000000E+00    0.0000000000E+00   -0.8656807278E-11    0.1408770177E-10
    0.5802265959E-09    0.1495372736E-09    0.2966371009E-09    0.3307509378E-09   -0.1705489417E-07    0.0000000000E+00    0.0000000000E+00    0.7632089615E-12   -0.1212021901E-11
 l,ispin:           2           1
 psi n=1,noccmax(l):
   -0.4281971299E+01    0.7773389528E+00    0.3681835897E+00    0.3151981336E+00   -0.4682130928E+00    0.0000000000E+00    0.0000000000E+00   -0.9119589742E+01
    0.1515836268E+02   -0.2776203861E+01   -0.1315304834E+01   -0.1128526989E+01    0.1660109709E+01    0.0000000000E+00    0.0000000000E+00    0.2675529304E+02
   -0.2828389526E+02    0.5230374847E+01    0.2479092667E+01    0.2128055046E+01   -0.3127574705E+01    0.0000000000E+00    0.0000000000E+00   -0.4343452084E+02
    0.3503875587E+02   -0.6501625545E+01   -0.3083534019E+01   -0.2627822472E+01    0.4004000170E+01    0.0000000000E+00    0.0000000000E+00    0.5034251659E+02
   -0.2816305222E+02    0.5076728744E+01    0.2409898214E+01    0.1978720893E+01   -0.3555643210E+01    0.0000000000E+00    0.0000000000E+00   -0.4234200991E+02
    0.1415987267E+02   -0.2176016291E+01   -0.1034219647E+01   -0.7087662236E+00    0.2312188610E+01    0.0000000000E+00    0.0000000000E+00    0.2414973993E+02
   -0.2227974701E+02    0.4249224044E+01    0.2022663866E+01    0.1640119828E+01   -0.3119613957E+01    0.0000000000E+00    0.0000000000E+00   -0.2098055836E+02
    0.3551780763E+02   -0.8210914948E+01   -0.3923550077E+01   -0.3431864765E+01    0.4720572162E+01    0.0000000000E+00    0.0000000000E+00    0.3211103173E+02
    0.7565171614E+01   -0.8977382796E+00   -0.3983703537E+00   -0.5237926962E+00   -0.6176790148E+00    0.0000000000E+00    0.0000000000E+00   -0.1546810675E+01
   -0.1048332158E+02    0.2423542149E+01    0.1141628561E+01    0.1191205897E+01   -0.2421411187E+00    0.0000000000E+00    0.0000000000E+00   -0.7341612599E+01
   -0.9402331634E+01    0.2286602594E+01    0.1101619347E+01    0.9078689680E+00   -0.1663094842E+01    0.0000000000E+00    0.0000000000E+00   -0.7804959076E+01
   -0.6888808006E+01    0.1502297305E+01    0.7027985119E+00    0.7379682763E+00   -0.1113071942E+00    0.0000000000E+00    0.0000000000E+00   -0.4303241212E+01
   -0.2522293302E+01    0.4951561535E+00    0.2485745102E+00    0.1595553914E+00   -0.6547825295E+00    0.0000000000E+00    0.0000000000E+00   -0.2430188230E+01
   -0.1011340972E+01    0.2569098612E+00    0.1088126278E+00    0.1556874525E+00    0.2436725264E+00    0.0000000000E+00    0.0000000000E+00   -0.1097439909E+01
   -0.2548628440E+00    0.2627071845E-01    0.2146216569E-01   -0.2628205408E-01   -0.2885441987E+00    0.0000000000E+00    0.0000000000E+00   -0.4916167493E+00
   -0.9716726470E-01   -0.1088352162E+00   -0.6654732366E-01   -0.2784494982E-01    0.2802196306E+00    0.0000000000E+00    0.0000000000E+00   -0.1863114455E+00
    0.2499737253E-02   -0.1014280183E+00   -0.3871034581E-01   -0.6529406857E-01   -0.1332114892E+00    0.0000000000E+00    0.0000000000E+00   -0.7150079440E-01
   -0.8456504087E-02   -0.8664946012E-01   -0.5909448266E-01   -0.3569136871E-01    0.1960869743E+00    0.0000000000E+00    0.0000000000E+00   -0.2239071890E-01
    0.3575421036E-02   -0.3762601794E-01    0.1792064727E-02   -0.1000898454E-01   -0.1209958821E+00    0.0000000000E+00    0.0000000000E+00   -0.7894218334E-02
   -0.1798426775E-02   -0.2634992980E-01   -0.3536474878E-01   -0.3119708548E-01    0.1442594142E+00    0.0000000000E+00    0.0000000000E+00   -0.2368448835E-02
    0.8728477415E-03   -0.2018673160E-01    0.1690268051E-02    0.1904125599E-02   -0.9771643221E-01    0.0000000000E+00    0.0000000000E+00   -0.7061578702E-03
   -0.4178645653E-03   -0.5133063564E-02   -0.4143119838E-02   -0.3485248132E-02    0.8448578366E-01    0.0000000000E+00    0.0000000000E+00   -0.1378253367E-03
    0.1973638343E-03   -0.4687611415E-02   -0.4139088345E-02   -0.7343316693E-02   -0.5804021295E-01    0.0000000000E+00    0.0000000000E+00   -0.4717415290E-04
   -0.9203780407E-04   -0.1197041956E-02    0.1372821761E-02    0.8352443093E-02    0.4056319086E-01    0.0000000000E+00    0.0000000000E+00   -0.3983648945E-07
    0.4239774088E-04   -0.6624498560E-03    0.1051038370E-02   -0.2719039346E-02   -0.4198217319E-01    0.0000000000E+00    0.0000000000E+00   -0.2496162650E-05
   -0.1929599409E-04   -0.2284212255E-05    0.2326402351E-02    0.1294756399E-01    0.1323374062E-02    0.0000000000E+00    0.0000000000E+00    0.7933343030E-06
    0.8674376388E-05   -0.3474693626E-04    0.1052366896E-02   -0.6584824260E-02    0.2539169378E-01    0.0000000000E+00    0.0000000000E+00   -0.3022974461E-06
   -0.3849012689E-05    0.1477779510E-04   -0.1374807958E-03   -0.4875653433E-03   -0.1476764722E-01    0.0000000000E+00    0.0000000000E+00    0.1102662152E-06
    0.1683634348E-05   -0.6184550009E-05    0.4014344491E-04    0.1549475208E-03    0.3707871445E-02    0.0000000000E+00    0.0000000000E+00   -0.3895682115E-07
   -0.7245724937E-06    0.2509020770E-05   -0.1355145028E-04   -0.5168503552E-04   -0.1149907422E-02    0.0000000000E+00    0.0000000000E+00    0.1335418229E-07
    0.3059312190E-06   -0.9885300826E-06    0.4781222226E-05    0.1788624802E-04    0.3843066827E-03    0.0000000000E+00    0.0000000000E+00   -0.4449235845E-08
   -0.1262262791E-06    0.3786030468E-06   -0.1704696951E-05   -0.6273108599E-05   -0.1319965798E-03    0.0000000000E+00    0.0000000000E+00    0.1442102106E-08
    0.5061096845E-07   -0.1407979587E-06    0.6040387864E-06    0.2194666097E-05    0.4553478708E-04    0.0000000000E+00    0.0000000000E+00   -0.4543707693E-09
   -0.1956506100E-07    0.5062516175E-07   -0.2100561395E-06   -0.7558929660E-06   -0.1552766941E-04    0.0000000000E+00    0.0000000000E+00    0.1386666773E-09
    0.7209321452E-08   -0.1744522674E-07    0.7071393783E-07    0.2526399396E-06    0.5152379085E-05    0.0000000000E+00    0.0000000000E+00   -0.4067331064E-10
   -0.2489535080E-08    0.5674011705E-08   -0.2262433190E-07   -0.8039766045E-07   -0.1630990025E-05    0.0000000000E+00    0.0000000000E+00    0.1130747142E-10
    0.7851243685E-09   -0.1698828541E-08    0.6695504936E-08    0.2369864853E-07    0.4789012029E-06    0.0000000000E+00    0.0000000000E+00   -0.2910608733E-11
   -0.2171257001E-09    0.4496409080E-09   -0.1757594709E-08   -0.6202731411E-08   -0.1249883783E-06    0.0000000000E+00    0.0000000000E+00    0.6673860254E-12
    0.4922066135E-10   -0.9830690275E-10    0.3820284324E-09    0.1345305674E-08    0.2705225522E-07    0.0000000000E+00    0.0000000000E+00   -0.1276289326E-12
   -0.8074460797E-11    0.1566252480E-10   -0.6061345482E-10   -0.2131110857E-09   -0.4278866166E-08    0.0000000000E+00    0.0000000000E+00    0.1799295891E-13
    0.7107933821E-12   -0.1347249409E-11    0.5198450532E-11    0.1825611378E-10    0.3661431410E-09    0.0000000000E+00    0.0000000000E+00   -0.1387770862E-14
 l,ispin:           2           2
 psi n=1,noccmax(l):
   -0.4263279866E+01    0.8968431449E+00    0.3817244048E+00    0.3317394280E+00    0.4789149159E+00    0.0000000000E+00    0.0000000000E+00   -0.9505770016E+01
    0.1509034023E+02   -0.3205372231E+01   -0.1364816317E+01   -0.1188488650E+01   -0.1699703053E+01    0.0000000000E+00    0.0000000000E+00    0.2793035447E+02
   -0.2815606254E+02    0.6044064905E+01    0.2574687357E+01    0.2243143322E+01    0.3204333269E+01    0.0000000000E+00    0.0000000000E+00   -0.4544191035E+02
    0.3489314171E+02   -0.7516290920E+01   -0.3202999115E+01   -0.2773091775E+01   -0.4097144238E+01    0.0000000000E+00    0.0000000000E+00    0.5279042119E+02
   -0.2809656728E+02    0.5856751073E+01    0.2494656754E+01    0.2090327065E+01    0.3609812024E+01    0.0000000000E+00    0.0000000000E+00   -0.4439920739E+02
    0.1419944521E+02   -0.2468702422E+01   -0.1046388025E+01   -0.7454078208E+00   -0.2293377997E+01    0.0000000000E+00    0.0000000000E+00    0.2495966927E+02
   -0.2212304575E+02    0.4887169676E+01    0.2086799980E+01    0.1729199382E+01    0.3155437704E+01    0.0000000000E+00    0.0000000000E+00   -0.2126650582E+02
    0.3511718313E+02   -0.9604199574E+01   -0.4128897219E+01   -0.3660646185E+01   -0.4898409432E+01    0.0000000000E+00    0.0000000000E+00    0.3399889005E+02
    0.7439978170E+01   -0.9715068898E+00   -0.3926946154E+00   -0.5070514789E+00    0.5969996753E+00    0.0000000000E+00    0.0000000000E+00   -0.2437503328E+01
   -0.1030969169E+02    0.2839163199E+01    0.1211673033E+01    0.1251430595E+01    0.3317479177E+00    0.0000000000E+00    0.0000000000E+00   -0.8191863510E+01
   -0.9275183925E+01    0.2673754227E+01    0.1156540146E+01    0.9741976849E+00    0.1701940067E+01    0.0000000000E+00    0.0000000000E+00   -0.8255394014E+01
   -0.6682934437E+01    0.1718234362E+01    0.7286140336E+00    0.7587896680E+00    0.1520990491E+00    0.0000000000E+00    0.0000000000E+00   -0.4468406122E+01
   -0.2603111973E+01    0.6985654930E+00    0.3097393105E+00    0.2232497783E+00    0.7004305229E+00    0.0000000000E+00    0.0000000000E+00   -0.2491705664E+01
   -0.1090837346E+01    0.2403570542E+00    0.9151588420E-01    0.1358281989E+00   -0.2498274774E+00    0.0000000000E+00    0.0000000000E+00   -0.1106248518E+01
   -0.2430731470E+00   -0.2665080685E-01   -0.4603133184E-02   -0.4718009041E-01    0.2568472559E+00    0.0000000000E+00    0.0000000000E+00   -0.4901330420E+00
   -0.9397651347E-01   -0.1375418474E+00   -0.7308748434E-01   -0.3690079976E-01   -0.2803414437E+00    0.0000000000E+00    0.0000000000E+00   -0.1817594861E+00
    0.5873950039E-02   -0.1226732925E+00   -0.4468893302E-01   -0.6957703008E-01    0.1215253739E+00    0.0000000000E+00    0.0000000000E+00   -0.6877238647E-01
   -0.8661380840E-02   -0.9327952892E-01   -0.5707532777E-01   -0.3490326357E-01   -0.1888017079E+00    0.0000000000E+00    0.0000000000E+00   -0.2078685178E-01
    0.3849864898E-02   -0.4119147566E-01    0.1513034611E-02   -0.1005520695E-01    0.1152339504E+00    0.0000000000E+00    0.0000000000E+00   -0.7272432337E-02
   -0.1907113721E-02   -0.2828271500E-01   -0.3518429695E-01   -0.3134038491E-01   -0.1394117623E+00    0.0000000000E+00    0.0000000000E+00   -0.2005091260E-02
    0.9215504782E-03   -0.1891262343E-01    0.3874115705E-02    0.4856310854E-02    0.9715233561E-01    0.0000000000E+00    0.0000000000E+00   -0.5925004638E-03
   -0.4395136766E-03   -0.5115594735E-02   -0.4168776608E-02   -0.4728644680E-02   -0.8325541933E-01    0.0000000000E+00    0.0000000000E+00   -0.9599397061E-04
    0.2069842702E-03   -0.4115275354E-02   -0.3160980593E-02   -0.4870966355E-02    0.5947214583E-01    0.0000000000E+00    0.0000000000E+00   -0.3584375001E-04
   -0.9631440239E-04   -0.9245118632E-03    0.1671969798E-02    0.7698434177E-02   -0.4039324575E-01    0.0000000000E+00    0.0000000000E+00    0.2344132545E-05
    0.4430134661E-04   -0.4984380204E-03    0.1338795500E-02   -0.1440620350E-02    0.4349450291E-01    0.0000000000E+00    0.0000000000E+00   -0.2292081707E-05
   -0.2014501953E-04    0.2342546393E-04    0.2277057345E-02    0.1161250319E-01   -0.5822942346E-02    0.0000000000E+00    0.0000000000E+00    0.8158948421E-06
    0.9053789944E-05   -0.3047033136E-04    0.9222506593E-03   -0.6488245481E-02   -0.2222303853E-01    0.0000000000E+00    0.0000000000E+00   -0.3082656975E-06
   -0.4018720345E-05    0.1314309211E-04   -0.1239553090E-03   -0.3325483203E-03    0.1379282762E-01    0.0000000000E+00    0.0000000000E+00    0.1125167189E-06
    0.1759441615E-05   -0.5509897006E-05    0.3649527422E-04    0.1096058017E-03   -0.3507983714E-02    0.0000000000E+00    0.0000000000E+00   -0.3981567560E-07
   -0.7582690889E-06    0.2238365995E-05   -0.1238166021E-04   -0.3671633476E-04    0.1094108007E-02    0.0000000000E+00    0.0000000000E+00    0.1367809019E-07
    0.3207616583E-06   -0.8831223561E-06    0.4383038519E-05    0.1270883284E-04   -0.3668041314E-03    0.0000000000E+00    0.0000000000E+00   -0.4568201447E-08
   -0.1326468772E-06    0.3386865134E-06   -0.1566297881E-05   -0.4455736875E-05    0.1262280645E-03    0.0000000000E+00    0.0000000000E+00    0.1484277770E-08
    0.5332267928E-07   -0.1261066741E-06    0.5558810229E-06    0.1558379110E-05   -0.4359973281E-04    0.0000000000E+00    0.0000000000E+00   -0.4687274227E-09
   -0.2067057555E-07    0.4539039201E-07   -0.1935244887E-06   -0.5366376567E-06    0.1488047708E-04    0.0000000000E+00    0.0000000000E+00    0.1433374837E-09
    0.7638392489E-08   -0.1565502639E-07    0.6519970146E-07    0.1793397463E-06   -0.4940529213E-05    0.0000000000E+00    0.0000000000E+00   -0.4211564597E-10
   -0.2645104179E-08    0.5095363767E-08   -0.2087160613E-07   -0.5706836799E-07    0.1564569187E-05    0.0000000000E+00    0.0000000000E+00    0.1172503915E-10
    0.8364015165E-09   -0.1526436731E-08    0.6179200765E-08    0.1682158361E-07   -0.4595303010E-06    0.0000000000E+00    0.0000000000E+00   -0.3021529750E-11
   -0.2318666855E-09    0.4041901674E-09   -0.1622507870E-08   -0.4402758960E-08    0.1199570396E-06    0.0000000000E+00    0.0000000000E+00    0.6934412882E-12
    0.5267454396E-10   -0.8839968535E-10    0.3527343813E-09    0.9549159022E-09   -0.2596699116E-07    0.0000000000E+00    0.0000000000E+00   -0.1327039467E-12
   -0.8656807278E-11    0.1408770177E-10   -0.5597323947E-10   -0.1512703599E-09    0.4107624405E-08    0.0000000000E+00    0.0000000000E+00    0.1871838809E-13
    0.7632089615E-12   -0.1212021901E-11    0.4800949875E-11    0.1295865867E-10   -0.3515150830E-09    0.0000000000E+00    0.0000000000E+00   -0.1444303374E-14
 l,ispin:           3           1
 psi n=1,noccmax(l):
   -0.9119589742E+01   -0.6686506688E+00   -0.9109265531E+00   -0.2008959027E+00   -0.2452184344E+00    0.0000000000E+00    0.0000000000E+00
    0.2675529304E+02    0.1953487462E+01    0.2658701399E+01    0.7390684142E+00    0.8775905104E+00    0.0000000000E+00    0.0000000000E+00
   -0.4343452084E+02   -0.3157513338E+01   -0.4293005460E+01   -0.1458808615E+01   -0.1698546723E+01    0.0000000000E+00    0.0000000000E+00
    0.5034251659E+02    0.3652130018E+01    0.4963148112E+01    0.1848767121E+01    0.2135959438E+01    0.0000000000E+00    0.0000000000E+00
   -0.4234200991E+02   -0.3089768286E+01   -0.4204981741E+01   -0.1238682980E+01   -0.1462255845E+01    0.0000000000E+00    0.0000000000E+00
    0.2414973993E+02    0.1808335546E+01    0.2476330016E+01   -0.1689207616E+00   -0.9252607345E-01    0.0000000000E+00    0.0000000000E+00
   -0.2098055836E+02   -0.1558905676E+01   -0.2131079520E+01   -0.1300478296E+00   -0.2132789609E+00    0.0000000000E+00    0.0000000000E+00
    0.3211103173E+02    0.2310856836E+01    0.3134424719E+01    0.1951007559E+01    0.2187575113E+01    0.0000000000E+00    0.0000000000E+00
   -0.1546810675E+01   -0.1855449784E+00   -0.2764711028E+00    0.9163759493E+00    0.9554027921E+00    0.0000000000E+00    0.0000000000E+00
   -0.7341612599E+01   -0.4608550038E+00   -0.6018693738E+00   -0.1580911777E+01   -0.1698465058E+01    0.0000000000E+00    0.0000000000E+00
   -0.7804959076E+01   -0.5736682802E+00   -0.7828491814E+00   -0.3272543344E+00   -0.3775306986E+00    0.0000000000E+00    0.0000000000E+00
   -0.4303241212E+01   -0.2742607455E+00   -0.3592218818E+00   -0.8316556962E+00   -0.8948728229E+00    0.0000000000E+00    0.0000000000E+00
   -0.2430188230E+01   -0.1834941101E+00   -0.2528407760E+00   -0.2274154358E-01   -0.3383950974E-01    0.0000000000E+00    0.0000000000E+00
   -0.1097439909E+01   -0.6528962036E-01   -0.8277991007E-01   -0.2839133926E+00   -0.3040190715E+00    0.0000000000E+00    0.0000000000E+00
   -0.4916167493E+00   -0.3884738320E-01   -0.5521553600E-01    0.6079205902E-01    0.6320216072E-01    0.0000000000E+00    0.0000000000E+00
   -0.1863114455E+00   -0.7861419912E-02   -0.7393365219E-02   -0.9259281371E-01   -0.9814438317E-01    0.0000000000E+00    0.0000000000E+00
   -0.7150079440E-01   -0.5688319166E-02   -0.9501207997E-02    0.4577918517E-01    0.4885122603E-01    0.0000000000E+00    0.0000000000E+00
   -0.2239071890E-01    0.4171512650E-03    0.3018754949E-02   -0.3354558897E-01   -0.3460812565E-01    0.0000000000E+00    0.0000000000E+00
   -0.7894218334E-02    0.8238282581E-03   -0.3758837538E-03    0.2476559569E-01    0.2591518202E-01    0.0000000000E+00    0.0000000000E+00
   -0.2368448835E-02   -0.1444089800E-02   -0.7938850031E-03   -0.1773018017E-01   -0.1827070568E-01    0.0000000000E+00    0.0000000000E+00
   -0.7061578702E-03    0.1891402545E-02    0.2644913600E-02    0.1567908303E-01    0.1782920035E-01    0.0000000000E+00    0.0000000000E+00
   -0.1378253367E-03   -0.3546857227E-04   -0.3159820300E-03   -0.9504528466E-02   -0.1193486660E-01    0.0000000000E+00    0.0000000000E+00
   -0.4717415290E-04    0.1302920244E-03    0.6623833692E-03    0.8010032099E-02    0.1191581111E-01    0.0000000000E+00    0.0000000000E+00
   -0.3983648945E-07    0.3873779653E-03    0.6911858024E-03   -0.3994887230E-02   -0.7579198049E-02    0.0000000000E+00    0.0000000000E+00
   -0.2496162650E-05    0.2067634141E-03    0.2891129684E-03    0.4461446416E-02    0.1055647932E-01    0.0000000000E+00    0.0000000000E+00
    0.7933343030E-06    0.2359589276E-03    0.6633316951E-03   -0.2136004860E-02   -0.1154509263E-01    0.0000000000E+00    0.0000000000E+00
   -0.3022974461E-06    0.7617122333E-04   -0.4982803430E-03   -0.5116645279E-03    0.6154186895E-02    0.0000000000E+00    0.0000000000E+00
    0.1102662152E-06   -0.8852531248E-05    0.5552251565E-05    0.5632539674E-03   -0.1571650887E-02    0.0000000000E+00    0.0000000000E+00
   -0.3895682115E-07    0.2230381001E-05   -0.6378701255E-06   -0.1289277168E-03    0.1929943716E-03    0.0000000000E+00    0.0000000000E+00
    0.1335418229E-07   -0.6438825017E-06    0.1542609572E-06    0.3467663800E-04   -0.3558875051E-04    0.0000000000E+00    0.0000000000E+00
   -0.4449235845E-08    0.1930776652E-06   -0.4640926765E-07   -0.9884758794E-05    0.7876685928E-05    0.0000000000E+00    0.0000000000E+00
    0.1442102106E-08   -0.5829895310E-07    0.1447106975E-07    0.2877268866E-05   -0.1925938174E-05    0.0000000000E+00    0.0000000000E+00
   -0.4543707693E-09    0.1747263004E-07   -0.4460913517E-08   -0.8396241298E-06    0.4981761254E-06    0.0000000000E+00    0.0000000000E+00
    0.1386666773E-09   -0.5143289576E-08    0.1339637658E-08    0.2423844901E-06   -0.1323505230E-06    0.0000000000E+00    0.0000000000E+00
   -0.4067331064E-10    0.1469405110E-08   -0.3878427585E-09   -0.6827024476E-07    0.3521523927E-07    0.0000000000E+00    0.0000000000E+00
    0.1130747142E-10   -0.4007049529E-09    0.1066746861E-09    0.1842547756E-07   -0.9142386687E-08    0.0000000000E+00    0.0000000000E+00
   -0.2910608733E-11    0.1016978652E-09   -0.2722149782E-10   -0.4641297504E-08    0.2242981127E-08    0.0000000000E+00    0.0000000000E+00
    0.6673860254E-12   -0.2307925649E-10    0.6198766734E-11    0.1047566759E-08   -0.4972822008E-09    0.0000000000E+00    0.0000000000E+00
   -0.1276289326E-12    0.4380492433E-11   -0.1179039134E-11   -0.1980480596E-09    0.9288246759E-10    0.0000000000E+00    0.0000000000E+00
    0.1799295891E-13   -0.6141810317E-12    0.1655272323E-12    0.2768908387E-10   -0.1287986100E-10    0.0000000000E+00    0.0000000000E+00
   -0.1387770862E-14    0.4718292733E-13   -0.1272637885E-13   -0.2122792663E-11    0.9819658754E-12    0.0000000000E+00    0.0000000000E+00
 l,ispin:           3           2
 psi n=1,noccmax(l):
   -0.9505770016E+01    0.6211141759E+00    0.8664434072E+00   -0.1732163903E+00   -0.2759291859E+00    0.0000000000E+00    0.0000000000E+00
    0.2793035447E+02   -0.1816577953E+01   -0.2531925708E+01    0.6604349783E+00    0.9610285655E+00    0.0000000000E+00    0.0000000000E+00
   -0.4544191035E+02    0.2941326733E+01    0.4095927428E+01   -0.1338347756E+01   -0.1825551465E+01    0.0000000000E+00    0.0000000000E+00
    0.5279042119E+02   -0.3408945731E+01   -0.4745116198E+01    0.1719628741E+01    0.2284850174E+01    0.0000000000E+00    0.0000000000E+00
   -0.4439920739E+02    0.2885093908E+01    0.4020940234E+01   -0.1133291226E+01   -0.1611231896E+01    0.0000000000E+00    0.0000000000E+00
    0.2495966927E+02   -0.1669357360E+01   -0.2339458461E+01   -0.2562532687E+00    0.1780425536E-01    0.0000000000E+00    0.0000000000E+00
   -0.2126650582E+02    0.1413155845E+01    0.1978276638E+01   -0.1027279072E-01   -0.2437462413E+00    0.0000000000E+00    0.0000000000E+00
    0.3399889005E+02   -0.2177013691E+01   -0.3026093005E+01    0.1896729643E+01    0.2268079788E+01    0.0000000000E+00    0.0000000000E+00
   -0.2437503328E+01    0.2283982730E+00    0.3377508562E+00    0.8258528177E+00    0.7820141298E+00    0.0000000000E+00    0.0000000000E+00
   -0.8191863510E+01    0.4553596433E+00    0.6131906728E+00   -0.1597101098E+01   -0.1675330423E+01    0.0000000000E+00    0.0000000000E+00
   -0.8255394014E+01    0.5409526827E+00    0.7561410698E+00   -0.3156942399E+00   -0.4089866966E+00    0.0000000000E+00    0.0000000000E+00
   -0.4468406122E+01    0.2507917067E+00    0.3378733873E+00   -0.8087888268E+00   -0.8514827575E+00    0.0000000000E+00    0.0000000000E+00
   -0.2491705664E+01    0.1685091541E+00    0.2378101867E+00   -0.1213398118E-01   -0.4114433652E-01    0.0000000000E+00    0.0000000000E+00
   -0.1106248518E+01    0.5712010383E-01    0.7438598335E-01   -0.2735404238E+00   -0.2830820473E+00    0.0000000000E+00    0.0000000000E+00
   -0.4901330420E+00    0.3487682314E-01    0.5077046522E-01    0.6383674744E-01    0.5865737223E-01    0.0000000000E+00    0.0000000000E+00
   -0.1817594861E+00    0.5990669679E-02    0.5328064592E-02   -0.8940820999E-01   -0.8986832834E-01    0.0000000000E+00    0.0000000000E+00
   -0.6877238647E-01    0.4906975658E-02    0.8516346317E-02    0.4618550468E-01    0.4586870054E-01    0.0000000000E+00    0.0000000000E+00
   -0.2078685178E-01   -0.7698998669E-03   -0.3440026333E-02   -0.3259326712E-01   -0.3127136307E-01    0.0000000000E+00    0.0000000000E+00
   -0.7272432337E-02   -0.9393228301E-03    0.2177621365E-03    0.2461337838E-01    0.2415006823E-01    0.0000000000E+00    0.0000000000E+00
   -0.2005091260E-02    0.1375798589E-02    0.6951735711E-03   -0.1735766985E-01   -0.1672365634E-01    0.0000000000E+00    0.0000000000E+00
   -0.5925004638E-03   -0.1921103295E-02   -0.2690208363E-02    0.1555826616E-01    0.1688835438E-01    0.0000000000E+00    0.0000000000E+00
   -0.9599397061E-04    0.2714439467E-04    0.3091591471E-03   -0.9376006069E-02   -0.1121058311E-01    0.0000000000E+00    0.0000000000E+00
   -0.3584375001E-04   -0.1383108681E-03   -0.6853129213E-03    0.7962806047E-02    0.1143945694E-01    0.0000000000E+00    0.0000000000E+00
    0.2344132545E-05   -0.3888937286E-03   -0.6852939784E-03   -0.3955473514E-02   -0.7220932174E-02    0.0000000000E+00    0.0000000000E+00
   -0.2292081707E-05   -0.2078670899E-03   -0.2950579139E-03    0.4428335387E-02    0.1022718357E-01    0.0000000000E+00    0.0000000000E+00
    0.8158948421E-06   -0.2352238428E-03   -0.6510949042E-03   -0.2154456094E-02   -0.1136821127E-01    0.0000000000E+00    0.0000000000E+00
   -0.3082656975E-06   -0.7554968973E-04    0.4956626240E-03   -0.4876006978E-03    0.6114036431E-02    0.0000000000E+00    0.0000000000E+00
    0.1125167189E-06    0.8790996362E-05   -0.6078993210E-05    0.5548859284E-03   -0.1574337730E-02    0.0000000000E+00    0.0000000000E+00
   -0.3981567560E-07   -0.2215662772E-05    0.7747967900E-06   -0.1271763882E-03    0.1968585143E-03    0.0000000000E+00    0.0000000000E+00
    0.1367809019E-07    0.6397666551E-06   -0.1928398538E-06    0.3422348590E-04   -0.3691438953E-04    0.0000000000E+00    0.0000000000E+00
   -0.4568201447E-08   -0.1918692272E-06    0.5768475206E-07   -0.9758347037E-05    0.8290757513E-05    0.0000000000E+00    0.0000000000E+00
    0.1484277770E-08    0.5793929023E-07   -0.1780645823E-07    0.2840972833E-05   -0.2051746271E-05    0.0000000000E+00    0.0000000000E+00
   -0.4687274227E-09   -0.1736590856E-07    0.5445256794E-08   -0.8291298355E-06    0.5357084727E-06    0.0000000000E+00    0.0000000000E+00
    0.1433374837E-09    0.5112093637E-08   -0.1626129714E-08    0.2393744009E-06   -0.1433153384E-06    0.0000000000E+00    0.0000000000E+00
   -0.4211564597E-10   -0.1460536291E-08    0.4690212735E-09   -0.6742627044E-07    0.3832394154E-07    0.0000000000E+00    0.0000000000E+00
    0.1172503915E-10    0.3982947828E-09   -0.1286808299E-09    0.1819843486E-07   -0.9984446532E-08    0.0000000000E+00    0.0000000000E+00
   -0.3021529750E-11   -0.1010876585E-09    0.3278276654E-10   -0.4584238959E-08    0.2455513867E-08    0.0000000000E+00    0.0000000000E+00
    0.6934412882E-12    0.2294101412E-10   -0.7456969196E-11    0.1034709695E-08   -0.5453027334E-09    0.0000000000E+00    0.0000000000E+00
   -0.1327039467E-12   -0.4354285489E-11    0.1417323898E-11   -0.1956202512E-09    0.1019658557E-09    0.0000000000E+00    0.0000000000E+00
    0.1871838809E-13    0.6105097398E-12   -0.1988841771E-12    0.2734994072E-10   -0.1415012070E-10    0.0000000000E+00    0.0000000000E+00
   -0.1444303374E-14   -0.4690105936E-13    0.1528606362E-13   -0.2096807942E-11    0.1079359644E-11    0.0000000000E+00    0.0000000000E+00
