   40             4.00000 ng, rij 
     2.929     8.000                                       rcov,rprb 
 r                           (non)relativistic calculation
 BLYP                        XC-functional
 11.000  9.000    0.1800000000   -0.8897367244E+01    0.3955424463E+01    0.0000000000E+00    0.0000000000E+00  znuc,zion,rloc,gpot()
   1                                                       lpx, (Projectors for l=0..lpx)
    0.1403274096    0.3864061548E+02   -0.0000000000E+00    0.0000000000E+00    0.0000000000E+00   -0.0000000000E+00    0.0000000000E+00  r_l(),hsep(), so=+0.5
    0.1477282254   -0.7569144808E+01   -0.0000000000E+00    0.0000000000E+00    0.0000000000E+00   -0.0000000000E+00    0.0000000000E+00  r_l(),hsep(), so=+0.5
   -0.7617016298E+01   -0.0000000000E+00    0.0000000000E+00    0.0000000000E+00   -0.0000000000E+00    0.0000000000E+00         hsep(), so=-0.5
 ---------------------------------------------
 Additional information (last calculation):
 gaussian exponents:
 xp():   174.59426695964143        123.45679012345680        87.297133479820715        61.728395061728428        43.648566739910358        30.864197530864214        21.824283369955186        15.432098765432112        10.912141684977593        7.7160493827160561        5.4560708424887991        3.8580246913580298        2.7280354212443996        1.9290123456790149        1.3640177106222007       0.96450617283950812       0.68200885531110056       0.48225308641975412       0.34100442765555034       0.24112654320987706       0.17050221382777517       0.12056327160493853        8.5251106913887639E-002   6.0281635802469306E-002   4.2625553456943813E-002   3.0140817901234667E-002   2.1312776728471910E-002   1.5070408950617330E-002   1.0656388364235955E-002   7.5352044753086702E-003   5.3281941821179818E-003   3.7676022376543351E-003   2.6640970910589913E-003   1.8838011188271676E-003   1.3320485455294954E-003   9.4190055941358410E-004   6.6602427276474794E-004   4.7095027970679205E-004   3.3301213638237408E-004   2.3547513985339608E-004
 orbital coefficients (one orbital per column)
 l,ispin:           0           1
 psi n=1,noccmax(l):
   -0.1703581275E-02   -0.1134836970E-01    0.7289122975E-02    0.1701496185E-02    0.0000000000E+00
    0.5704542568E-02    0.4649569338E-01   -0.3259034949E-01   -0.1726967039E-01    0.0000000000E+00
   -0.1924956986E-01   -0.1086584955E+00    0.8237293944E-01    0.6405508172E-01    0.0000000000E+00
    0.6071032352E-01    0.1924437490E+00   -0.1557413365E+00   -0.1514933648E+00    0.0000000000E+00
   -0.1468646034E+00   -0.2915658497E+00    0.2477276448E+00    0.2755906880E+00    0.0000000000E+00
    0.2077815591E+00    0.3864164326E+00   -0.3454977152E+00   -0.4307563633E+00    0.0000000000E+00
    0.2086553226E+00   -0.3848067731E+00    0.4029723781E+00    0.6414688989E+00    0.0000000000E+00
    0.1298156004E+01    0.7614803518E+00   -0.6366392359E+00   -0.7047356790E+00    0.0000000000E+00
    0.5675616332E+00   -0.4844697355E+00    0.5699989016E+00    0.1037283079E+01    0.0000000000E+00
    0.1235145774E+01    0.9609064914E+00   -0.8520461647E+00   -0.1062809539E+01    0.0000000000E+00
    0.2538645929E+00   -0.7743309527E+00    0.8292886390E+00    0.1362385296E+01    0.0000000000E+00
    0.4737308199E-01    0.9662780036E+00   -0.9840372162E+00   -0.1511029682E+01    0.0000000000E+00
   -0.5694631087E+00   -0.1227364263E+01    0.1175718242E+01    0.1636112091E+01    0.0000000000E+00
   -0.6725075668E+00    0.1091173523E+01   -0.1190843297E+01   -0.1929386497E+01    0.0000000000E+00
   -0.6989736743E+00   -0.1449418390E+01    0.1446259934E+01    0.2021464021E+01    0.0000000000E+00
   -0.7947719799E+00    0.8821854035E+00   -0.1281001845E+01   -0.2500616634E+01    0.0000000000E+00
   -0.3593620860E+00   -0.7880824701E+00    0.1344068921E+01    0.2787706306E+01    0.0000000000E+00
   -0.4240731082E+00    0.5006856772E-01   -0.1094534555E+01   -0.3364670051E+01    0.0000000000E+00
   -0.8998786022E-01   -0.3023452643E-01    0.1172494779E+01    0.3646035954E+01    0.0000000000E+00
   -0.1073065446E+00   -0.1314075488E+00   -0.1163602642E+01   -0.3980623372E+01    0.0000000000E+00
    0.1411936444E-01    0.4785178035E-01    0.1276491898E+01    0.4128016730E+01    0.0000000000E+00
   -0.2283837953E-01   -0.3604920750E-01   -0.1331751231E+01   -0.4186700515E+01    0.0000000000E+00
    0.1358691318E-01    0.8853930305E-01    0.1311127891E+01    0.4062522687E+01    0.0000000000E+00
   -0.9300810649E-02    0.1443255123E-01   -0.1285628209E+01   -0.3536188576E+01    0.0000000000E+00
    0.6252834001E-02    0.1166177615E+00    0.9438167927E+00    0.2753095026E+01    0.0000000000E+00
   -0.4175870353E-02    0.2309751836E-01   -0.6497133276E+00   -0.1205362725E+01    0.0000000000E+00
    0.2763096102E-02    0.6243439571E-01    0.2727016809E-01   -0.5229094254E+00    0.0000000000E+00
   -0.1808057911E-02    0.4627643643E-02    0.4223072560E+00    0.2436144236E+01    0.0000000000E+00
    0.1167696001E-02    0.1175713125E-01   -0.7907835759E+00   -0.3265760087E+01    0.0000000000E+00
   -0.7424269544E-03   -0.1352745918E-02    0.8398686003E+00    0.2747784984E+01    0.0000000000E+00
    0.4631018641E-03    0.2826045240E-03   -0.5356489365E+00   -0.2407721043E+01    0.0000000000E+00
   -0.2820096241E-03    0.1425996998E-03    0.3832444710E+00    0.1818294882E+01    0.0000000000E+00
    0.1664838127E-03   -0.1868676307E-03   -0.2294620724E+00   -0.9970209702E+00    0.0000000000E+00
   -0.9433009019E-04    0.1358855613E-03    0.1266132588E+00    0.5288551921E+00    0.0000000000E+00
    0.5056735380E-04   -0.8000881628E-04   -0.6458580237E-01   -0.2632418021E+00    0.0000000000E+00
   -0.2512225948E-04    0.4075103848E-04    0.3014792245E-01    0.1207562007E+00    0.0000000000E+00
    0.1122271532E-04   -0.1802620268E-04   -0.1258758267E-01   -0.4976319737E-01    0.0000000000E+00
   -0.4307766039E-05    0.6732923357E-05    0.4516523767E-02    0.1767728731E-01    0.0000000000E+00
    0.1321662145E-05   -0.1995059948E-05   -0.1300461602E-02   -0.5050865155E-02    0.0000000000E+00
   -0.2848794954E-06    0.4147015792E-06    0.2647579128E-03    0.1022263311E-02    0.0000000000E+00
    0.3188256263E-07   -0.4485181255E-07   -0.2820406789E-04   -0.1084148875E-03    0.0000000000E+00
 l,ispin:           1           1
 psi n=1,noccmax(l):
    0.5610284801E+00   -0.7271691944E-01    0.9163150333E-01    0.2571019967E-01
   -0.1423248392E+01    0.1916623609E+00   -0.3173961471E+00   -0.1946647695E+00
    0.2066161205E+01   -0.2935224600E+00    0.6405668836E+00    0.5564976108E+00
   -0.2193100438E+01    0.3369549900E+00   -0.9774905807E+00   -0.1043848342E+01
    0.2051993117E+01   -0.3464649045E+00    0.1274773711E+01    0.1524456668E+01
   -0.1932063323E+01    0.3545018510E+00   -0.1508311413E+01   -0.1901017560E+01
    0.1996832652E+01   -0.3805749801E+00    0.1676280185E+01    0.2136209633E+01
    0.2408699945E+01   -0.1504957119E+00   -0.1398086107E+01   -0.2602802952E+01
    0.4707457181E+01   -0.7294032973E+00    0.2011068118E+01    0.2085419456E+01
    0.1873148965E+01   -0.6881687958E-01   -0.1456267262E+01   -0.2557566710E+01
    0.3198424485E+01   -0.5907707432E+00    0.1855134523E+01    0.2064781008E+01
    0.1860017422E+01   -0.3500436827E-01   -0.1372671925E+01   -0.2357345642E+01
    0.2082570527E+01   -0.4982419905E+00    0.1662073885E+01    0.1901413010E+01
    0.1188357893E+01    0.1036924000E+00   -0.1323058605E+01   -0.2025484244E+01
    0.1011862352E+01   -0.4088969079E+00    0.1455547956E+01    0.1703763142E+01
    0.6352514612E+00    0.1617764869E+00   -0.1216797878E+01   -0.1733917317E+01
    0.3193009348E+00   -0.2055220649E+00    0.1176066412E+01    0.1583405477E+01
    0.2500844501E+00    0.2295266838E-01   -0.9835968066E+00   -0.1583160306E+01
    0.7710626195E-01    0.2165003466E-02    0.8985941675E+00    0.1488882252E+01
    0.5763822701E-01   -0.3306760855E-01   -0.8114496176E+00   -0.1401647414E+01
    0.7745612238E-02    0.3696806346E-01    0.7437347702E+00    0.1298137613E+01
    0.8653505949E-02   -0.2649219233E-01   -0.6877628521E+00   -0.1179455504E+01
   -0.1822828284E-02    0.4424810287E-01    0.6078998020E+00    0.1075249590E+01
    0.1567546007E-02   -0.2390465781E-01   -0.5502112931E+00   -0.9284519078E+00
   -0.8503979922E-03    0.4359231772E-01    0.4457391990E+00    0.8015315707E+00
    0.4858595338E-03   -0.1665283038E-01   -0.3643657660E+00   -0.6090401960E+00
   -0.2732268882E-03    0.2579516323E-01    0.2388245366E+00    0.4334525912E+00
    0.1516232731E-03   -0.6290234684E-02   -0.1417952483E+00   -0.2275484918E+00
   -0.8284440733E-04    0.7529345154E-02    0.4853771672E-01    0.9929381473E-01
    0.4445790391E-04   -0.4269891332E-03   -0.5659112578E-02   -0.4438470229E-01
   -0.2335755081E-04    0.2284446243E-03    0.3788359644E-02   -0.1992292368E-01
    0.1196135839E-04    0.8599067153E-04    0.3617830601E-02    0.3193352713E-01
   -0.5933560648E-05   -0.9745806058E-04   -0.2518733057E-02   -0.1274774040E-01
    0.2826049296E-05    0.6085215673E-04    0.1357965518E-02    0.5495987672E-02
   -0.1275861464E-05   -0.3068470583E-04   -0.6364955190E-03   -0.2293601692E-02
    0.5358417460E-06    0.1339561746E-04    0.2658991455E-03    0.8945488474E-03
   -0.2035798597E-06   -0.5101499403E-05   -0.9835374427E-04   -0.3167136218E-03
    0.6702602801E-07    0.1653208617E-05    0.3123283220E-04    0.9768511041E-04
   -0.1783488593E-07   -0.4295314516E-06   -0.7998184631E-05   -0.2452190332E-04
    0.3379051082E-08    0.7929658047E-07    0.1461195655E-05    0.4418350032E-05
   -0.3375167853E-09   -0.7727394387E-08   -0.1413152447E-06   -0.4231809109E-06
 l,ispin:           1           2
 psi n=1,noccmax(l):
    0.5639727058E+00   -0.7292358002E-01    0.9165602949E-01    0.2565465394E-01
   -0.1430733131E+01    0.1922322801E+00   -0.3173460031E+00   -0.1945780568E+00
    0.2076985605E+01   -0.2944371187E+00    0.6402499616E+00    0.5564923925E+00
   -0.2204328936E+01    0.3380459836E+00   -0.9767337510E+00   -0.1044057981E+01
    0.2061793572E+01   -0.3475834132E+00    0.1273524683E+01    0.1524943562E+01
   -0.1940451190E+01    0.3556152465E+00   -0.1506657733E+01   -0.1901739568E+01
    0.2007305635E+01   -0.3820200398E+00    0.1674572490E+01    0.2136885869E+01
    0.2431063092E+01   -0.1516283805E+00   -0.1394801856E+01   -0.2604949100E+01
    0.4739389564E+01   -0.7326392094E+00    0.2010190818E+01    0.2085229722E+01
    0.1889662977E+01   -0.6943478043E-01   -0.1453269599E+01   -0.2559440483E+01
    0.3214745686E+01   -0.5928029396E+00    0.1853629675E+01    0.2065234820E+01
    0.1868041799E+01   -0.3452298070E-01   -0.1370568595E+01   -0.2358451709E+01
    0.2089059284E+01   -0.4995195860E+00    0.1660329874E+01    0.1902189365E+01
    0.1190073927E+01    0.1049401729E+00   -0.1321634575E+01   -0.2026040785E+01
    0.1013845370E+01   -0.4101010747E+00    0.1454059444E+01    0.1704404114E+01
    0.6337748901E+00    0.1633605737E+00   -0.1215845685E+01   -0.1734110023E+01
    0.3197548449E+00   -0.2064739387E+00    0.1174817007E+01    0.1583902820E+01
    0.2485945565E+00    0.2396776001E-01   -0.9826434600E+00   -0.1583415848E+01
    0.7691104112E-01    0.1794431668E-02    0.8973461544E+00    0.1489452586E+01
    0.5700436839E-01   -0.3252835448E-01   -0.8104478661E+00   -0.1402027342E+01
    0.7671482330E-02    0.3674977793E-01    0.7426188192E+00    0.1298674428E+01
    0.8492846522E-02   -0.2612914283E-01   -0.6868565192E+00   -0.1179834963E+01
   -0.1797154292E-02    0.4406750430E-01    0.6069901104E+00    0.1075686864E+01
    0.1537052928E-02   -0.2364820994E-01   -0.5494813320E+00   -0.9287633866E+00
   -0.8346455132E-03    0.4343954031E-01    0.4450927262E+00    0.8018253506E+00
    0.4766672936E-03   -0.1650533096E-01   -0.3638708393E+00   -0.6092570594E+00
   -0.2680073283E-03    0.2569864940E-01    0.2384959077E+00    0.4335805636E+00
    0.1487038658E-03   -0.6240362895E-02   -0.1416002876E+00   -0.2276329346E+00
   -0.8124018031E-04    0.7497690237E-02    0.4849845299E-01    0.9923490742E-01
    0.4359398129E-04   -0.4255050721E-03   -0.5637748464E-02   -0.4439601918E-01
   -0.2290305971E-04    0.2271187521E-03    0.3781997325E-02   -0.1981328371E-01
    0.1172880614E-04    0.8555117727E-04    0.3608568424E-02    0.3187035282E-01
   -0.5818528169E-05   -0.9696570096E-04   -0.2513385027E-02   -0.1273095416E-01
    0.2771516043E-05    0.6054741269E-04    0.1355287591E-02    0.5490466026E-02
   -0.1251393500E-05   -0.3053202068E-04   -0.6352889077E-03   -0.2291692029E-02
    0.5256408680E-06    0.1332929622E-04    0.2654071754E-03    0.8938969201E-03
   -0.1997355370E-06   -0.5076343939E-05   -0.9817468235E-04   -0.3165037987E-03
    0.6577091082E-07    0.1645083076E-05    0.3117660203E-04    0.9762467597E-04
   -0.1750365870E-07   -0.4274257405E-06   -0.7983898579E-05   -0.2450745963E-04
    0.3316780045E-08    0.7890862744E-07    0.1458600473E-05    0.4415837500E-05
   -0.3313399813E-09   -0.7689647787E-08   -0.1410652808E-06   -0.4229462331E-06
 l,ispin:           2           1
 psi n=1,noccmax(l):
    0.1239305784E+00   -0.3830209696E+00    0.1923512810E+00   -0.5016722932E+00    0.0000000000E+00
   -0.4290199987E+00    0.1327551121E+01   -0.6658941270E+00    0.1737495049E+01    0.0000000000E+00
    0.8028664183E+00   -0.2486239619E+01    0.1246193884E+01   -0.3252547502E+01    0.0000000000E+00
   -0.1096501596E+01    0.3397474649E+01   -0.1702048844E+01    0.4443256884E+01    0.0000000000E+00
    0.1239656430E+01   -0.3842055835E+01    0.1924388555E+01   -0.5024188738E+01    0.0000000000E+00
   -0.1242460218E+01    0.3851166059E+01   -0.1928923450E+01    0.5036254100E+01    0.0000000000E+00
    0.1149878770E+01   -0.3568572130E+01    0.1785440195E+01   -0.4663741937E+01    0.0000000000E+00
   -0.1007083731E+01    0.3141931762E+01   -0.1564045009E+01    0.4093329888E+01    0.0000000000E+00
    0.8580042081E+00   -0.2662522172E+01    0.1332877088E+01   -0.3481543338E+01    0.0000000000E+00
   -0.7058018347E+00    0.2215369895E+01   -0.1096938456E+01    0.2877250932E+01    0.0000000000E+00
    0.5758847561E+00   -0.1808528337E+01    0.8955899163E+00   -0.2349556602E+01    0.0000000000E+00
   -0.4553883259E+00    0.1474189536E+01   -0.7089046140E+00    0.1880769952E+01    0.0000000000E+00
    0.3655288652E+00   -0.1182028432E+01    0.5697447702E+00   -0.1510923857E+01    0.0000000000E+00
   -0.2795729402E+00    0.9606919090E+00   -0.4366191311E+00    0.1184853016E+01    0.0000000000E+00
    0.2206079642E+00   -0.7676049480E+00    0.3451455961E+00   -0.9412659847E+00    0.0000000000E+00
   -0.1668724305E+00    0.6220088693E+00   -0.2613438310E+00    0.7328930792E+00    0.0000000000E+00
    0.1366847312E+00   -0.4886916602E+00    0.2136246066E+00   -0.5900708464E+00    0.0000000000E+00
   -0.1101064090E+00    0.3864741391E+00   -0.1713730865E+00    0.4711140811E+00    0.0000000000E+00
    0.9365668435E-01   -0.2989069258E+00    0.1453268216E+00   -0.3862409459E+00    0.0000000000E+00
   -0.7381131528E-01    0.2388408232E+00   -0.1143712062E+00    0.3065234775E+00    0.0000000000E+00
    0.6052152301E-01   -0.1878499264E+00    0.9370032652E-01   -0.2483238623E+00    0.0000000000E+00
   -0.4707380357E-01    0.1514973806E+00   -0.7239095696E-01    0.1960004781E+00    0.0000000000E+00
    0.3899410675E-01   -0.1186587738E+00    0.5945416903E-01   -0.1593957686E+00    0.0000000000E+00
   -0.3015076602E-01    0.9508981799E-01   -0.4509583012E-01    0.1248503669E+00    0.0000000000E+00
    0.2486264109E-01   -0.7183853631E-01    0.3717973326E-01   -0.1016466156E+00    0.0000000000E+00
   -0.1757798897E-01    0.5505628300E-01   -0.2602409900E-01    0.7615168401E-01    0.0000000000E+00
    0.1309071817E-01   -0.3654481213E-01    0.2017276915E-01   -0.5916345465E-01    0.0000000000E+00
   -0.7247185438E-02    0.2316750196E-01   -0.1151962797E-01    0.3939780200E-01    0.0000000000E+00
    0.4200360346E-02   -0.1033130988E-01    0.8916701883E-02   -0.3256365869E-01    0.0000000000E+00
   -0.1224505619E-02    0.5021518345E-02   -0.4096815522E-02    0.2918183969E-01    0.0000000000E+00
    0.6893550995E-03   -0.2367758517E-02   -0.1508284714E-02   -0.1569641195E-01    0.0000000000E+00
   -0.2278626987E-03    0.5033555218E-03    0.1611850770E-02    0.3771916388E-02    0.0000000000E+00
    0.8211954652E-04   -0.1833813452E-03   -0.3718351273E-03   -0.1810145049E-03    0.0000000000E+00
   -0.2908479570E-04    0.6460299853E-04    0.1079088276E-03   -0.1799226080E-04    0.0000000000E+00
    0.9941406993E-05   -0.2188075766E-04   -0.3313080025E-04    0.1604296836E-04    0.0000000000E+00
   -0.3217789798E-05    0.7016875994E-05    0.1005401064E-04   -0.6631887479E-05    0.0000000000E+00
    0.9602745733E-06   -0.2076950085E-05   -0.2878153002E-05    0.2196316228E-05    0.0000000000E+00
   -0.2535348132E-06    0.5446612252E-06    0.7388559772E-06   -0.6106951622E-06    0.0000000000E+00
    0.5532077944E-07   -0.1182042944E-06   -0.1581032803E-06    0.1369827863E-06    0.0000000000E+00
   -0.8799316423E-08    0.1872287368E-07    0.2480404783E-07   -0.2212277019E-07    0.0000000000E+00
    0.7558653973E-09   -0.1603164620E-08   -0.2109888991E-08    0.1916629601E-08    0.0000000000E+00
 l,ispin:           2           2
 psi n=1,noccmax(l):
    0.1239305784E+00   -0.3830209696E+00    0.1923512810E+00   -0.5016722932E+00    0.0000000000E+00
   -0.4290199987E+00    0.1327551121E+01   -0.6658941270E+00    0.1737495049E+01    0.0000000000E+00
    0.8028664183E+00   -0.2486239619E+01    0.1246193884E+01   -0.3252547502E+01    0.0000000000E+00
   -0.1096501596E+01    0.3397474649E+01   -0.1702048844E+01    0.4443256884E+01    0.0000000000E+00
    0.1239656430E+01   -0.3842055835E+01    0.1924388555E+01   -0.5024188738E+01    0.0000000000E+00
   -0.1242460218E+01    0.3851166059E+01   -0.1928923450E+01    0.5036254100E+01    0.0000000000E+00
    0.1149878770E+01   -0.3568572130E+01    0.1785440195E+01   -0.4663741937E+01    0.0000000000E+00
   -0.1007083731E+01    0.3141931762E+01   -0.1564045009E+01    0.4093329888E+01    0.0000000000E+00
    0.8580042081E+00   -0.2662522172E+01    0.1332877088E+01   -0.3481543338E+01    0.0000000000E+00
   -0.7058018347E+00    0.2215369895E+01   -0.1096938456E+01    0.2877250932E+01    0.0000000000E+00
    0.5758847561E+00   -0.1808528337E+01    0.8955899163E+00   -0.2349556602E+01    0.0000000000E+00
   -0.4553883259E+00    0.1474189536E+01   -0.7089046140E+00    0.1880769952E+01    0.0000000000E+00
    0.3655288652E+00   -0.1182028432E+01    0.5697447702E+00   -0.1510923857E+01    0.0000000000E+00
   -0.2795729402E+00    0.9606919090E+00   -0.4366191311E+00    0.1184853016E+01    0.0000000000E+00
    0.2206079642E+00   -0.7676049480E+00    0.3451455961E+00   -0.9412659847E+00    0.0000000000E+00
   -0.1668724305E+00    0.6220088693E+00   -0.2613438310E+00    0.7328930792E+00    0.0000000000E+00
    0.1366847312E+00   -0.4886916602E+00    0.2136246066E+00   -0.5900708464E+00    0.0000000000E+00
   -0.1101064090E+00    0.3864741391E+00   -0.1713730865E+00    0.4711140811E+00    0.0000000000E+00
    0.9365668435E-01   -0.2989069258E+00    0.1453268216E+00   -0.3862409459E+00    0.0000000000E+00
   -0.7381131528E-01    0.2388408232E+00   -0.1143712062E+00    0.3065234775E+00    0.0000000000E+00
    0.6052152301E-01   -0.1878499264E+00    0.9370032652E-01   -0.2483238623E+00    0.0000000000E+00
   -0.4707380357E-01    0.1514973806E+00   -0.7239095696E-01    0.1960004781E+00    0.0000000000E+00
    0.3899410675E-01   -0.1186587738E+00    0.5945416903E-01   -0.1593957686E+00    0.0000000000E+00
   -0.3015076602E-01    0.9508981799E-01   -0.4509583012E-01    0.1248503669E+00    0.0000000000E+00
    0.2486264109E-01   -0.7183853631E-01    0.3717973326E-01   -0.1016466156E+00    0.0000000000E+00
   -0.1757798897E-01    0.5505628300E-01   -0.2602409900E-01    0.7615168401E-01    0.0000000000E+00
    0.1309071817E-01   -0.3654481213E-01    0.2017276915E-01   -0.5916345465E-01    0.0000000000E+00
   -0.7247185438E-02    0.2316750196E-01   -0.1151962797E-01    0.3939780200E-01    0.0000000000E+00
    0.4200360346E-02   -0.1033130988E-01    0.8916701883E-02   -0.3256365869E-01    0.0000000000E+00
   -0.1224505619E-02    0.5021518345E-02   -0.4096815522E-02    0.2918183969E-01    0.0000000000E+00
    0.6893550995E-03   -0.2367758517E-02   -0.1508284714E-02   -0.1569641195E-01    0.0000000000E+00
   -0.2278626987E-03    0.5033555218E-03    0.1611850770E-02    0.3771916388E-02    0.0000000000E+00
    0.8211954652E-04   -0.1833813452E-03   -0.3718351273E-03   -0.1810145049E-03    0.0000000000E+00
   -0.2908479570E-04    0.6460299853E-04    0.1079088276E-03   -0.1799226080E-04    0.0000000000E+00
    0.9941406993E-05   -0.2188075766E-04   -0.3313080025E-04    0.1604296836E-04    0.0000000000E+00
   -0.3217789798E-05    0.7016875994E-05    0.1005401064E-04   -0.6631887479E-05    0.0000000000E+00
    0.9602745733E-06   -0.2076950085E-05   -0.2878153002E-05    0.2196316228E-05    0.0000000000E+00
   -0.2535348132E-06    0.5446612252E-06    0.7388559772E-06   -0.6106951622E-06    0.0000000000E+00
    0.5532077944E-07   -0.1182042944E-06   -0.1581032803E-06    0.1369827863E-06    0.0000000000E+00
   -0.8799316423E-08    0.1872287368E-07    0.2480404783E-07   -0.2212277019E-07    0.0000000000E+00
    0.7558653973E-09   -0.1603164620E-08   -0.2109888991E-08    0.1916629601E-08    0.0000000000E+00
 l,ispin:           3           1
 psi n=1,noccmax(l):
    0.5974697487E+00   -0.1011123665E+01    0.4208073032E-01   -0.3228467830E+01    0.0000000000E+00
   -0.1634234145E+01    0.2765768469E+01   -0.1151993292E+00    0.8830693219E+01    0.0000000000E+00
    0.2448743212E+01   -0.4144410388E+01    0.1728224352E+00   -0.1323191779E+02    0.0000000000E+00
   -0.2709797920E+01    0.4586500354E+01   -0.1915771482E+00    0.1464245031E+02    0.0000000000E+00
    0.2507227437E+01   -0.4243967513E+01    0.1776893959E+00   -0.1354766846E+02    0.0000000000E+00
   -0.2073597393E+01    0.3510342092E+01   -0.1474744160E+00    0.1120427152E+02    0.0000000000E+00
    0.1595411606E+01   -0.2701311291E+01    0.1141007733E+00   -0.8620115241E+01    0.0000000000E+00
   -0.1170921763E+01    0.1983243844E+01   -0.8455821658E-01    0.6326184072E+01    0.0000000000E+00
    0.8332781170E+00   -0.1411652687E+01    0.6071823239E-01   -0.4501270872E+01    0.0000000000E+00
   -0.5809211703E+00    0.9849262090E+00   -0.4328546988E-01    0.3137554789E+01    0.0000000000E+00
    0.3996430272E+00   -0.6782088236E+00    0.3062298334E-01   -0.2157783939E+01    0.0000000000E+00
   -0.2723897626E+00    0.4634566894E+00   -0.2217883403E-01    0.1470281007E+01    0.0000000000E+00
    0.1847139440E+00   -0.3150276245E+00    0.1599667584E-01   -0.9962755299E+00    0.0000000000E+00
   -0.1246010546E+00    0.2140614852E+00   -0.1239747632E-01    0.6717002657E+00    0.0000000000E+00
    0.8398041371E-01   -0.1452884119E+00    0.9545669242E-02   -0.4519854422E+00    0.0000000000E+00
   -0.5648521530E-01    0.9894543147E-01   -0.7800165246E-02    0.3032984132E+00    0.0000000000E+00
    0.3830554347E-01   -0.6714531281E-01    0.5755837785E-02   -0.2042088901E+00    0.0000000000E+00
   -0.2615576963E-01    0.4564043682E-01   -0.4208821408E-02    0.1377610498E+00    0.0000000000E+00
    0.1812930148E-01   -0.3095482564E-01    0.2808919295E-02   -0.9356388081E-01    0.0000000000E+00
   -0.1258190183E-01    0.2136026271E-01   -0.2274255605E-02    0.6335108197E-01    0.0000000000E+00
    0.8890463773E-02   -0.1483977823E-01    0.1807180753E-02   -0.4317856698E-01    0.0000000000E+00
   -0.6340873789E-02    0.1054937789E-01   -0.1656489292E-02    0.2937693193E-01    0.0000000000E+00
    0.4680526751E-02   -0.7500601744E-02    0.1342637054E-02   -0.2031898000E-01    0.0000000000E+00
   -0.3473533395E-02    0.5482061205E-02   -0.1242929411E-02    0.1399559190E-01    0.0000000000E+00
    0.2653888143E-02   -0.3912962539E-02    0.9254261079E-03   -0.9962163006E-02    0.0000000000E+00
   -0.1916979449E-02    0.2876704181E-02   -0.8631465534E-03    0.6875639776E-02    0.0000000000E+00
    0.1362910232E-02   -0.1890315565E-02    0.4971650956E-03   -0.5042128617E-02    0.0000000000E+00
   -0.8045305847E-03    0.1216236115E-02   -0.3703537611E-03    0.3444927900E-02    0.0000000000E+00
    0.4333732835E-03   -0.5578476652E-03   -0.5346811647E-04   -0.2958262958E-02    0.0000000000E+00
   -0.1358258505E-03    0.3454303122E-03   -0.1299874775E-03    0.2040832744E-02    0.0000000000E+00
    0.7338060402E-04   -0.1251666941E-03    0.2710126666E-03   -0.7626136095E-03    0.0000000000E+00
   -0.2074305046E-04    0.1134520605E-04   -0.1263724973E-03    0.9526460055E-04    0.0000000000E+00
    0.6664203057E-05   -0.4727608215E-05    0.2598272415E-04    0.2132652333E-04    0.0000000000E+00
   -0.2073803590E-05    0.1590184319E-05   -0.6628716442E-05   -0.8371875491E-05    0.0000000000E+00
    0.6166234515E-06   -0.4878502730E-06    0.1764200025E-05    0.2532840394E-05    0.0000000000E+00
   -0.1728167979E-06    0.1386040591E-06   -0.4614662415E-06   -0.6986856394E-06    0.0000000000E+00
    0.4466065742E-07   -0.3602870569E-07    0.1139442620E-06    0.1769066502E-06    0.0000000000E+00
   -0.1025342496E-07    0.8289676831E-08   -0.2536019063E-07   -0.3987480506E-07    0.0000000000E+00
    0.1960239817E-08   -0.1585543886E-08    0.4745059256E-08    0.7509938531E-08    0.0000000000E+00
   -0.2760505203E-09    0.2232175880E-09   -0.6582223442E-09   -0.1045331057E-08    0.0000000000E+00
    0.2126196603E-10   -0.1718268447E-10    0.5016225968E-10    0.7980396868E-10    0.0000000000E+00
 l,ispin:           3           2
 psi n=1,noccmax(l):
    0.5974697487E+00   -0.1011123665E+01    0.4208073032E-01   -0.3228467830E+01    0.0000000000E+00
   -0.1634234145E+01    0.2765768469E+01   -0.1151993292E+00    0.8830693219E+01    0.0000000000E+00
    0.2448743212E+01   -0.4144410388E+01    0.1728224352E+00   -0.1323191779E+02    0.0000000000E+00
   -0.2709797920E+01    0.4586500354E+01   -0.1915771482E+00    0.1464245031E+02    0.0000000000E+00
    0.2507227437E+01   -0.4243967513E+01    0.1776893959E+00   -0.1354766846E+02    0.0000000000E+00
   -0.2073597393E+01    0.3510342092E+01   -0.1474744160E+00    0.1120427152E+02    0.0000000000E+00
    0.1595411606E+01   -0.2701311291E+01    0.1141007733E+00   -0.8620115241E+01    0.0000000000E+00
   -0.1170921763E+01    0.1983243844E+01   -0.8455821658E-01    0.6326184072E+01    0.0000000000E+00
    0.8332781170E+00   -0.1411652687E+01    0.6071823239E-01   -0.4501270872E+01    0.0000000000E+00
   -0.5809211703E+00    0.9849262090E+00   -0.4328546988E-01    0.3137554789E+01    0.0000000000E+00
    0.3996430272E+00   -0.6782088236E+00    0.3062298334E-01   -0.2157783939E+01    0.0000000000E+00
   -0.2723897626E+00    0.4634566894E+00   -0.2217883403E-01    0.1470281007E+01    0.0000000000E+00
    0.1847139440E+00   -0.3150276245E+00    0.1599667584E-01   -0.9962755299E+00    0.0000000000E+00
   -0.1246010546E+00    0.2140614852E+00   -0.1239747632E-01    0.6717002657E+00    0.0000000000E+00
    0.8398041371E-01   -0.1452884119E+00    0.9545669242E-02   -0.4519854422E+00    0.0000000000E+00
   -0.5648521530E-01    0.9894543147E-01   -0.7800165246E-02    0.3032984132E+00    0.0000000000E+00
    0.3830554347E-01   -0.6714531281E-01    0.5755837785E-02   -0.2042088901E+00    0.0000000000E+00
   -0.2615576963E-01    0.4564043682E-01   -0.4208821408E-02    0.1377610498E+00    0.0000000000E+00
    0.1812930148E-01   -0.3095482564E-01    0.2808919295E-02   -0.9356388081E-01    0.0000000000E+00
   -0.1258190183E-01    0.2136026271E-01   -0.2274255605E-02    0.6335108197E-01    0.0000000000E+00
    0.8890463773E-02   -0.1483977823E-01    0.1807180753E-02   -0.4317856698E-01    0.0000000000E+00
   -0.6340873789E-02    0.1054937789E-01   -0.1656489292E-02    0.2937693193E-01    0.0000000000E+00
    0.4680526751E-02   -0.7500601744E-02    0.1342637054E-02   -0.2031898000E-01    0.0000000000E+00
   -0.3473533395E-02    0.5482061205E-02   -0.1242929411E-02    0.1399559190E-01    0.0000000000E+00
    0.2653888143E-02   -0.3912962539E-02    0.9254261079E-03   -0.9962163006E-02    0.0000000000E+00
   -0.1916979449E-02    0.2876704181E-02   -0.8631465534E-03    0.6875639776E-02    0.0000000000E+00
    0.1362910232E-02   -0.1890315565E-02    0.4971650956E-03   -0.5042128617E-02    0.0000000000E+00
   -0.8045305847E-03    0.1216236115E-02   -0.3703537611E-03    0.3444927900E-02    0.0000000000E+00
    0.4333732835E-03   -0.5578476652E-03   -0.5346811647E-04   -0.2958262958E-02    0.0000000000E+00
   -0.1358258505E-03    0.3454303122E-03   -0.1299874775E-03    0.2040832744E-02    0.0000000000E+00
    0.7338060402E-04   -0.1251666941E-03    0.2710126666E-03   -0.7626136095E-03    0.0000000000E+00
   -0.2074305046E-04    0.1134520605E-04   -0.1263724973E-03    0.9526460055E-04    0.0000000000E+00
    0.6664203057E-05   -0.4727608215E-05    0.2598272415E-04    0.2132652333E-04    0.0000000000E+00
   -0.2073803590E-05    0.1590184319E-05   -0.6628716442E-05   -0.8371875491E-05    0.0000000000E+00
    0.6166234515E-06   -0.4878502730E-06    0.1764200025E-05    0.2532840394E-05    0.0000000000E+00
   -0.1728167979E-06    0.1386040591E-06   -0.4614662415E-06   -0.6986856394E-06    0.0000000000E+00
    0.4466065742E-07   -0.3602870569E-07    0.1139442620E-06    0.1769066502E-06    0.0000000000E+00
   -0.1025342496E-07    0.8289676831E-08   -0.2536019063E-07   -0.3987480506E-07    0.0000000000E+00
    0.1960239817E-08   -0.1585543886E-08    0.4745059256E-08    0.7509938531E-08    0.0000000000E+00
   -0.2760505203E-09    0.2232175880E-09   -0.6582223442E-09   -0.1045331057E-08    0.0000000000E+00
    0.2126196603E-10   -0.1718268447E-10    0.5016225968E-10    0.7980396868E-10    0.0000000000E+00
