   40             4.00000 ng, rij 
     2.630     5.260                                       rcov,rprb 
 r                           (non)relativistic calculation
 PBE                         XC-functional
 95.000 17.000    0.4650000000    0.4644887653E+02   -0.3306892714E+01    0.0000000000E+00    0.0000000000E+00  znuc,zion,rloc,gpot()
   3                                                       lpx, (Projectors for l=0..lpx)
    0.4624306356   -0.2199688543E+01    0.1434252373E+01   -0.9374228395E+00    0.5620589881E+00   -0.1451230067E+01    0.1151878156E+01  r_l(),hsep(), so=+0.5
    0.3505985672    0.6559335513E+01   -0.1225802313E+02    0.2655850285E+02    0.7240671796E+01   -0.1713455681E+02    0.1217762055E+02  r_l(),hsep(), so=+0.5
   -0.5244760095E+01    0.8004207493E+01   -0.1742893761E+02   -0.4780156515E+01    0.1131191493E+02   -0.8039438031E+01         hsep(), so=-0.5
    0.6567087506    0.4742210727E+00    0.4439896770E+00   -0.5034369729E+00    0.0000000000E+00   -0.0000000000E+00    0.0000000000E+00  r_l(),hsep(), so=+0.5
    0.3307243989E+00    0.4290049528E+00   -0.4864458927E+00    0.0000000000E+00   -0.0000000000E+00    0.0000000000E+00         hsep(), so=-0.5
    0.3113489344   -0.1731053272E+02   -0.0000000000E+00    0.0000000000E+00    0.0000000000E+00   -0.0000000000E+00    0.0000000000E+00  r_l(),hsep(), so=+0.5
   -0.1745274241E+02   -0.0000000000E+00    0.0000000000E+00    0.0000000000E+00   -0.0000000000E+00    0.0000000000E+00         hsep(), so=-0.5
 ---------------------------------------------
 Additional information (last calculation):
 gaussian exponents:
 xp():   26.161888077199126        18.499248468030988        13.080944038599565        9.2496242340154975        6.5404720192997816        4.6248121170077487        3.2702360096498926        2.3124060585038753        1.6351180048249458        1.1562030292519381       0.81755900241247326       0.57810151462596904       0.40877950120623668       0.28905075731298452       0.20438975060311845       0.14452537865649231       0.10219487530155925        7.2262689328246171E-002   5.1097437650779641E-002   3.6131344664123093E-002   2.5548718825389821E-002   1.8065672332061550E-002   1.2774359412694917E-002   9.0328361660307784E-003   6.3871797063474577E-003   4.5164180830153900E-003   3.1935898531737302E-003   2.2582090415076955E-003   1.5967949265868653E-003   1.1291045207538479E-003   7.9839746329343308E-004   5.6455226037692419E-004   3.9919873164671660E-004   2.8227613018846209E-004   1.9959936582335830E-004   1.4113806509423110E-004   9.9799682911679190E-005   7.0569032547115551E-005   4.9899841455839602E-005   3.5284516273557796E-005
 orbital coefficients (one orbital per column)
 l,ispin:           0           1
 psi n=1,noccmax(l):
    0.7517096635E-01   -0.2567922395E-01   -0.1318058172E-01   -0.1205729676E-01    0.0000000000E+00    0.0000000000E+00    0.0000000000E+00   -0.2862523940E-01   -0.1053907398E-01
   -0.3918195053E+00    0.1352051740E+00    0.6908154354E-01    0.6341997170E-01    0.0000000000E+00    0.0000000000E+00    0.0000000000E+00    0.1827039437E+00    0.6408869982E-01
    0.9179574078E+00   -0.3185428851E+00   -0.1593088882E+00   -0.1480372475E+00    0.0000000000E+00    0.0000000000E+00    0.0000000000E+00   -0.4764295205E+00   -0.1666258040E+00
   -0.1156303369E+01    0.3978150318E+00    0.1839064770E+00    0.1782468516E+00    0.0000000000E+00    0.0000000000E+00    0.0000000000E+00    0.5989109653E+00    0.2228017234E+00
    0.4899005066E+00   -0.1405140557E+00   -0.1394402549E-01   -0.3948653282E-01    0.0000000000E+00    0.0000000000E+00    0.0000000000E+00   -0.1411174394E+00   -0.1041573808E+00
    0.1441754938E+01   -0.6240521951E+00   -0.4463836732E+00   -0.3552609849E+00    0.0000000000E+00    0.0000000000E+00    0.0000000000E+00   -0.5652253772E+00   -0.1204840905E+00
   -0.3053012422E+01    0.1324315687E+01    0.8796133148E+00    0.7283761374E+00    0.0000000000E+00    0.0000000000E+00    0.0000000000E+00   -0.6932131553E+00   -0.1369668531E+00
   -0.1145612514E+01    0.2935692709E+00   -0.1430254441E-01    0.4842695856E-01    0.0000000000E+00    0.0000000000E+00    0.0000000000E+00    0.3649920023E+01    0.9638769244E+00
    0.5404541723E+01   -0.2144877307E+01   -0.9992985209E+00   -0.9636225419E+00    0.0000000000E+00    0.0000000000E+00    0.0000000000E+00   -0.3794161245E+01   -0.1155556876E+01
   -0.3255437967E+00    0.1970531904E+00   -0.1239802040E+00   -0.2004306101E-01    0.0000000000E+00    0.0000000000E+00    0.0000000000E+00    0.1542813872E+00    0.1192046855E+00
    0.2688356941E+00   -0.1414107218E+00    0.1970350906E+00    0.8305509178E-01    0.0000000000E+00    0.0000000000E+00    0.0000000000E+00   -0.3502923836E+00   -0.1463485641E+00
   -0.1302954550E+01    0.5878118776E+00    0.6054613468E-02    0.8668952670E-01    0.0000000000E+00    0.0000000000E+00    0.0000000000E+00    0.6863775334E+00    0.2684616536E+00
   -0.4751795503E+00    0.2761653387E+00    0.5409289994E+00    0.4328354030E+00    0.0000000000E+00    0.0000000000E+00    0.0000000000E+00    0.2326516904E+00    0.3208067361E-01
   -0.6212989483E+00    0.6478375046E+00    0.2132739181E-01    0.5347636829E-01    0.0000000000E+00    0.0000000000E+00    0.0000000000E+00    0.3768133429E+00    0.2336930958E+00
   -0.1623115249E-01   -0.5088072972E+00   -0.1276013342E+00   -0.1800579240E+00    0.0000000000E+00    0.0000000000E+00    0.0000000000E+00    0.5685528531E-01   -0.1309079109E+00
   -0.1466290481E+00    0.7505147988E+00    0.7260207766E+00    0.9188739378E+00    0.0000000000E+00    0.0000000000E+00    0.0000000000E+00    0.1051704846E+00    0.2005912468E+00
    0.6607790533E-01   -0.4352162380E+00   -0.9152444949E+00   -0.1382458368E+01    0.0000000000E+00    0.0000000000E+00    0.0000000000E+00   -0.6269199526E-02   -0.8375682279E-01
   -0.4971042764E-01    0.4339969399E-01    0.7060491538E+00    0.1518151698E+01    0.0000000000E+00    0.0000000000E+00    0.0000000000E+00    0.1921929061E-01    0.1139576203E-01
    0.3358789588E-01   -0.1461398247E+00   -0.5132220636E+00   -0.1559061749E+01    0.0000000000E+00    0.0000000000E+00    0.0000000000E+00   -0.8010803119E-02   -0.1028249054E-01
   -0.2262171642E-01   -0.7721049542E-01   -0.5762523331E-01    0.8064617784E+00    0.0000000000E+00    0.0000000000E+00    0.0000000000E+00    0.4972156717E-02   -0.1837032013E-01
    0.1504608111E-01   -0.6897427108E-01   -0.1731530914E+00   -0.1112005905E+01    0.0000000000E+00    0.0000000000E+00    0.0000000000E+00   -0.2785596387E-02   -0.1569814769E-01
   -0.9873407718E-02   -0.5965837568E-02   -0.8329491316E-02    0.3367535662E+00    0.0000000000E+00    0.0000000000E+00    0.0000000000E+00    0.1541985142E-02   -0.8483608829E-02
    0.6386787144E-02   -0.6345408901E-02    0.2153291927E+00    0.1663593239E+01    0.0000000000E+00    0.0000000000E+00    0.0000000000E+00   -0.8359613227E-03   -0.2091593337E-02
   -0.4069563921E-02    0.3559053087E-02    0.4259378436E-01   -0.1454852316E+01    0.0000000000E+00    0.0000000000E+00    0.0000000000E+00    0.4435718700E-03    0.3403778662E-03
    0.2552457058E-02   -0.2123915717E-02   -0.2350477073E-01    0.4467668809E+00    0.0000000000E+00    0.0000000000E+00    0.0000000000E+00   -0.2302985032E-03   -0.1304339033E-03
   -0.1574721774E-02    0.1247705186E-02    0.1345828916E-01   -0.1938390569E+00    0.0000000000E+00    0.0000000000E+00    0.0000000000E+00    0.1170167255E-03    0.5638196656E-04
    0.9548835957E-03   -0.7189325101E-03   -0.7637262481E-02    0.9387690874E-01    0.0000000000E+00    0.0000000000E+00    0.0000000000E+00   -0.5821924071E-04   -0.2519187690E-04
   -0.5686137116E-03    0.4064806908E-03    0.4264753466E-02   -0.4748095045E-01    0.0000000000E+00    0.0000000000E+00    0.0000000000E+00    0.2838242268E-04    0.1134362686E-04
    0.3321490975E-03   -0.2257103685E-03   -0.2342299028E-02    0.2443439291E-01    0.0000000000E+00    0.0000000000E+00    0.0000000000E+00   -0.1356621022E-04   -0.5098135538E-05
   -0.1900453371E-03    0.1231341797E-03    0.1265574626E-02   -0.1263220591E-01    0.0000000000E+00    0.0000000000E+00    0.0000000000E+00    0.6358760296E-05    0.2276030321E-05
    0.1062793636E-03   -0.6594367726E-04   -0.6722075120E-03    0.6507962784E-02    0.0000000000E+00    0.0000000000E+00    0.0000000000E+00   -0.2920851368E-05   -0.1005856136E-05
   -0.5789802830E-04    0.3458106247E-04    0.3500937748E-03   -0.3317849447E-02    0.0000000000E+00    0.0000000000E+00    0.0000000000E+00    0.1312213879E-05    0.4382996515E-06
    0.3056712010E-04   -0.1767046506E-04   -0.1778938701E-03    0.1660731419E-02    0.0000000000E+00    0.0000000000E+00    0.0000000000E+00   -0.5742733965E-06   -0.1872765855E-06
   -0.1551462515E-04    0.8727003819E-05    0.8746425988E-04   -0.8078701307E-03    0.0000000000E+00    0.0000000000E+00    0.0000000000E+00    0.2431290785E-06    0.7782355941E-07
    0.7478078518E-05   -0.4113184859E-05   -0.4107788325E-04    0.3765580578E-03    0.0000000000E+00    0.0000000000E+00    0.0000000000E+00   -0.9846608073E-07   -0.3106856154E-07
   -0.3359597038E-05    0.1814798303E-05    0.1807433509E-04   -0.1647961764E-03    0.0000000000E+00    0.0000000000E+00    0.0000000000E+00    0.3748428895E-07    0.1169795874E-07
    0.1367353138E-05   -0.7281022706E-06   -0.7236104375E-05    0.6572390681E-04    0.0000000000E+00    0.0000000000E+00    0.0000000000E+00   -0.1305341751E-07   -0.4039801088E-08
   -0.4824493563E-06    0.2540292279E-06    0.2520533433E-05   -0.2283092127E-04    0.0000000000E+00    0.0000000000E+00    0.0000000000E+00    0.3984737417E-08    0.1225466692E-08
    0.1374119436E-06   -0.7172648897E-07   -0.7108131382E-06    0.6425987709E-05    0.0000000000E+00    0.0000000000E+00    0.0000000000E+00   -0.9943251425E-09   -0.3043557848E-09
   -0.2778194745E-07    0.1440544273E-07    0.1426270818E-06   -0.1287606343E-05    0.0000000000E+00    0.0000000000E+00    0.0000000000E+00    0.1785892313E-09    0.5447317442E-10
    0.2946628824E-08   -0.1520194244E-08   -0.1504096543E-07    0.1356522469E-06    0.0000000000E+00    0.0000000000E+00    0.0000000000E+00   -0.1707961499E-10   -0.5196082669E-11
 l,ispin:           1           1
 psi n=1,noccmax(l):
   -0.2862523940E-01   -0.1053907398E-01   -0.5451339486E-02   -0.1044255439E-01    0.0000000000E+00    0.0000000000E+00    0.0000000000E+00   -0.6876778611E-02    0.1348909896E-03
    0.1827039437E+00    0.6408869982E-01    0.3779355229E-01    0.5905855552E-01    0.0000000000E+00    0.0000000000E+00    0.0000000000E+00    0.4039946504E-03   -0.1431092176E-01
   -0.4764295205E+00   -0.1666258040E+00   -0.1013720505E+00   -0.1508925100E+00    0.0000000000E+00    0.0000000000E+00    0.0000000000E+00    0.4402738176E-01    0.5369441480E-01
    0.5989109653E+00    0.2228017234E+00    0.1254646431E+00    0.2127968860E+00    0.0000000000E+00    0.0000000000E+00    0.0000000000E+00   -0.8970344286E-01   -0.9221759948E-01
   -0.1411174394E+00   -0.1041573808E+00   -0.1417189667E-01   -0.1458645491E+00    0.0000000000E+00    0.0000000000E+00    0.0000000000E+00    0.5440310641E-01    0.7962723813E-01
   -0.5652253772E+00   -0.1204840905E+00   -0.1793414634E+00   -0.8455700933E-02    0.0000000000E+00    0.0000000000E+00    0.0000000000E+00    0.1369486624E+00    0.2700255958E-01
   -0.6932131553E+00   -0.1369668531E+00    0.5100427365E-02   -0.1630422437E+00    0.0000000000E+00    0.0000000000E+00    0.0000000000E+00   -0.3683377396E+00   -0.1659977450E+00
    0.3649920023E+01    0.9638769244E+00    0.6246109524E+00    0.7570113085E+00    0.0000000000E+00    0.0000000000E+00    0.0000000000E+00   -0.3493301304E-01   -0.4524799329E-01
   -0.3794161245E+01   -0.1155556876E+01   -0.7891396580E+00   -0.9254684495E+00    0.0000000000E+00    0.0000000000E+00    0.0000000000E+00    0.5231253795E+00    0.3238333687E+00
    0.1542813872E+00    0.1192046855E+00   -0.1144227398E-01    0.1758193731E+00    0.0000000000E+00    0.0000000000E+00    0.0000000000E+00   -0.4932929780E-02   -0.3540859043E-01
   -0.3502923836E+00   -0.1463485641E+00   -0.6876385310E-02   -0.1816531419E+00    0.0000000000E+00    0.0000000000E+00    0.0000000000E+00    0.6238328803E-01    0.5479785130E-01
    0.6863775334E+00    0.2684616536E+00    0.1060922451E+00    0.2641929488E+00    0.0000000000E+00    0.0000000000E+00    0.0000000000E+00   -0.8444522954E-01   -0.7004266990E-01
    0.2326516904E+00    0.3208067361E-01    0.1300671797E+00   -0.2446888597E-01    0.0000000000E+00    0.0000000000E+00    0.0000000000E+00   -0.6802285481E-01   -0.1768271654E-01
    0.3768133429E+00    0.2336930958E+00    0.9553068196E-01    0.2292531252E+00    0.0000000000E+00    0.0000000000E+00    0.0000000000E+00   -0.7941637664E-01   -0.6770624319E-01
    0.5685528531E-01   -0.1309079109E+00   -0.4559629043E-01   -0.1830739655E+00    0.0000000000E+00    0.0000000000E+00    0.0000000000E+00   -0.3280724905E-01    0.6399966446E-02
    0.1051704846E+00    0.2005912468E+00    0.1605016633E+00    0.3196874508E+00    0.0000000000E+00    0.0000000000E+00    0.0000000000E+00   -0.1777281881E-01   -0.3122764386E-01
   -0.6269199526E-02   -0.8375682279E-01   -0.1129545314E+00   -0.3036640236E+00    0.0000000000E+00    0.0000000000E+00    0.0000000000E+00   -0.2096612122E-01   -0.3551016767E-02
    0.1921929061E-01    0.1139576203E-01    0.6209686276E-01    0.2720644219E+00    0.0000000000E+00    0.0000000000E+00    0.0000000000E+00   -0.4691055074E-02   -0.1868733774E-02
   -0.8010803119E-02   -0.1028249054E-01   -0.3403954747E-01   -0.2373891984E+00    0.0000000000E+00    0.0000000000E+00    0.0000000000E+00   -0.4786362773E-02   -0.5484139933E-02
    0.4972156717E-02   -0.1837032013E-01   -0.3893082372E-01    0.1102419271E+00    0.0000000000E+00    0.0000000000E+00    0.0000000000E+00   -0.1682848914E-02    0.4873935994E-03
   -0.2785596387E-02   -0.1569814769E-01   -0.9873898567E-02   -0.1586016627E+00    0.0000000000E+00    0.0000000000E+00    0.0000000000E+00   -0.8790887164E-03    0.7295053450E-03
    0.1541985142E-02   -0.8483608829E-02   -0.3369813289E-01    0.9156770873E-02    0.0000000000E+00    0.0000000000E+00    0.0000000000E+00   -0.1233365196E-03    0.1624008656E-02
   -0.8359613227E-03   -0.2091593337E-02    0.3682939931E-01    0.2012899425E+00    0.0000000000E+00    0.0000000000E+00    0.0000000000E+00   -0.3759945094E-04    0.1451532026E-02
    0.4435718700E-03    0.3403778662E-03    0.5683866497E-02   -0.1373779045E+00    0.0000000000E+00    0.0000000000E+00    0.0000000000E+00    0.1264536493E-04   -0.7830660057E-04
   -0.2302985032E-03   -0.1304339033E-03   -0.1947315516E-02    0.3398586311E-01    0.0000000000E+00    0.0000000000E+00    0.0000000000E+00   -0.5165395476E-05    0.2155981366E-04
    0.1170167255E-03    0.5638196656E-04    0.8081299133E-03   -0.1204488824E-01    0.0000000000E+00    0.0000000000E+00    0.0000000000E+00    0.2096810407E-05   -0.7027093008E-05
   -0.5821924071E-04   -0.2519187690E-04   -0.3543806529E-03    0.4800536669E-02    0.0000000000E+00    0.0000000000E+00    0.0000000000E+00   -0.8363491113E-06    0.2436730511E-05
    0.2838242268E-04    0.1134362686E-04    0.1578406804E-03   -0.2008458234E-02    0.0000000000E+00    0.0000000000E+00    0.0000000000E+00    0.3278025595E-06   -0.8692872580E-06
   -0.1356621022E-04   -0.5098135538E-05   -0.7039257893E-04    0.8584481693E-03    0.0000000000E+00    0.0000000000E+00    0.0000000000E+00   -0.1264624146E-06    0.3143510670E-06
    0.6358760296E-05    0.2276030321E-05    0.3123718737E-04   -0.3698941014E-03    0.0000000000E+00    0.0000000000E+00    0.0000000000E+00    0.4808413237E-07   -0.1142720889E-06
   -0.2920851368E-05   -0.1005856136E-05   -0.1373746577E-04    0.1593536480E-03    0.0000000000E+00    0.0000000000E+00    0.0000000000E+00   -0.1802202156E-07    0.4150706373E-07
    0.1312213879E-05    0.4382996515E-06    0.5962355215E-05   -0.6816566262E-04    0.0000000000E+00    0.0000000000E+00    0.0000000000E+00    0.6648507796E-08   -0.1498008733E-07
   -0.5742733965E-06   -0.1872765855E-06   -0.2539470085E-05    0.2873616375E-04    0.0000000000E+00    0.0000000000E+00    0.0000000000E+00   -0.2405348033E-08    0.5336956763E-08
    0.2431290785E-06    0.7782355941E-07    0.1052612357E-05   -0.1182471010E-04    0.0000000000E+00    0.0000000000E+00    0.0000000000E+00    0.8478200638E-09   -0.1860975739E-08
   -0.9846608073E-07   -0.3106856154E-07   -0.4193854687E-06    0.4686941106E-05    0.0000000000E+00    0.0000000000E+00    0.0000000000E+00   -0.2880330802E-09    0.6274772399E-09
    0.3748428895E-07    0.1169795874E-07    0.1576633934E-06   -0.1755542871E-05    0.0000000000E+00    0.0000000000E+00    0.0000000000E+00    0.9274487445E-10   -0.2009755514E-09
   -0.1305341751E-07   -0.4039801088E-08   -0.5438320831E-07    0.6039646049E-06    0.0000000000E+00    0.0000000000E+00    0.0000000000E+00   -0.2757278381E-10    0.5952755319E-10
    0.3984737417E-08    0.1225466692E-08    0.1648213297E-07   -0.1827065651E-06    0.0000000000E+00    0.0000000000E+00    0.0000000000E+00    0.7261894381E-11   -0.1563697774E-10
   -0.9943251425E-09   -0.3043557848E-09   -0.4090690281E-08    0.4528606257E-07    0.0000000000E+00    0.0000000000E+00    0.0000000000E+00   -0.1582233162E-11    0.3400764231E-11
    0.1785892313E-09    0.5447317442E-10    0.7317708731E-09   -0.8093494623E-08    0.0000000000E+00    0.0000000000E+00    0.0000000000E+00    0.2514810887E-12   -0.5398231022E-12
   -0.1707961499E-10   -0.5196082669E-11   -0.6977546788E-10    0.7712134656E-09    0.0000000000E+00    0.0000000000E+00    0.0000000000E+00   -0.2159562627E-13    0.4631464422E-13
 l,ispin:           1           2
 psi n=1,noccmax(l):
    0.8920511638E-01   -0.2445431156E-01   -0.1419032722E-01    0.1778962800E-01    0.0000000000E+00    0.0000000000E+00    0.0000000000E+00   -0.1135448968E-01   -0.1986780095E-02
   -0.4986384155E+00    0.1386274946E+00    0.8430502322E-01   -0.9852275254E-01    0.0000000000E+00    0.0000000000E+00    0.0000000000E+00    0.5625786806E-02   -0.1081334646E-01
    0.1318933357E+01   -0.3692378276E+00   -0.2287449868E+00    0.2599326304E+00    0.0000000000E+00    0.0000000000E+00    0.0000000000E+00    0.5685153512E-01    0.5598235119E-01
   -0.2100118698E+01    0.5876139472E+00    0.3605269312E+00   -0.4158351418E+00    0.0000000000E+00    0.0000000000E+00    0.0000000000E+00   -0.1291523119E+00   -0.1046940056E+00
    0.2145260742E+01   -0.5931328681E+00   -0.3428626841E+00    0.4324655035E+00    0.0000000000E+00    0.0000000000E+00    0.0000000000E+00    0.9855239674E-01    0.9612643879E-01
   -0.6172038106E+00    0.1551361154E+00    0.1683949917E-01   -0.1586517150E+00    0.0000000000E+00    0.0000000000E+00    0.0000000000E+00    0.1326750363E+00    0.1992348779E-01
   -0.3137317135E+01    0.8912772553E+00    0.7318873740E+00   -0.5122474467E+00    0.0000000000E+00    0.0000000000E+00    0.0000000000E+00   -0.4549097562E+00   -0.1918649755E+00
    0.2614274328E+01   -0.7491573064E+00   -0.6407742986E+00    0.4216782119E+00    0.0000000000E+00    0.0000000000E+00    0.0000000000E+00    0.3795145479E-01   -0.3604535862E-02
    0.2035189398E+01   -0.6564013678E+00   -0.3536881857E+00    0.4980327001E+00    0.0000000000E+00    0.0000000000E+00    0.0000000000E+00    0.6086112543E+00    0.3355222459E+00
   -0.2193447981E+00    0.1449735905E+00   -0.6424410343E-02   -0.1636868341E+00    0.0000000000E+00    0.0000000000E+00    0.0000000000E+00   -0.2191475505E-01   -0.4227223850E-01
   -0.4335106115E+00    0.1083871697E+00    0.1902430135E+00   -0.1730081995E-01    0.0000000000E+00    0.0000000000E+00    0.0000000000E+00    0.3971867023E-01    0.3838093344E-01
   -0.7375696257E+00    0.2677224474E+00    0.7843167992E-01   -0.2193918035E+00    0.0000000000E+00    0.0000000000E+00    0.0000000000E+00   -0.1144730500E+00   -0.7924474752E-01
   -0.3834853520E+00    0.1245927094E+00    0.2073318350E+00   -0.6568076211E-01    0.0000000000E+00    0.0000000000E+00    0.0000000000E+00   -0.8382868493E-01   -0.2308859093E-01
   -0.2661400275E+00    0.1560842218E+00    0.1926883019E-02   -0.1135150716E+00    0.0000000000E+00    0.0000000000E+00    0.0000000000E+00   -0.8894120423E-01   -0.6748288509E-01
   -0.6166305021E-01   -0.1025147267E+00    0.1022479892E-01    0.9489437791E-01    0.0000000000E+00    0.0000000000E+00    0.0000000000E+00   -0.3449514869E-01    0.7247824069E-02
   -0.4702736872E-01    0.1596006013E+00    0.9335371667E-01   -0.2114480754E+00    0.0000000000E+00    0.0000000000E+00    0.0000000000E+00   -0.2136520060E-01   -0.3252726844E-01
    0.4660315088E-02   -0.1012678255E+00   -0.1148132124E+00    0.2657928794E+00    0.0000000000E+00    0.0000000000E+00    0.0000000000E+00   -0.1981886830E-01   -0.1181099519E-02
   -0.6924958376E-02    0.6333895362E-02    0.6108398658E-01   -0.2381787057E+00    0.0000000000E+00    0.0000000000E+00    0.0000000000E+00   -0.4956462586E-02   -0.2014976469E-02
    0.3526858048E-02   -0.2424526032E-01   -0.5856589004E-01    0.2485170181E+00    0.0000000000E+00    0.0000000000E+00    0.0000000000E+00   -0.4384148227E-02   -0.4686497629E-02
   -0.2036399200E-02   -0.1769838147E-01   -0.2544856587E-01   -0.1228944697E+00    0.0000000000E+00    0.0000000000E+00    0.0000000000E+00   -0.1425088740E-02    0.8926826121E-03
    0.1143164974E-02   -0.1441059088E-01   -0.1383650234E-01    0.1639564261E+00    0.0000000000E+00    0.0000000000E+00    0.0000000000E+00   -0.6879656176E-03    0.9852643235E-03
   -0.6310073079E-03   -0.4750376920E-02   -0.1166237833E-01   -0.8551679543E-01    0.0000000000E+00    0.0000000000E+00    0.0000000000E+00   -0.6996136297E-04    0.1705567882E-02
    0.3420254422E-03   -0.1186315868E-02    0.3088583443E-01   -0.1196976601E+00    0.0000000000E+00    0.0000000000E+00    0.0000000000E+00   -0.2760889498E-04    0.1297532687E-02
   -0.1819281941E-03    0.3224171486E-03    0.2357047190E-02    0.1076740714E+00    0.0000000000E+00    0.0000000000E+00    0.0000000000E+00    0.1017597208E-04   -0.7857539105E-04
    0.9492716075E-04   -0.1455409321E-03   -0.9195708736E-03   -0.2846574187E-01    0.0000000000E+00    0.0000000000E+00    0.0000000000E+00   -0.4213815116E-05    0.2180073294E-04
   -0.4857958288E-04    0.6841481352E-04    0.4117794962E-03    0.1036919910E-01    0.0000000000E+00    0.0000000000E+00    0.0000000000E+00    0.1719966869E-05   -0.7153160826E-05
    0.2438270222E-04   -0.3211500215E-04   -0.1892158555E-03   -0.4193268903E-02    0.0000000000E+00    0.0000000000E+00    0.0000000000E+00   -0.6882434755E-06    0.2494398602E-05
   -0.1200310062E-04    0.1491930138E-04    0.8681946544E-04    0.1769748410E-02    0.0000000000E+00    0.0000000000E+00    0.0000000000E+00    0.2703566320E-06   -0.8938063294E-06
    0.5795170838E-05   -0.6844168205E-05   -0.3947811953E-04   -0.7606645287E-03    0.0000000000E+00    0.0000000000E+00    0.0000000000E+00   -0.1044756734E-06    0.3242978327E-06
   -0.2743033108E-05    0.3098080910E-05    0.1774666257E-04    0.3289897379E-03    0.0000000000E+00    0.0000000000E+00    0.0000000000E+00    0.3977575000E-07   -0.1181760618E-06
    0.1271505036E-05   -0.1382159359E-05   -0.7873050959E-05   -0.1420960472E-03    0.0000000000E+00    0.0000000000E+00    0.0000000000E+00   -0.1492302894E-07    0.4300034478E-07
   -0.5758936216E-06    0.6062193389E-06    0.3437472346E-05    0.6089224614E-04    0.0000000000E+00    0.0000000000E+00    0.0000000000E+00    0.5509541921E-08   -0.1553827577E-07
    0.2538091103E-06   -0.2602033894E-06   -0.1470071042E-05   -0.2570222108E-04    0.0000000000E+00    0.0000000000E+00    0.0000000000E+00   -0.1994475441E-08    0.5540644326E-08
   -0.1080914245E-06    0.1084714604E-06    0.6110636775E-06    0.1058565824E-04    0.0000000000E+00    0.0000000000E+00    0.0000000000E+00    0.7033188140E-09   -0.1933175602E-08
    0.4398955982E-07   -0.4339976259E-07   -0.2439365875E-06   -0.4198461819E-05    0.0000000000E+00    0.0000000000E+00    0.0000000000E+00   -0.2390234914E-09    0.6520971014E-09
   -0.1681170650E-07    0.1636629377E-07    0.9182912483E-07    0.1573281243E-05    0.0000000000E+00    0.0000000000E+00    0.0000000000E+00    0.7698403252E-10   -0.2089224320E-09
    0.5872651591E-08   -0.5658133901E-08   -0.3170452102E-07   -0.5414328004E-06    0.0000000000E+00    0.0000000000E+00    0.0000000000E+00   -0.2289156280E-10    0.6189396996E-10
   -0.1797062022E-08    0.1717698542E-08    0.9615071904E-08    0.1638270281E-06    0.0000000000E+00    0.0000000000E+00    0.0000000000E+00    0.6029860381E-11   -0.1626089526E-10
    0.4492675663E-09   -0.4268354453E-09   -0.2387440029E-08   -0.4061308289E-07    0.0000000000E+00    0.0000000000E+00    0.0000000000E+00   -0.1313935464E-11    0.3536801405E-11
   -0.8080772880E-10    0.7642330179E-10    0.4272165253E-09    0.7259175567E-08    0.0000000000E+00    0.0000000000E+00    0.0000000000E+00    0.2088540533E-12   -0.5614551985E-12
    0.7736508821E-11   -0.7291799168E-11   -0.4074471250E-10   -0.6917692828E-09    0.0000000000E+00    0.0000000000E+00    0.0000000000E+00   -0.1793611206E-13    0.4817286183E-13
 l,ispin:           2           1
 psi n=1,noccmax(l):
   -0.6876778611E-02    0.1348909896E-03    0.1276090765E-01   -0.3954228627E-02    0.0000000000E+00    0.0000000000E+00    0.0000000000E+00    0.4061753976E+01
    0.4039946504E-03   -0.1431092176E-01   -0.3111566146E-01    0.2740332907E-01    0.0000000000E+00    0.0000000000E+00    0.0000000000E+00   -0.1064605082E+02
    0.4402738176E-01    0.5369441480E-01    0.3263050409E-01   -0.7837897937E-01    0.0000000000E+00    0.0000000000E+00    0.0000000000E+00    0.1270424862E+02
   -0.8970344286E-01   -0.9221759948E-01   -0.2634477937E-01    0.1271316793E+00    0.0000000000E+00    0.0000000000E+00    0.0000000000E+00   -0.8519888705E+01
    0.5440310641E-01    0.7962723813E-01    0.5238317186E-01   -0.1224211905E+00    0.0000000000E+00    0.0000000000E+00    0.0000000000E+00    0.4384647153E+01
    0.1369486624E+00    0.2700255958E-01   -0.1520287668E+00    0.2315101086E-01    0.0000000000E+00    0.0000000000E+00    0.0000000000E+00   -0.5517984796E+01
   -0.3683377396E+00   -0.1659977450E+00    0.2757578651E+00    0.1174651729E+00    0.0000000000E+00    0.0000000000E+00    0.0000000000E+00    0.8638303347E+01
   -0.3493301304E-01   -0.4524799329E-01   -0.7202045746E-01    0.6248648711E-01    0.0000000000E+00    0.0000000000E+00    0.0000000000E+00    0.4653592730E+01
    0.5231253795E+00    0.3238333687E+00   -0.2082326779E+00   -0.3287049234E+00    0.0000000000E+00    0.0000000000E+00    0.0000000000E+00    0.1807170055E+01
   -0.4932929780E-02   -0.3540859043E-01   -0.3954593393E-01    0.6237205544E-01    0.0000000000E+00    0.0000000000E+00    0.0000000000E+00    0.1116800296E+01
    0.6238328803E-01    0.5479785130E-01    0.1311447086E-01   -0.6554075606E-01    0.0000000000E+00    0.0000000000E+00    0.0000000000E+00    0.4036263679E+00
   -0.8444522954E-01   -0.7004266990E-01    0.1667618601E-01    0.8298308257E-01    0.0000000000E+00    0.0000000000E+00    0.0000000000E+00    0.2012007613E+00
   -0.6802285481E-01   -0.1768271654E-01    0.5458306107E-01    0.2155798303E-02    0.0000000000E+00    0.0000000000E+00    0.0000000000E+00    0.6260839018E-01
   -0.7941637664E-01   -0.6770624319E-01    0.3628410595E-01    0.8169606932E-01    0.0000000000E+00    0.0000000000E+00    0.0000000000E+00    0.2929735074E-01
   -0.3280724905E-01    0.6399966446E-02    0.9770085315E-02   -0.3115537253E-01    0.0000000000E+00    0.0000000000E+00    0.0000000000E+00    0.6793421789E-02
   -0.1777281881E-01   -0.3122764386E-01    0.2164289271E-01    0.6108339902E-01    0.0000000000E+00    0.0000000000E+00    0.0000000000E+00    0.4073373156E-02
   -0.2096612122E-01   -0.3551016767E-02    0.9768512977E-02   -0.2384923548E-01    0.0000000000E+00    0.0000000000E+00    0.0000000000E+00    0.7863417422E-03
   -0.4691055074E-02   -0.1868733774E-02   -0.5938131158E-02    0.2112183173E-01    0.0000000000E+00    0.0000000000E+00    0.0000000000E+00    0.4376405972E-03
   -0.4786362773E-02   -0.5484139933E-02    0.1494576425E-01   -0.2825863781E-02    0.0000000000E+00    0.0000000000E+00    0.0000000000E+00    0.5773623100E-04
   -0.1682848914E-02    0.4873935994E-03   -0.1133802935E-01   -0.3560354780E-02    0.0000000000E+00    0.0000000000E+00    0.0000000000E+00    0.4542206752E-04
   -0.8790887164E-03    0.7295053450E-03    0.6306084296E-02    0.1928199949E-02    0.0000000000E+00    0.0000000000E+00    0.0000000000E+00   -0.2722080952E-05
   -0.1233365196E-03    0.1624008656E-02   -0.1232678585E-01   -0.3202507240E-01    0.0000000000E+00    0.0000000000E+00    0.0000000000E+00    0.3551390734E-05
   -0.3759945094E-04    0.1451532026E-02    0.2952502717E-02    0.3661445487E-01    0.0000000000E+00    0.0000000000E+00    0.0000000000E+00   -0.1149237963E-05
    0.1264536493E-04   -0.7830660057E-04    0.2268587750E-02   -0.1423077770E-01    0.0000000000E+00    0.0000000000E+00    0.0000000000E+00    0.4228538117E-06
   -0.5165395476E-05    0.2155981366E-04   -0.5676178153E-03    0.2241510632E-02    0.0000000000E+00    0.0000000000E+00    0.0000000000E+00   -0.1502598573E-06
    0.2096810407E-05   -0.7027093008E-05    0.1803637151E-03   -0.5752430248E-03    0.0000000000E+00    0.0000000000E+00    0.0000000000E+00    0.5188153403E-07
   -0.8363491113E-06    0.2436730511E-05   -0.6219577060E-04    0.1756651747E-03    0.0000000000E+00    0.0000000000E+00    0.0000000000E+00   -0.1747222419E-07
    0.3278025595E-06   -0.8692872580E-06    0.2219024433E-04   -0.5810893506E-04    0.0000000000E+00    0.0000000000E+00    0.0000000000E+00    0.5761985365E-08
   -0.1264624146E-06    0.3143510670E-06   -0.8033537999E-05    0.2002449757E-04    0.0000000000E+00    0.0000000000E+00    0.0000000000E+00   -0.1867150615E-08
    0.4808413237E-07   -0.1142720889E-06    0.2922713086E-05   -0.7048271852E-05    0.0000000000E+00    0.0000000000E+00    0.0000000000E+00    0.5959513428E-09
   -0.1802202156E-07    0.4150706373E-07   -0.1061913819E-05    0.2503851275E-05    0.0000000000E+00    0.0000000000E+00    0.0000000000E+00   -0.1875427158E-09
    0.6648507796E-08   -0.1498008733E-07    0.3831967128E-06   -0.8896468827E-06    0.0000000000E+00    0.0000000000E+00    0.0000000000E+00    0.5814816974E-10
   -0.2405348033E-08    0.5336956763E-08   -0.1364692197E-06    0.3134574555E-06    0.0000000000E+00    0.0000000000E+00    0.0000000000E+00   -0.1771238218E-10
    0.8478200638E-09   -0.1860975739E-08    0.4756295534E-07   -0.1084379021E-06    0.0000000000E+00    0.0000000000E+00    0.0000000000E+00    0.5270518280E-11
   -0.2880330802E-09    0.6274772399E-09   -0.1602899142E-07    0.3635528839E-07    0.0000000000E+00    0.0000000000E+00    0.0000000000E+00   -0.1517296541E-11
    0.9274487445E-10   -0.2009755514E-09    0.5131530842E-08   -0.1159678754E-07    0.0000000000E+00    0.0000000000E+00    0.0000000000E+00    0.4160842037E-12
   -0.2757278381E-10    0.5952755319E-10   -0.1519298726E-08    0.3424810149E-08    0.0000000000E+00    0.0000000000E+00    0.0000000000E+00   -0.1060419957E-12
    0.7261894381E-11   -0.1563697774E-10    0.3989592031E-09   -0.8977475774E-09    0.0000000000E+00    0.0000000000E+00    0.0000000000E+00    0.2414051572E-13
   -0.1582233162E-11    0.3400764231E-11   -0.8674228505E-10    0.1949482255E-09    0.0000000000E+00    0.0000000000E+00    0.0000000000E+00   -0.4592705711E-14
    0.2514810887E-12   -0.5398231022E-12    0.1376605834E-10   -0.3091160741E-10    0.0000000000E+00    0.0000000000E+00    0.0000000000E+00    0.6450703090E-15
   -0.2159562627E-13    0.4631464422E-13   -0.1180868820E-11    0.2650023320E-11    0.0000000000E+00    0.0000000000E+00    0.0000000000E+00   -0.4962104356E-16
 l,ispin:           2           2
 psi n=1,noccmax(l):
   -0.1135448968E-01   -0.1986780095E-02    0.1397874855E-01   -0.5680236575E-02    0.0000000000E+00    0.0000000000E+00    0.0000000000E+00    0.4202117340E+01
    0.5625786806E-02   -0.1081334646E-01   -0.3178893957E-01    0.3688477664E-01    0.0000000000E+00    0.0000000000E+00    0.0000000000E+00   -0.1101803861E+02
    0.5685153512E-01    0.5598235119E-01    0.2576782662E-01   -0.1041620232E+00    0.0000000000E+00    0.0000000000E+00    0.0000000000E+00    0.1315504750E+02
   -0.1291523119E+00   -0.1046940056E+00   -0.8386273248E-02    0.1708942629E+00    0.0000000000E+00    0.0000000000E+00    0.0000000000E+00   -0.8832164163E+01
    0.9855239674E-01    0.9612643879E-01    0.2992611401E-01   -0.1741963054E+00    0.0000000000E+00    0.0000000000E+00    0.0000000000E+00    0.4557935031E+01
    0.1326750363E+00    0.1992348779E-01   -0.1383768874E+00    0.6659300937E-01    0.0000000000E+00    0.0000000000E+00    0.0000000000E+00   -0.5738506207E+01
   -0.4549097562E+00   -0.1918649755E+00    0.2931711588E+00    0.1067043838E+00    0.0000000000E+00    0.0000000000E+00    0.0000000000E+00    0.8959939417E+01
    0.3795145479E-01   -0.3604535862E-02   -0.1044803602E+00    0.5452210670E-01    0.0000000000E+00    0.0000000000E+00    0.0000000000E+00    0.4867375184E+01
    0.6086112543E+00    0.3355222459E+00   -0.2243001219E+00   -0.3646484550E+00    0.0000000000E+00    0.0000000000E+00    0.0000000000E+00    0.1882231695E+01
   -0.2191475505E-01   -0.4227223850E-01   -0.2921004012E-01    0.8972793242E-01    0.0000000000E+00    0.0000000000E+00    0.0000000000E+00    0.1143617157E+01
    0.3971867023E-01    0.3838093344E-01    0.2497245017E-01   -0.6763375791E-01    0.0000000000E+00    0.0000000000E+00    0.0000000000E+00    0.4069642763E+00
   -0.1144730500E+00   -0.7924474752E-01    0.2757320996E-01    0.1048035337E+00    0.0000000000E+00    0.0000000000E+00    0.0000000000E+00    0.2004826589E+00
   -0.8382868493E-01   -0.2308859093E-01    0.5812181903E-01   -0.2938235063E-02    0.0000000000E+00    0.0000000000E+00    0.0000000000E+00    0.6076013664E-01
   -0.8894120423E-01   -0.6748288509E-01    0.3711487242E-01    0.8893525614E-01    0.0000000000E+00    0.0000000000E+00    0.0000000000E+00    0.2800384686E-01
   -0.3449514869E-01    0.7247824069E-02    0.8396569589E-02   -0.3743597288E-01    0.0000000000E+00    0.0000000000E+00    0.0000000000E+00    0.6233534847E-02
   -0.2136520060E-01   -0.3252726844E-01    0.2368129712E-01    0.6707551466E-01    0.0000000000E+00    0.0000000000E+00    0.0000000000E+00    0.3717298531E-02
   -0.1981886830E-01   -0.1181099519E-02    0.6146150027E-02   -0.3139312009E-01    0.0000000000E+00    0.0000000000E+00    0.0000000000E+00    0.5893328244E-03
   -0.4956462586E-02   -0.2014976469E-02   -0.4218801452E-02    0.2654430323E-01    0.0000000000E+00    0.0000000000E+00    0.0000000000E+00    0.3789709084E-03
   -0.4384148227E-02   -0.4686497629E-02    0.1258322861E-01   -0.9065165825E-02    0.0000000000E+00    0.0000000000E+00    0.0000000000E+00    0.2279061077E-04
   -0.1425088740E-02    0.8926826121E-03   -0.1081035954E-01    0.1837334573E-03    0.0000000000E+00    0.0000000000E+00    0.0000000000E+00    0.3624370722E-04
   -0.6879656176E-03    0.9852643235E-03    0.5169786014E-02   -0.2785307160E-02    0.0000000000E+00    0.0000000000E+00    0.0000000000E+00   -0.5857229427E-05
   -0.6996136297E-04    0.1705567882E-02   -0.1158594589E-01   -0.2654582790E-01    0.0000000000E+00    0.0000000000E+00    0.0000000000E+00    0.3395862779E-05
   -0.2760889498E-04    0.1297532687E-02    0.3312718374E-02    0.3401445775E-01    0.0000000000E+00    0.0000000000E+00    0.0000000000E+00   -0.1223242389E-05
    0.1017597208E-04   -0.7857539105E-04    0.1980398562E-02   -0.1386587898E-01    0.0000000000E+00    0.0000000000E+00    0.0000000000E+00    0.4489638378E-06
   -0.4213815116E-05    0.2180073294E-04   -0.4981077439E-03    0.2310019738E-02    0.0000000000E+00    0.0000000000E+00    0.0000000000E+00   -0.1597981705E-06
    0.1719966869E-05   -0.7153160826E-05    0.1585884121E-03   -0.6125611026E-03    0.0000000000E+00    0.0000000000E+00    0.0000000000E+00    0.5530339921E-07
   -0.6882434755E-06    0.2494398602E-05   -0.5475111757E-04    0.1909463428E-03    0.0000000000E+00    0.0000000000E+00    0.0000000000E+00   -0.1867367606E-07
    0.2703566320E-06   -0.8938063294E-06    0.1955024655E-04   -0.6400910838E-04    0.0000000000E+00    0.0000000000E+00    0.0000000000E+00    0.6174536663E-08
   -0.1044756734E-06    0.3242978327E-06   -0.7082084262E-05    0.2225147827E-04    0.0000000000E+00    0.0000000000E+00    0.0000000000E+00   -0.2005776190E-08
    0.3977575000E-07   -0.1181760618E-06    0.2577729736E-05   -0.7877839437E-05    0.0000000000E+00    0.0000000000E+00    0.0000000000E+00    0.6415875652E-09
   -0.1492302894E-07    0.4300034478E-07   -0.9368870823E-06    0.2809487947E-05    0.0000000000E+00    0.0000000000E+00    0.0000000000E+00   -0.2022741011E-09
    0.5509541921E-08   -0.1553827577E-07    0.3381650316E-06   -0.1000870334E-05    0.0000000000E+00    0.0000000000E+00    0.0000000000E+00    0.6280965293E-10
   -0.1994475441E-08    0.5540644326E-08   -0.1204542485E-06    0.3532731204E-06    0.0000000000E+00    0.0000000000E+00    0.0000000000E+00   -0.1915520204E-10
    0.7033188140E-09   -0.1933175602E-08    0.4198706015E-07   -0.1223590945E-06    0.0000000000E+00    0.0000000000E+00    0.0000000000E+00    0.5705193636E-11
   -0.2390234914E-09    0.6520971014E-09   -0.1415129689E-07    0.4105612618E-07    0.0000000000E+00    0.0000000000E+00    0.0000000000E+00   -0.1643623266E-11
    0.7698403252E-10   -0.2089224320E-09    0.4530735495E-08   -0.1310356913E-07    0.0000000000E+00    0.0000000000E+00    0.0000000000E+00    0.4509759798E-12
   -0.2289156280E-10    0.6189396996E-10   -0.1341491883E-08    0.3871264195E-08    0.0000000000E+00    0.0000000000E+00    0.0000000000E+00   -0.1149825318E-12
    0.6029860381E-11   -0.1626089526E-10    0.3522817613E-09   -0.1015038650E-08    0.0000000000E+00    0.0000000000E+00    0.0000000000E+00    0.2618405394E-13
   -0.1313935464E-11    0.3536801405E-11   -0.7659575593E-10    0.2204570802E-09    0.0000000000E+00    0.0000000000E+00    0.0000000000E+00   -0.4982651734E-14
    0.2088540533E-12   -0.5614551985E-12    0.1215604395E-10   -0.3496057504E-10    0.0000000000E+00    0.0000000000E+00    0.0000000000E+00    0.6999614883E-15
   -0.1793611206E-13    0.4817286183E-13   -0.1042775136E-11    0.2997384176E-11    0.0000000000E+00    0.0000000000E+00    0.0000000000E+00   -0.5385032233E-16
 l,ispin:           3           1
 psi n=1,noccmax(l):
    0.4061753976E+01    0.3835232742E+00    0.4754084871E+00    0.4080813654E+00    0.0000000000E+00    0.0000000000E+00    0.0000000000E+00
   -0.1064605082E+02   -0.1005111249E+01   -0.1249252685E+01   -0.1059122360E+01    0.0000000000E+00    0.0000000000E+00    0.0000000000E+00
    0.1270424862E+02    0.1198847421E+01    0.1513306778E+01    0.1191087912E+01    0.0000000000E+00    0.0000000000E+00    0.0000000000E+00
   -0.8519888705E+01   -0.8026266699E+00   -0.1062775534E+01   -0.6431440244E+00    0.0000000000E+00    0.0000000000E+00    0.0000000000E+00
    0.4384647153E+01    0.4107098642E+00    0.5956077801E+00    0.1662240468E+00    0.0000000000E+00    0.0000000000E+00    0.0000000000E+00
   -0.5517984796E+01   -0.5135199773E+00   -0.6939924435E+00   -0.3548351872E+00    0.0000000000E+00    0.0000000000E+00    0.0000000000E+00
    0.8638303347E+01    0.8017419235E+00    0.1005568935E+01    0.7861959623E+00    0.0000000000E+00    0.0000000000E+00    0.0000000000E+00
    0.4653592730E+01    0.4379560062E+00    0.4548066188E+00    0.7283417567E+00    0.0000000000E+00    0.0000000000E+00    0.0000000000E+00
    0.1807170055E+01    0.1796663987E+00    0.2543278068E+00    0.1208118335E+00    0.0000000000E+00    0.0000000000E+00    0.0000000000E+00
    0.1116800296E+01    0.1088130748E+00    0.1001955369E+00    0.2254924869E+00    0.0000000000E+00    0.0000000000E+00    0.0000000000E+00
    0.4036263679E+00    0.3835905925E-01    0.6486556983E-01   -0.6625785116E-02    0.0000000000E+00    0.0000000000E+00    0.0000000000E+00
    0.2012007613E+00    0.1922573446E-01    0.8554886884E-02    0.6243771276E-01    0.0000000000E+00    0.0000000000E+00    0.0000000000E+00
    0.6260839018E-01    0.4729231659E-02    0.1490907563E-01   -0.1968954424E-01    0.0000000000E+00    0.0000000000E+00    0.0000000000E+00
    0.2929735074E-01    0.3193132750E-02   -0.3328273531E-02    0.1987196855E-01    0.0000000000E+00    0.0000000000E+00    0.0000000000E+00
    0.6793421789E-02   -0.1882902609E-02    0.1864563966E-02   -0.1447247794E-01    0.0000000000E+00    0.0000000000E+00    0.0000000000E+00
    0.4073373156E-02    0.2427307873E-02    0.3366481285E-03    0.1177077729E-01    0.0000000000E+00    0.0000000000E+00    0.0000000000E+00
    0.7863417422E-03   -0.1665260360E-02   -0.1046719117E-02   -0.9999040176E-02    0.0000000000E+00    0.0000000000E+00    0.0000000000E+00
    0.4376405972E-03    0.2644237680E-04   -0.6682202008E-03    0.5541660780E-02    0.0000000000E+00    0.0000000000E+00    0.0000000000E+00
    0.5773623100E-04   -0.2490455878E-04    0.3324276634E-03   -0.4440359124E-02    0.0000000000E+00    0.0000000000E+00    0.0000000000E+00
    0.4542206752E-04   -0.2976062343E-03   -0.1104900324E-02    0.1576919499E-02    0.0000000000E+00    0.0000000000E+00    0.0000000000E+00
   -0.2722080952E-05   -0.1931357936E-03    0.1339130635E-03   -0.2095171973E-02    0.0000000000E+00    0.0000000000E+00    0.0000000000E+00
    0.3551390734E-05   -0.1800183209E-03   -0.8099288935E-03   -0.6352263008E-04    0.0000000000E+00    0.0000000000E+00    0.0000000000E+00
   -0.1149237963E-05   -0.1033263336E-03    0.3566741455E-03    0.1488896833E-02    0.0000000000E+00    0.0000000000E+00    0.0000000000E+00
    0.4228538117E-06    0.6635227391E-05    0.7476025261E-04   -0.7219770740E-03    0.0000000000E+00    0.0000000000E+00    0.0000000000E+00
   -0.1502598573E-06   -0.1692258369E-05   -0.1603517789E-04    0.1261317089E-03    0.0000000000E+00    0.0000000000E+00    0.0000000000E+00
    0.5188153403E-07    0.4967130434E-06    0.4274558918E-05   -0.3116446387E-04    0.0000000000E+00    0.0000000000E+00    0.0000000000E+00
   -0.1747222419E-07   -0.1518176294E-06   -0.1230533465E-05    0.8622065492E-05    0.0000000000E+00    0.0000000000E+00    0.0000000000E+00
    0.5761985365E-08    0.4698325148E-07    0.3661957604E-06   -0.2503689861E-05    0.0000000000E+00    0.0000000000E+00    0.0000000000E+00
   -0.1867150615E-08   -0.1457433010E-07   -0.1106400189E-06    0.7441141848E-06    0.0000000000E+00    0.0000000000E+00    0.0000000000E+00
    0.5959513428E-09    0.4511039899E-08    0.3363176331E-07   -0.2236124311E-06    0.0000000000E+00    0.0000000000E+00    0.0000000000E+00
   -0.1875427158E-09   -0.1388869932E-08   -0.1022560216E-07    0.6743636924E-07    0.0000000000E+00    0.0000000000E+00    0.0000000000E+00
    0.5814816974E-10    0.4239238210E-09    0.3093939077E-08   -0.2028514568E-07    0.0000000000E+00    0.0000000000E+00    0.0000000000E+00
   -0.1771238218E-10   -0.1276843759E-09   -0.9261776461E-09    0.6046914744E-08    0.0000000000E+00    0.0000000000E+00    0.0000000000E+00
    0.5270518280E-11    0.3768760679E-10    0.2721947065E-09   -0.1771753859E-08    0.0000000000E+00    0.0000000000E+00    0.0000000000E+00
   -0.1517296541E-11   -0.1078671528E-10   -0.7766935563E-10    0.5044588831E-09    0.0000000000E+00    0.0000000000E+00    0.0000000000E+00
    0.4160842037E-12    0.2945679019E-11    0.2116484308E-10   -0.1372489881E-09    0.0000000000E+00    0.0000000000E+00    0.0000000000E+00
   -0.1060419957E-12   -0.7484795835E-12   -0.5369737568E-11    0.3478218536E-10    0.0000000000E+00    0.0000000000E+00    0.0000000000E+00
    0.2414051572E-13    0.1700259071E-12    0.1218498398E-11   -0.7886361358E-11    0.0000000000E+00    0.0000000000E+00    0.0000000000E+00
   -0.4592705711E-14   -0.3229747831E-13   -0.2312871594E-12    0.1496065760E-11    0.0000000000E+00    0.0000000000E+00    0.0000000000E+00
    0.6450703090E-15    0.4531361973E-14    0.3243253123E-13   -0.2097003143E-12    0.0000000000E+00    0.0000000000E+00    0.0000000000E+00
   -0.4962104356E-16   -0.3482938483E-15   -0.2491924691E-14    0.1610733539E-13    0.0000000000E+00    0.0000000000E+00    0.0000000000E+00
 l,ispin:           3           2
 psi n=1,noccmax(l):
    0.4202117340E+01    0.3272080557E+00    0.4296841000E+00    0.3702740214E+00    0.0000000000E+00    0.0000000000E+00    0.0000000000E+00
   -0.1101803861E+02   -0.8578286386E+00   -0.1129754777E+01   -0.9604234124E+00    0.0000000000E+00    0.0000000000E+00    0.0000000000E+00
    0.1315504750E+02    0.1023658643E+01    0.1371065290E+01    0.1073732248E+01    0.0000000000E+00    0.0000000000E+00    0.0000000000E+00
   -0.8832164163E+01   -0.6859758719E+00   -0.9676860200E+00   -0.5648227310E+00    0.0000000000E+00    0.0000000000E+00    0.0000000000E+00
    0.4557935031E+01    0.3516871045E+00    0.5471436299E+00    0.1264846887E+00    0.0000000000E+00    0.0000000000E+00    0.0000000000E+00
   -0.5738506207E+01   -0.4391650090E+00   -0.6335719465E+00   -0.3053760697E+00    0.0000000000E+00    0.0000000000E+00    0.0000000000E+00
    0.8959939417E+01    0.6831566635E+00    0.9093313172E+00    0.7067657705E+00    0.0000000000E+00    0.0000000000E+00    0.0000000000E+00
    0.4867375184E+01    0.3773862165E+00    0.4085282173E+00    0.6918603573E+00    0.0000000000E+00    0.0000000000E+00    0.0000000000E+00
    0.1882231695E+01    0.1560763637E+00    0.2355458656E+00    0.1058991688E+00    0.0000000000E+00    0.0000000000E+00    0.0000000000E+00
    0.1143617157E+01    0.9242640548E-01    0.8703246203E-01    0.2144061196E+00    0.0000000000E+00    0.0000000000E+00    0.0000000000E+00
    0.4069642763E+00    0.3200141959E-01    0.5917129535E-01   -0.1165379917E-01    0.0000000000E+00    0.0000000000E+00    0.0000000000E+00
    0.2004826589E+00    0.1576010026E-01    0.5634626278E-02    0.5978528258E-01    0.0000000000E+00    0.0000000000E+00    0.0000000000E+00
    0.6076013664E-01    0.3545396887E-02    0.1370035417E-01   -0.2083091411E-01    0.0000000000E+00    0.0000000000E+00    0.0000000000E+00
    0.2800384686E-01    0.2541411849E-02   -0.3909560357E-02    0.1927151483E-01    0.0000000000E+00    0.0000000000E+00    0.0000000000E+00
    0.6233534847E-02   -0.2045589824E-02    0.1666982359E-02   -0.1463746334E-01    0.0000000000E+00    0.0000000000E+00    0.0000000000E+00
    0.3717298531E-02    0.2316622838E-02    0.2350036701E-03    0.1162156882E-01    0.0000000000E+00    0.0000000000E+00    0.0000000000E+00
    0.5893328244E-03   -0.1712115519E-02   -0.1122376719E-02   -0.1005839627E-01    0.0000000000E+00    0.0000000000E+00    0.0000000000E+00
    0.3789709084E-03    0.1184494857E-04   -0.6649433218E-03    0.5535809291E-02    0.0000000000E+00    0.0000000000E+00    0.0000000000E+00
    0.2279061077E-04   -0.3599907259E-04    0.2974458157E-03   -0.4485021190E-02    0.0000000000E+00    0.0000000000E+00    0.0000000000E+00
    0.3624370722E-04   -0.3015700666E-03   -0.1096308049E-02    0.1596957661E-02    0.0000000000E+00    0.0000000000E+00    0.0000000000E+00
   -0.5857229427E-05   -0.1945758101E-03    0.1238745732E-03   -0.2114268682E-02    0.0000000000E+00    0.0000000000E+00    0.0000000000E+00
    0.3395862779E-05   -0.1799137811E-03   -0.7980001087E-03   -0.1391885395E-04    0.0000000000E+00    0.0000000000E+00    0.0000000000E+00
   -0.1223242389E-05   -0.1021857287E-03    0.3571030245E-03    0.1458211122E-02    0.0000000000E+00    0.0000000000E+00    0.0000000000E+00
    0.4489638378E-06    0.6596091146E-05    0.7300754055E-04   -0.7148895146E-03    0.0000000000E+00    0.0000000000E+00    0.0000000000E+00
   -0.1597981705E-06   -0.1681901473E-05   -0.1566090699E-04    0.1253632060E-03    0.0000000000E+00    0.0000000000E+00    0.0000000000E+00
    0.5530339921E-07    0.4936126062E-06    0.4174395832E-05   -0.3102404174E-04    0.0000000000E+00    0.0000000000E+00    0.0000000000E+00
   -0.1867367606E-07   -0.1508612501E-06   -0.1201609752E-05    0.8590576766E-05    0.0000000000E+00    0.0000000000E+00    0.0000000000E+00
    0.6174536663E-08    0.4668613881E-07    0.3575733845E-06   -0.2495828475E-05    0.0000000000E+00    0.0000000000E+00    0.0000000000E+00
   -0.2005776190E-08   -0.1448205424E-07   -0.1080328272E-06    0.7420202331E-06    0.0000000000E+00    0.0000000000E+00    0.0000000000E+00
    0.6415875652E-09    0.4482480254E-08    0.3283903635E-07   -0.2230311357E-06    0.0000000000E+00    0.0000000000E+00    0.0000000000E+00
   -0.2022741011E-09   -0.1380082113E-08   -0.9984581153E-08    0.6727077138E-07    0.0000000000E+00    0.0000000000E+00    0.0000000000E+00
    0.6280965293E-10    0.4212435689E-09    0.3021024472E-08   -0.2023731711E-07    0.0000000000E+00    0.0000000000E+00    0.0000000000E+00
   -0.1915520204E-10   -0.1268777069E-09   -0.9043546301E-09    0.6033062152E-08    0.0000000000E+00    0.0000000000E+00    0.0000000000E+00
    0.5705193636E-11    0.3744967029E-10    0.2657823535E-09   -0.1767776657E-08    0.0000000000E+00    0.0000000000E+00    0.0000000000E+00
   -0.1643623266E-11   -0.1071865355E-10   -0.7583993798E-10    0.5033425269E-09    0.0000000000E+00    0.0000000000E+00    0.0000000000E+00
    0.4509759798E-12    0.2927101094E-11    0.2066640075E-10   -0.1369482800E-09    0.0000000000E+00    0.0000000000E+00    0.0000000000E+00
   -0.1149825318E-12   -0.7437607816E-12   -0.5243292700E-11    0.3470650943E-10    0.0000000000E+00    0.0000000000E+00    0.0000000000E+00
    0.2618405394E-13    0.1689542828E-12    0.1189808304E-11   -0.7869286475E-11    0.0000000000E+00    0.0000000000E+00    0.0000000000E+00
   -0.4982651734E-14   -0.3209396128E-13   -0.2258418011E-12    0.1492837624E-11    0.0000000000E+00    0.0000000000E+00    0.0000000000E+00
    0.6999614883E-15    0.4502813114E-14    0.3166899235E-13   -0.2092489085E-12    0.0000000000E+00    0.0000000000E+00    0.0000000000E+00
   -0.5385032233E-16   -0.3460997720E-15   -0.2433261381E-14    0.1607271992E-13    0.0000000000E+00    0.0000000000E+00    0.0000000000E+00
