Ac GTH-PBE-q29
    6   12   11
     0.24500000    2   169.13195300    -8.06328393
    4
     0.18166634    3    -5.57833024    37.26958392   -22.34883268
                                      -84.46520503    57.70443786
                                                     -45.80147764
     0.18795164    3    -7.56777862     6.77676451    -4.66158455
                                      -15.77920325    11.03132245
                                                      -7.84001947
     0.30681358    2     1.34097245    -1.79762652
                                        2.03831688
     0.22461158    1     0.32885437
