Ac GTH-PBE-q11
    4    6    1
     0.49000000    2    50.83772909    -5.56341485
    4
     0.44234144    3    -0.50670122     0.38447801     0.27513640
                                       -0.04884959    -0.71039913
                                                       0.56386183
     0.41252176    3     5.63541647   -12.43929252     6.21420952
                                       25.06408052   -14.70550371
                                                      10.45127961
     0.78827516    2     0.24031925     0.59302509
                                       -0.67242725
     0.33075712    1   -15.94216345
