Am GTH-PBE-q17
    4    6    0    7
     0.46500000    2    46.43699535    -3.30684913
    4
     0.46942616    3    -2.12963013     1.12649847     0.70064543
                                       -0.31470339    -1.80905872
                                                       1.43589585
     0.34972628    3     2.67481253    -5.67856262     3.37031147
                                       12.33002050    -7.97561263
                                                       5.66831027
     0.65603099    2     0.42299635     0.43331193
                                       -0.49132955
     0.31130562    1   -17.37755642
