Am GTH-PBE-q35
    6   12   10    7
     0.23250000    2   153.32170920   -13.77779984
    4
     0.18711582    3     5.50465217    26.96131703   -19.29933707
                                      -66.19728471    49.83067405
                                                     -39.55187136
     0.21200291    3    -0.56233492    16.09111338   -12.93614190
                                      -40.57596551    30.61249903
                                                     -21.75646568
     0.48873681    2     1.48034373    -0.97748313
                                        1.10836169
     0.24220063    1    -0.33271062
