Bk GTH-PBE-q37
    6   12   10    9
     0.22750000    2   156.74493260   -15.28293792
    4
     0.17650212    3    10.48340910    21.01165202   -15.91848791
                                      -53.01734864    41.10135905
                                                     -32.62319238
     0.20999065    3     3.77574225     6.85231311    -6.82184452
                                      -19.46509694    16.14343057
                                                     -11.47322187
     0.45766708    2     1.98770863    -1.35691133
                                        1.53859283
     0.23529751    1    -0.36794313
