Bk GTH-PBE-q19
    4    6    0    9
     0.45500000    2    44.63312912    -2.69343571
    4
     0.45715976    3    -2.32194291     1.64609552     0.60800554
                                       -1.13617910    -1.56986355
                                                       1.24604056
     0.32493194    3     2.56438598    -2.37370300     0.95957871
                                        4.40615548    -2.27077769
                                                       1.61385376
     0.63227091    2     0.40537847     0.42243719
                                       -0.47899874
     0.30346414    1   -17.85362742
