Cf GTH-PBE-q38
    6   12   10   10
     0.22500000    2   160.20903780   -16.28964183
    4
     0.17844367    3     7.98820972    30.78373254   -22.82031989
                                      -76.85888089    58.92181260
                                                     -46.76773888
     0.20720671    3    -0.87928258    19.88252608   -16.29386594
                                      -50.65212395    38.55832434
                                                     -27.40360594
     0.45315341    2     2.13740978    -1.41955290
                                        1.60962169
     0.22705006    1    -0.41838849
