Cf GTH-PBE-q20
    4    6    0   10
     0.45000000    2    42.63958285    -1.98984977
    4
     0.45863654    3    -2.44285267     1.70738558     0.71026230
                                       -1.04898359    -1.83388936
                                                       1.45560456
     0.39035097    3     0.41714012     1.08459879    -0.56106484
                                       -2.21740199     1.32772175
                                                      -0.94361890
     0.61230963    2     0.42422335     0.39309001
                                       -0.44572217
     0.30208247    1   -17.67155300
