Cm GTH-PBE-q36
    6   12   11    7
     0.23000000    2   153.54572130   -14.50337577
    4
     0.18221117    3     8.75548019    19.77342664   -14.56454068
                                      -49.21661122    37.60548233
                                                     -29.84842626
     0.21538836    3     2.62626303     8.44776488    -7.69651998
                                      -22.80906219    18.21329051
                                                     -12.94428232
     0.47134282    2     1.79790268    -1.20934882
                                        1.37127267
     0.23663904    1    -0.33909133
