Cm GTH-PBE-q18
    4    6    1    7
     0.46000000    2    44.43187838    -2.71187604
    4
     0.46611801    3    -2.16654207     1.38971863     0.66639883
                                       -0.71022127    -1.72063437
                                                       1.36571119
     0.39479087    3     1.27132450    -0.82079827     0.44346511
                                        1.70948340    -1.04943000
                                                       0.74583548
     0.66953083    2     0.21959583     0.53467101
                                       -0.60625995
     0.30847603    1   -17.32082952
