Es GTH-PBE-q21
    4    6    0   11
     0.44500000    2    41.37039813    -1.62744850
    4
     0.45625304    3    -2.40966964     1.78446083     0.76234169
                                       -1.06378017    -1.96835778
                                                       1.56233555
     0.38437892    3     0.09049386     2.13874720    -1.36354957
                                       -4.80070190     3.22674721
                                                      -2.29326639
     0.59998292    2     0.42754757     0.38160131
                                       -0.43269522
     0.29832580    1   -17.83882826
