Es GTH-PBE-q39
    6   12   10   11
     0.22250000    2   160.65607530   -16.78427729
    4
     0.17053856    3    13.18491488    21.79522312   -17.16384524
                                      -56.05450842    44.31685783
                                                     -35.17541542
     0.20736257    3     5.96969141     3.23115789    -3.47550899
                                       -9.60935001     8.22455540
                                                      -5.84523521
     0.44378048    2     2.37559900    -1.57518836
                                        1.78609572
     0.22798736    1    -0.41761505
