Fm GTH-PBE-q40
    6   12   10   12
     0.22000000    2   163.61165290   -17.42915865
    4
     0.17148652    3    10.70948890    33.31090741   -25.40015524
                                      -84.31755213    65.58291882
                                                     -52.05482803
     0.20347688    3    -3.40912563    28.24075223   -22.96230230
                                      -71.64364009    54.33872496
                                                     -38.61882049
     0.43650504    2     2.54850778    -1.67075996
                                        1.89446372
     0.22336872    1    -0.45771924
