Fm GTH-PBE-q22
    4    6    0   12
     0.44000000    2    39.75108515    -1.22533198
    4
     0.45215353    3    -2.24760321     1.85052339     0.92629629
                                       -0.88239438    -2.39168675
                                                       1.89834250
     0.37585859    3    -0.10466328     3.18242062    -2.04495433
                                       -7.17002795     4.83924519
                                                      -3.43927726
     0.59860218    2     0.35396147     0.41486701
                                       -0.47041497
     0.29487376    1   -17.88699295
