Lr GTH-PBE-q25
    4    7    0   14
     0.42500000    2    36.52742861    -0.00689934
    4
     0.44022728    3    -2.31795751     1.99181788     1.46525135
                                       -0.18819433    -3.78326272
                                                       3.00287169
     0.39877031    3    -0.81727095     3.28039017    -0.93255370
                                       -5.43396968     2.20682485
                                                      -1.56840214
     0.55842417    2     0.34110430     0.42374265
                                       -0.48047900
     0.28430246    1   -18.65240776
