Lr GTH-PBE-q43
    6   13   10   14
     0.21250000    2   169.62564570   -19.12058642
    4
     0.16089457    3    13.48925868    38.56401925   -29.81738219
                                      -98.28391054    76.98814978
                                                     -61.10744946
     0.18967314    3     2.43933114    20.25719767   -17.21326454
                                      -52.62609981    40.73401854
                                                     -28.94988337
     0.50152399    2     1.64775173    -0.09250248
                                        0.10488795
     0.23190888    1    -0.76013865
