Md GTH-PBE-q41
    6   12   10   13
     0.21750000    2   164.34213830   -17.80784303
    4
     0.16966157    3    11.18826183    35.65539248   -27.33539997
                                      -90.49194514    70.57969924
                                                     -56.02089954
     0.20312394    3    -2.08272019    25.63540537   -20.33279242
                                      -64.18321913    48.11616887
                                                     -34.19641682
     0.42473874    2     2.86627144    -1.90763218
                                        2.16305158
     0.21942760    1    -0.48151816
