Md GTH-PBE-q23
    4    6    0   13
     0.43500000    2    38.63444219    -1.08703353
    4
     0.45020970    3    -2.00295209     1.78433310     1.05035716
                                       -0.59515807    -2.71201053
                                                       2.15259163
     0.43165792    3    -0.04397748     1.16346163    -0.22347860
                                       -1.74868415     0.52884688
                                                      -0.37585429
     0.58459844    2     0.37475188     0.43077676
                                       -0.48845494
     0.29043259    1   -18.06276911
