No GTH-PBE-q42
    6   12   10   14
     0.21500000    2   163.99300910   -16.93374456
    4
     0.16590347    3    12.86926990    25.92178829   -19.86407646
                                      -65.77380755    51.28882487
                                                     -40.70924270
     0.19971754    3     3.20272648    13.11062225   -11.69603810
                                      -34.98481714    27.67787780
                                                     -19.67081479
     0.43311299    2     2.53974127    -1.56048251
                                        1.76942085
     0.22135724    1    -0.69996017
