No GTH-PBE-q24
    4    6    0   14
     0.43000000    2    37.56891072    -0.66673905
    4
     0.44687164    3    -2.06405571     1.80024242     1.23804209
                                       -0.31042736    -3.19661092
                                                       2.53723126
     0.44056285    3    -0.25957805     1.18216303    -0.16564629
                                       -1.67452997     0.39199067
                                                      -0.27858985
     0.58707205    2     0.28195967     0.45320729
                                       -0.51388876
     0.28748345    1   -18.23981723
