Np GTH-PBE-q15
    4    6    1    4
     0.47500000    2    47.17393099    -4.09552100
    4
     0.49081175    3    -1.38411018     0.54454635     0.53953028
                                        0.17453976    -1.39306120
                                                       1.10570805
     0.40139246    3     3.51757867    -4.76624300     2.63510900
                                       10.02654939    -6.23580604
                                                       4.43182048
     0.68835728    2     0.38162000     0.53758366
                                       -0.60956257
     0.31618506    1   -16.93590834
