Np GTH-PBE-q33
    6   12   11    4
     0.23750000    2   150.88751140   -12.79188808
    4
     0.19025611    3     5.28783002    24.95442586   -17.78194201
                                      -61.13835611    45.91277686
                                                     -36.44213687
     0.21363790    3     1.32641113     9.82384631    -7.95482217
                                      -24.86729744    18.82454505
                                                     -13.37870416
     0.50875435    2     1.22822514    -0.82203660
                                        0.93210189
     0.24890765    1    -0.19125664
