Pa GTH-PBE-q13
    4    6    1    2
     0.48500000    2    49.77787979    -4.30300806
    4
     0.44854632    3    -2.44430277     1.70007855     0.10284999
                                       -2.02750645    -0.26555753
                                                       0.21077975
     0.38775718    3     3.50422225    -7.98965608     3.93249112
                                       16.00048653    -9.30597248
                                                       6.61380408
     0.72652642    2     0.37437561     0.46012483
                                       -0.52173252
     0.32683944    1   -16.76154633
