Pa GTH-PBE-q31
    6   12   11    2
     0.24250000    2   150.01175890   -11.45540354
    4
     0.18794768    3     5.02869338    21.37877389   -14.69926165
                                      -51.50822928    37.95333039
                                                     -30.12452209
     0.20280273    3     2.15563300     7.38461658    -7.78999774
                                      -21.70675437    18.43449925
                                                     -13.10149654
     0.54426414    2     0.83848077    -0.54449555
                                        0.61739992
     0.25829917    1    -0.09260121
