Pu GTH-PBE-q16
    4    6    0    6
     0.47000000    2    47.08079849    -3.40436824
    4
     0.47268447    3    -2.22069303     1.08801606     0.67303146
                                       -0.30993694    -1.73775977
                                                       1.37930405
     0.37080094    3     2.13313292    -4.50828652     1.98901885
                                        8.64568959    -4.70687768
                                                       3.34520297
     0.67126960    2     0.41623627     0.42244603
                                       -0.47900878
     0.31648760    1   -17.04722178
