Pu GTH-PBE-q34
    6   12   10    6
     0.23500000    2   152.14332250   -13.11938491
    4
     0.18545792    3     6.73221110    26.53906227   -19.30873992
                                      -65.66744989    49.85495209
                                                     -39.57114146
     0.21715967    3     0.61647227    10.72154147    -7.81816270
                                      -25.70194751    18.50114973
                                                     -13.14886539
     0.50133218    2     1.29219828    -0.85203326
                                        0.96611490
     0.24460691    1    -0.29688300
