Th GTH-PBE-q12
    4    6    2
     0.49000000    2    49.57635574    -4.67490833
    4
     0.47798923    3    -1.65911708     0.60988862     0.43422542
                                       -0.08109511    -1.12116522
                                                       0.88989731
     0.40339429    3     4.21971933    -8.55557294     4.40843942
                                       17.46246973   -10.43227173
                                                       7.41427094
     0.76833981    2     0.21010061     0.59071341
                                       -0.66980605
     0.32930115    1   -16.53552930
