Th GTH-PBE-q30
    6   12   12
     0.24500000    2   150.13342460   -11.23134800
    4
     0.18609292    3     6.49847640    23.50706628   -16.77911511
                                      -57.63872484    43.32348892
                                                     -34.38695329
     0.20824055    3     2.41435002     4.57205094    -3.76347093
                                      -11.67532877     8.90599771
                                                      -6.32953988
     0.55181240    2     0.77825419    -0.51433973
                                        0.58320644
     0.26289867    1     0.02489841
