U GTH-PBE-q32
    6   12   11    3
     0.24000000    2   150.87538600   -12.20370801
    4
     0.19023922    3     5.03172125    24.75723155   -17.47337828
                                      -60.38190039    45.11606871
                                                     -35.80976939
     0.21284706    3     1.68462667     7.68993403    -6.21047792
                                      -19.43835124    14.69667314
                                                     -10.44500368
     0.52508070    2     1.02247926    -0.67577354
                                        0.76625517
     0.25331853    1    -0.14294775
