   40             4.00000 ng, rij 
     1.417     8.000                                       rcov,rprb 
 r                           (non)relativistic calculation
 PBE                         XC-functional
  6.000  4.000    0.3300000000   -0.9122620382E+01    0.1543987206E+01    0.0000000000E+00    0.0000000000E+00  znuc,zion,rloc,gpot()
   1                                                       lpx, (Projectors for l=0..lpx)
    0.2979800844    0.9860736379E+01   -0.0000000000E+00    0.0000000000E+00    0.0000000000E+00   -0.0000000000E+00    0.0000000000E+00  r_l(),hsep(), so=+0.5
    0.3563400676   -0.8101650131E-01   -0.0000000000E+00    0.0000000000E+00    0.0000000000E+00   -0.0000000000E+00    0.0000000000E+00  r_l(),hsep(), so=+0.5
   -0.8283818386E-01   -0.0000000000E+00    0.0000000000E+00    0.0000000000E+00   -0.0000000000E+00    0.0000000000E+00         hsep(), so=-0.5
 ---------------------------------------------
 Additional information (last calculation):
 gaussian exponents:
 xp():   51.945401740058585        36.730945821854917        25.972700870029300        18.365472910927462        12.986350435014652        9.1827364554637327        6.4931752175073294        4.5913682277318681        3.2465876087536643        2.2956841138659350        1.6232938043768323        1.1478420569329675       0.81164690218841651       0.57392102846648385       0.40582345109420848       0.28696051423324193       0.20291172554710424       0.14348025711662102       0.10145586277355215        7.1740128558310537E-002   5.0727931386776087E-002   3.5870064279155268E-002   2.5363965693388047E-002   1.7935032139577641E-002   1.2681982846694025E-002   8.9675160697888223E-003   6.3409914233470135E-003   4.4837580348944120E-003   3.1704957116735068E-003   2.2418790174472069E-003   1.5852478558367542E-003   1.1209395087236037E-003   7.9262392791837745E-004   5.6046975436180172E-004   3.9631196395918872E-004   2.8023487718090102E-004   1.9815598197959439E-004   1.4011743859045048E-004   9.9077990989797222E-005   7.0058719295225269E-005
 orbital coefficients (one orbital per column)
 l,ispin:           0           1
 psi n=1,noccmax(l):
   -0.1038477294E-02   -0.5449807021E-04   -0.4012564897E-03    0.0000000000E+00
    0.1988848163E-01    0.3539189959E-02    0.4328647726E-02    0.0000000000E+00
   -0.8611912363E-01   -0.1757050604E-01   -0.1740650138E-01    0.0000000000E+00
    0.1421992542E+00    0.2964877061E-01    0.3207678634E-01    0.0000000000E+00
   -0.7097742715E-01   -0.1167255177E-01   -0.2990619331E-01    0.0000000000E+00
   -0.5256788810E-01   -0.1957185462E-01    0.2080110204E-01    0.0000000000E+00
   -0.1151472306E+00   -0.1569061920E-01   -0.5502438662E-01    0.0000000000E+00
   -0.2491964064E+00   -0.6827763395E-01    0.1355005302E-01    0.0000000000E+00
   -0.1722834737E+00   -0.1831176682E-01   -0.8047570973E-01    0.0000000000E+00
   -0.4607655755E+00   -0.1368617438E+00   -0.7218903666E-02    0.0000000000E+00
   -0.1955444264E+00   -0.1404170139E-01   -0.1011014759E+00    0.0000000000E+00
   -0.9886556348E-01   -0.5917804330E-01    0.6557985350E-01    0.0000000000E+00
    0.1380982015E+00    0.7645655157E-01   -0.6513801603E-01    0.0000000000E+00
    0.1769305381E+00   -0.5727526472E-02    0.1202874729E+00    0.0000000000E+00
    0.2785155150E+00    0.1289733178E+00   -0.4841236462E-01    0.0000000000E+00
    0.2646132643E+00    0.4072098166E-01    0.1653912703E+00    0.0000000000E+00
    0.2116107526E+00    0.1095126481E+00   -0.6722254962E-01    0.0000000000E+00
    0.1345403949E+00   -0.1664925906E-01    0.1171381507E+00    0.0000000000E+00
    0.8644791728E-01    0.1210981036E+00   -0.1279331089E-01    0.0000000000E+00
    0.3477423284E-01   -0.2455109241E-02    0.4694531760E-01    0.0000000000E+00
    0.1341865169E-01    0.4051407541E-01    0.6093609461E-01    0.0000000000E+00
    0.1022553730E-02   -0.1836259006E-01   -0.1523670000E+00    0.0000000000E+00
    0.1089579516E-02   -0.4710175769E-01    0.2056459165E+00    0.0000000000E+00
   -0.5820394356E-03    0.8817621412E-02   -0.2956884318E+00    0.0000000000E+00
    0.3980974210E-03   -0.6676839973E-01    0.2405446898E+00    0.0000000000E+00
   -0.2635486659E-03    0.7501441935E-02   -0.2714388032E+00    0.0000000000E+00
    0.1711129446E-03   -0.4647591094E-01   -0.6839706747E-01    0.0000000000E+00
   -0.1087715242E-03    0.1307430612E-01    0.2049767948E+00    0.0000000000E+00
    0.6758106804E-04   -0.8737317453E-02   -0.2052459607E-01    0.0000000000E+00
   -0.4095658765E-04    0.5264460680E-02    0.1448665309E-02    0.0000000000E+00
    0.2414578725E-04   -0.3025452003E-02    0.1490746737E-02    0.0000000000E+00
   -0.1379568941E-04    0.1670255618E-02   -0.1442161346E-02    0.0000000000E+00
    0.7597258653E-05   -0.8858669464E-03    0.9444336253E-03    0.0000000000E+00
   -0.3999999271E-05    0.4493412455E-03   -0.5324088165E-03    0.0000000000E+00
    0.1989147208E-05   -0.2158272564E-03    0.2713943117E-03    0.0000000000E+00
   -0.9172674682E-06    0.9650057982E-04   -0.1257482023E-03    0.0000000000E+00
    0.3814087580E-06   -0.3907709982E-04    0.5206220214E-04    0.0000000000E+00
   -0.1369202032E-06    0.1372175837E-04   -0.1854147292E-04    0.0000000000E+00
    0.3953685296E-07   -0.3891700937E-05    0.5306954015E-05    0.0000000000E+00
   -0.8079899449E-08    0.7840088984E-06   -0.1075542796E-05    0.0000000000E+00
    0.8641105000E-09   -0.8291127616E-07    0.1141928446E-06    0.0000000000E+00
 l,ispin:           1           1
 psi n=1,noccmax(l):
    0.2622283714E-01    0.6777818069E-02    0.3548041162E-02    0.0000000000E+00
   -0.1331669474E+00   -0.3345426957E-01   -0.1894147504E-01    0.0000000000E+00
    0.1319950406E+00    0.4269326574E-01    0.1144746676E-01    0.0000000000E+00
    0.1875641770E+00    0.9780590592E-02    0.5623169633E-01    0.0000000000E+00
   -0.3355522987E+00   -0.2935048285E-01   -0.9262788619E-01    0.0000000000E+00
    0.1403387802E+00   -0.1692545077E-01    0.6445746187E-01    0.0000000000E+00
    0.1284309220E+00    0.7607889280E-01   -0.1937887558E-01    0.0000000000E+00
    0.5211251370E+00    0.5308233217E-01    0.1435791250E+00    0.0000000000E+00
    0.5371673899E+00    0.1595402592E+00    0.5104323732E-01    0.0000000000E+00
    0.3427886662E+00    0.1585486114E-01    0.1091383555E+00    0.0000000000E+00
    0.3929886331E+00    0.1324083906E+00    0.3084157447E-01    0.0000000000E+00
    0.3438148610E+00    0.2099516947E-01    0.1069957954E+00    0.0000000000E+00
    0.3201463742E+00    0.1133600606E+00    0.2206692712E-01    0.0000000000E+00
    0.2403553962E+00    0.4661599400E-02    0.8209368204E-01    0.0000000000E+00
    0.1946403313E+00    0.8404673366E-01    0.5628052569E-02    0.0000000000E+00
    0.1373739679E+00   -0.8913470964E-02    0.5896346224E-01    0.0000000000E+00
    0.8747121650E-01    0.5229442873E-01   -0.1316008083E-01    0.0000000000E+00
    0.5047913463E-01   -0.2252195271E-01    0.3433726624E-01    0.0000000000E+00
    0.3064937924E-01    0.3893838909E-01   -0.1082661844E-01    0.0000000000E+00
    0.1553981493E-01   -0.2108194723E-01    0.1882978570E-01    0.0000000000E+00
    0.7029753620E-02    0.1990186280E-01   -0.9385331640E-02    0.0000000000E+00
    0.2334250315E-02   -0.1607036029E-01   -0.1097376684E-02    0.0000000000E+00
    0.6822509313E-03    0.4102225507E-02    0.1448846112E-02    0.0000000000E+00
    0.8687842200E-04   -0.5057296685E-02   -0.1349785635E-01    0.0000000000E+00
    0.2621697368E-04   -0.2975280660E-02    0.8492781409E-02    0.0000000000E+00
   -0.9034607699E-05   -0.1028132648E-02   -0.1652339159E-01    0.0000000000E+00
    0.5242915817E-05   -0.4551007435E-02   -0.8922677865E-02    0.0000000000E+00
   -0.2845868526E-05   -0.3920205415E-03    0.1644952840E-01    0.0000000000E+00
    0.1490742884E-05   -0.1250920664E-04   -0.2819927820E-02    0.0000000000E+00
   -0.7549272181E-06    0.3262794126E-04    0.8925034603E-03    0.0000000000E+00
    0.3698143066E-06   -0.2126726329E-04   -0.3309154525E-03    0.0000000000E+00
   -0.1751192952E-06    0.1123544945E-04    0.1301397625E-03    0.0000000000E+00
    0.7995206069E-07   -0.5377197217E-05   -0.5213240791E-04    0.0000000000E+00
   -0.3500261793E-07    0.2399964781E-05    0.2076234374E-04    0.0000000000E+00
    0.1455159664E-07   -0.1003615637E-05   -0.8052735964E-05    0.0000000000E+00
   -0.5652410881E-08    0.3896301833E-06    0.2971891604E-05    0.0000000000E+00
    0.1998910929E-08   -0.1373242927E-06   -0.1011969468E-05    0.0000000000E+00
   -0.6173389690E-09    0.4222793408E-07    0.3039294324E-06    0.0000000000E+00
    0.1553976159E-09   -0.1058379882E-07   -0.7494834122E-07    0.0000000000E+00
   -0.2809283354E-10    0.1905917377E-08    0.1334607776E-07    0.0000000000E+00
    0.2699654126E-11   -0.1825532733E-09   -0.1268427190E-08    0.0000000000E+00
 l,ispin:           1           2
 psi n=1,noccmax(l):
    0.2625658884E-01    0.6779937134E-02    0.3548808503E-02    0.0000000000E+00
   -0.1333430015E+00   -0.3346652018E-01   -0.1894695869E-01    0.0000000000E+00
    0.1322039632E+00    0.4270844134E-01    0.1145360105E-01    0.0000000000E+00
    0.1877108668E+00    0.9793471849E-02    0.5624361002E-01    0.0000000000E+00
   -0.3358981570E+00   -0.2938648379E-01   -0.9265854836E-01    0.0000000000E+00
    0.1404906171E+00   -0.1689407846E-01    0.6449179004E-01    0.0000000000E+00
    0.1286611527E+00    0.7608129283E-01   -0.1939196838E-01    0.0000000000E+00
    0.5218077146E+00    0.5316995978E-01    0.1436544844E+00    0.0000000000E+00
    0.5377276297E+00    0.1595434483E+00    0.5101719565E-01    0.0000000000E+00
    0.3436703763E+00    0.1600470994E-01    0.1092768382E+00    0.0000000000E+00
    0.3936716761E+00    0.1324646801E+00    0.3086888670E-01    0.0000000000E+00
    0.3443123074E+00    0.2107061660E-01    0.1070651248E+00    0.0000000000E+00
    0.3204697760E+00    0.1133590601E+00    0.2204485744E-01    0.0000000000E+00
    0.2405539441E+00    0.4689154868E-02    0.8212141916E-01    0.0000000000E+00
    0.1947450650E+00    0.8402446852E-01    0.5591206407E-02    0.0000000000E+00
    0.1374019053E+00   -0.8909575282E-02    0.5897078729E-01    0.0000000000E+00
    0.8746489556E-01    0.5226193632E-01   -0.1320128010E-01    0.0000000000E+00
    0.5046326249E-01   -0.2251802363E-01    0.3434762978E-01    0.0000000000E+00
    0.3062611866E-01    0.3891608582E-01   -0.1085744612E-01    0.0000000000E+00
    0.1551737600E-01   -0.2108198135E-01    0.1883529395E-01    0.0000000000E+00
    0.7014645688E-02    0.1988477292E-01   -0.9408615989E-02    0.0000000000E+00
    0.2326299537E-02   -0.1607247719E-01   -0.1093668508E-02    0.0000000000E+00
    0.6793519307E-03    0.4095689716E-02    0.1438252126E-02    0.0000000000E+00
    0.8608320061E-04   -0.5060589895E-02   -0.1349734005E-01    0.0000000000E+00
    0.2613028464E-04   -0.2975524587E-02    0.8490063817E-02    0.0000000000E+00
   -0.9043365437E-05   -0.1030954600E-02   -0.1652720669E-01    0.0000000000E+00
    0.5244290825E-05   -0.4547934229E-02   -0.8901726533E-02    0.0000000000E+00
   -0.2846179298E-05   -0.3910559680E-03    0.1643917521E-01    0.0000000000E+00
    0.1490780925E-05   -0.1267395839E-04   -0.2818627465E-02    0.0000000000E+00
   -0.7549155767E-06    0.3267080264E-04    0.8921198710E-03    0.0000000000E+00
    0.3698032365E-06   -0.2127979337E-04   -0.3307748309E-03    0.0000000000E+00
   -0.1751142448E-06    0.1123930451E-04    0.1300842037E-03    0.0000000000E+00
    0.7995050784E-07   -0.5378417049E-05   -0.5210998096E-04    0.0000000000E+00
   -0.3500239314E-07    0.2400356772E-05    0.2075335076E-04    0.0000000000E+00
    0.1455170262E-07   -0.1003741886E-05   -0.8049229943E-05    0.0000000000E+00
   -0.5652524626E-08    0.3896701403E-06    0.2970593004E-05    0.0000000000E+00
    0.1998973666E-08   -0.1373363400E-06   -0.1011526206E-05    0.0000000000E+00
   -0.6173641985E-09    0.4223123180E-07    0.3037960977E-06    0.0000000000E+00
    0.1554051737E-09   -0.1058455817E-07   -0.7491542889E-07    0.0000000000E+00
   -0.2809437502E-10    0.1906046079E-08    0.1334021353E-07    0.0000000000E+00
    0.2699815553E-11   -0.1825650847E-09   -0.1267869645E-08    0.0000000000E+00
 l,ispin:           2           1
 psi n=1,noccmax(l):
    0.6371606327E-02    0.1400320944E-02   -0.2278603003E-01    0.0000000000E+00    0.0000000000E+00
   -0.2191374333E-01   -0.4582741798E-02    0.7858203308E-01    0.0000000000E+00    0.0000000000E+00
    0.4144775348E-01    0.9281142577E-02   -0.1480490373E+00    0.0000000000E+00    0.0000000000E+00
   -0.5804461514E-01   -0.1505047341E-01    0.2054021712E+00    0.0000000000E+00    0.0000000000E+00
    0.6618045433E-01    0.1793297769E-01   -0.2334518974E+00    0.0000000000E+00    0.0000000000E+00
   -0.6541968709E-01   -0.1643933529E-01    0.2319370631E+00    0.0000000000E+00    0.0000000000E+00
    0.5969354237E-01    0.1369600118E-01   -0.2127937899E+00    0.0000000000E+00    0.0000000000E+00
   -0.5415597626E-01   -0.1481990838E-01    0.1907707835E+00    0.0000000000E+00    0.0000000000E+00
    0.4248732251E-01    0.6705814480E-02   -0.1541351569E+00    0.0000000000E+00    0.0000000000E+00
   -0.3753793741E-01   -0.9341618628E-02    0.1328585340E+00    0.0000000000E+00    0.0000000000E+00
    0.2930993194E-01    0.5306481033E-02   -0.1053817258E+00    0.0000000000E+00    0.0000000000E+00
   -0.2546192692E-01   -0.7178541951E-02    0.8901444017E-01    0.0000000000E+00    0.0000000000E+00
    0.1859690951E-01    0.2575611134E-02   -0.6718141756E-01    0.0000000000E+00    0.0000000000E+00
   -0.1680372766E-01   -0.5195498964E-02    0.5785801422E-01    0.0000000000E+00    0.0000000000E+00
    0.1196908861E-01    0.1628281456E-02   -0.4274069554E-01    0.0000000000E+00    0.0000000000E+00
   -0.1100029664E-01   -0.3666703997E-02    0.3720070616E-01    0.0000000000E+00    0.0000000000E+00
    0.7359186561E-02    0.4581888790E-03   -0.2627495672E-01    0.0000000000E+00    0.0000000000E+00
   -0.7037829607E-02   -0.2249525599E-02    0.2337438805E-01    0.0000000000E+00    0.0000000000E+00
    0.5099216415E-02    0.9630765994E-03   -0.1750556233E-01    0.0000000000E+00    0.0000000000E+00
   -0.4485016448E-02   -0.1749881755E-02    0.1545998673E-01    0.0000000000E+00    0.0000000000E+00
    0.2769714494E-02    0.4353589371E-03   -0.1115698676E-01    0.0000000000E+00    0.0000000000E+00
   -0.2516539753E-02   -0.1678934169E-02    0.1113442964E-01    0.0000000000E+00    0.0000000000E+00
    0.9674644985E-03    0.5366503649E-03   -0.8347066180E-02    0.0000000000E+00    0.0000000000E+00
   -0.7646935687E-03   -0.1396042120E-02    0.8884136760E-02    0.0000000000E+00    0.0000000000E+00
   -0.3559554456E-04    0.5995526103E-03   -0.7507233062E-02    0.0000000000E+00    0.0000000000E+00
   -0.7638681569E-04   -0.1192099349E-02    0.1027781867E-01    0.0000000000E+00    0.0000000000E+00
   -0.4017427767E-03   -0.8728231500E-03   -0.7477868708E-02    0.0000000000E+00    0.0000000000E+00
   -0.1176251342E-03    0.1071499506E-02    0.1260788979E-02    0.0000000000E+00    0.0000000000E+00
    0.2538068494E-04   -0.1618027391E-03    0.5749289984E-03    0.0000000000E+00    0.0000000000E+00
   -0.8038239233E-05    0.4516046543E-04   -0.2132636574E-03    0.0000000000E+00    0.0000000000E+00
    0.2778516833E-05   -0.1460765626E-04    0.7611564841E-04    0.0000000000E+00    0.0000000000E+00
   -0.9831011138E-06    0.4965294839E-05   -0.2706685544E-04    0.0000000000E+00    0.0000000000E+00
    0.3472488870E-06   -0.1708727073E-05    0.9531676149E-05    0.0000000000E+00    0.0000000000E+00
   -0.1205750046E-06    0.5829515684E-06   -0.3292137812E-05    0.0000000000E+00    0.0000000000E+00
    0.4055520357E-07   -0.1936941510E-06    0.1101207525E-05    0.0000000000E+00    0.0000000000E+00
   -0.1296723464E-07    0.6140316564E-07   -0.3503617713E-06    0.0000000000E+00    0.0000000000E+00
    0.3835643341E-08   -0.1805276003E-07    0.1032049849E-06    0.0000000000E+00    0.0000000000E+00
   -0.1006448594E-08    0.4716518313E-08   -0.2698955517E-07    0.0000000000E+00    0.0000000000E+00
    0.2186831969E-09   -0.1021666245E-08    0.5848874573E-08    0.0000000000E+00    0.0000000000E+00
   -0.3468661888E-10    0.1616972289E-09   -0.9258337004E-09    0.0000000000E+00    0.0000000000E+00
    0.2974158143E-11   -0.1384283061E-10    0.7926125299E-10    0.0000000000E+00    0.0000000000E+00
 l,ispin:           2           2
 psi n=1,noccmax(l):
    0.6371606327E-02    0.1400320944E-02   -0.2278603003E-01    0.0000000000E+00    0.0000000000E+00
   -0.2191374333E-01   -0.4582741798E-02    0.7858203308E-01    0.0000000000E+00    0.0000000000E+00
    0.4144775348E-01    0.9281142577E-02   -0.1480490373E+00    0.0000000000E+00    0.0000000000E+00
   -0.5804461514E-01   -0.1505047341E-01    0.2054021712E+00    0.0000000000E+00    0.0000000000E+00
    0.6618045433E-01    0.1793297769E-01   -0.2334518974E+00    0.0000000000E+00    0.0000000000E+00
   -0.6541968709E-01   -0.1643933529E-01    0.2319370631E+00    0.0000000000E+00    0.0000000000E+00
    0.5969354237E-01    0.1369600118E-01   -0.2127937899E+00    0.0000000000E+00    0.0000000000E+00
   -0.5415597626E-01   -0.1481990838E-01    0.1907707835E+00    0.0000000000E+00    0.0000000000E+00
    0.4248732251E-01    0.6705814480E-02   -0.1541351569E+00    0.0000000000E+00    0.0000000000E+00
   -0.3753793741E-01   -0.9341618628E-02    0.1328585340E+00    0.0000000000E+00    0.0000000000E+00
    0.2930993194E-01    0.5306481033E-02   -0.1053817258E+00    0.0000000000E+00    0.0000000000E+00
   -0.2546192692E-01   -0.7178541951E-02    0.8901444017E-01    0.0000000000E+00    0.0000000000E+00
    0.1859690951E-01    0.2575611134E-02   -0.6718141756E-01    0.0000000000E+00    0.0000000000E+00
   -0.1680372766E-01   -0.5195498964E-02    0.5785801422E-01    0.0000000000E+00    0.0000000000E+00
    0.1196908861E-01    0.1628281456E-02   -0.4274069554E-01    0.0000000000E+00    0.0000000000E+00
   -0.1100029664E-01   -0.3666703997E-02    0.3720070616E-01    0.0000000000E+00    0.0000000000E+00
    0.7359186561E-02    0.4581888790E-03   -0.2627495672E-01    0.0000000000E+00    0.0000000000E+00
   -0.7037829607E-02   -0.2249525599E-02    0.2337438805E-01    0.0000000000E+00    0.0000000000E+00
    0.5099216415E-02    0.9630765994E-03   -0.1750556233E-01    0.0000000000E+00    0.0000000000E+00
   -0.4485016448E-02   -0.1749881755E-02    0.1545998673E-01    0.0000000000E+00    0.0000000000E+00
    0.2769714494E-02    0.4353589371E-03   -0.1115698676E-01    0.0000000000E+00    0.0000000000E+00
   -0.2516539753E-02   -0.1678934169E-02    0.1113442964E-01    0.0000000000E+00    0.0000000000E+00
    0.9674644985E-03    0.5366503649E-03   -0.8347066180E-02    0.0000000000E+00    0.0000000000E+00
   -0.7646935687E-03   -0.1396042120E-02    0.8884136760E-02    0.0000000000E+00    0.0000000000E+00
   -0.3559554456E-04    0.5995526103E-03   -0.7507233062E-02    0.0000000000E+00    0.0000000000E+00
   -0.7638681569E-04   -0.1192099349E-02    0.1027781867E-01    0.0000000000E+00    0.0000000000E+00
   -0.4017427767E-03   -0.8728231500E-03   -0.7477868708E-02    0.0000000000E+00    0.0000000000E+00
   -0.1176251342E-03    0.1071499506E-02    0.1260788979E-02    0.0000000000E+00    0.0000000000E+00
    0.2538068494E-04   -0.1618027391E-03    0.5749289984E-03    0.0000000000E+00    0.0000000000E+00
   -0.8038239233E-05    0.4516046543E-04   -0.2132636574E-03    0.0000000000E+00    0.0000000000E+00
    0.2778516833E-05   -0.1460765626E-04    0.7611564841E-04    0.0000000000E+00    0.0000000000E+00
   -0.9831011138E-06    0.4965294839E-05   -0.2706685544E-04    0.0000000000E+00    0.0000000000E+00
    0.3472488870E-06   -0.1708727073E-05    0.9531676149E-05    0.0000000000E+00    0.0000000000E+00
   -0.1205750046E-06    0.5829515684E-06   -0.3292137812E-05    0.0000000000E+00    0.0000000000E+00
    0.4055520357E-07   -0.1936941510E-06    0.1101207525E-05    0.0000000000E+00    0.0000000000E+00
   -0.1296723464E-07    0.6140316564E-07   -0.3503617713E-06    0.0000000000E+00    0.0000000000E+00
    0.3835643341E-08   -0.1805276003E-07    0.1032049849E-06    0.0000000000E+00    0.0000000000E+00
   -0.1006448594E-08    0.4716518313E-08   -0.2698955517E-07    0.0000000000E+00    0.0000000000E+00
    0.2186831969E-09   -0.1021666245E-08    0.5848874573E-08    0.0000000000E+00    0.0000000000E+00
   -0.3468661888E-10    0.1616972289E-09   -0.9258337004E-09    0.0000000000E+00    0.0000000000E+00
    0.2974158143E-11   -0.1384283061E-10    0.7926125299E-10    0.0000000000E+00    0.0000000000E+00
 l,ispin:           3           1
 psi n=1,noccmax(l):
   -0.4936114177E-02    0.2349566899E-01   -0.2498347995E+00    0.0000000000E+00    0.0000000000E+00
    0.1350085973E-01   -0.6425333121E-01    0.6832833439E+00    0.0000000000E+00    0.0000000000E+00
   -0.2024343678E-01    0.9628110098E-01   -0.1023731576E+01    0.0000000000E+00    0.0000000000E+00
    0.2244461597E-01   -0.1065974229E+00    0.1132815662E+01    0.0000000000E+00    0.0000000000E+00
   -0.2080803989E-01    0.9866530480E-01   -0.1048060747E+01    0.0000000000E+00    0.0000000000E+00
    0.1722781660E-01   -0.8158121715E-01    0.8666736994E+00    0.0000000000E+00    0.0000000000E+00
   -0.1327676015E-01    0.6275024463E-01   -0.6667493476E+00    0.0000000000E+00    0.0000000000E+00
    0.9812682042E-02   -0.4613293292E-01    0.4894947268E+00    0.0000000000E+00    0.0000000000E+00
   -0.6962866643E-02    0.3271370661E-01   -0.3481519557E+00    0.0000000000E+00    0.0000000000E+00
    0.4933455109E-02   -0.2290139335E-01    0.2429151654E+00    0.0000000000E+00    0.0000000000E+00
   -0.3427620967E-02    0.1574893246E-01   -0.1671250120E+00    0.0000000000E+00    0.0000000000E+00
    0.2415323420E-02   -0.1082647067E-01    0.1141294102E+00    0.0000000000E+00    0.0000000000E+00
   -0.1656948775E-02    0.7301363083E-02   -0.7734037395E-01    0.0000000000E+00    0.0000000000E+00
    0.1206545450E-02   -0.5037567122E-02    0.5243811804E-01    0.0000000000E+00    0.0000000000E+00
   -0.8411456438E-03    0.3374480005E-02   -0.3532838804E-01    0.0000000000E+00    0.0000000000E+00
    0.6441599614E-03   -0.2359342048E-02    0.2394078526E-01    0.0000000000E+00    0.0000000000E+00
   -0.4504414197E-03    0.1546760776E-02   -0.1605267307E-01    0.0000000000E+00    0.0000000000E+00
    0.3766988892E-03   -0.1125404471E-02    0.1094702824E-01    0.0000000000E+00    0.0000000000E+00
   -0.2900280613E-03    0.7733312310E-03   -0.7406758502E-02    0.0000000000E+00    0.0000000000E+00
    0.2385807604E-03   -0.5688001587E-03    0.5091428627E-02    0.0000000000E+00    0.0000000000E+00
   -0.1649381140E-03    0.3657763145E-03   -0.3435106544E-02    0.0000000000E+00    0.0000000000E+00
    0.1347694545E-03   -0.3024586295E-03    0.2468549510E-02    0.0000000000E+00    0.0000000000E+00
   -0.5967138630E-04    0.1646626643E-03   -0.1682254644E-02    0.0000000000E+00    0.0000000000E+00
    0.3365347658E-04   -0.1388857567E-03    0.1293310354E-02    0.0000000000E+00    0.0000000000E+00
    0.6622669648E-05    0.6224282152E-04   -0.9584711813E-03    0.0000000000E+00    0.0000000000E+00
   -0.8267007941E-05   -0.5782373383E-04    0.9304202099E-03    0.0000000000E+00    0.0000000000E+00
    0.3312118687E-04   -0.1105589350E-03   -0.4351614903E-03    0.0000000000E+00    0.0000000000E+00
    0.1051092514E-04    0.7284947923E-04    0.1385348122E-04    0.0000000000E+00    0.0000000000E+00
   -0.1868561286E-05   -0.7956074153E-05    0.4469575921E-04    0.0000000000E+00    0.0000000000E+00
    0.4951470225E-06    0.1763748306E-05   -0.1286290961E-04    0.0000000000E+00    0.0000000000E+00
   -0.1436097254E-06   -0.4649209905E-06    0.3736363842E-05    0.0000000000E+00    0.0000000000E+00
    0.4267626057E-07    0.1303447772E-06   -0.1096561364E-05    0.0000000000E+00    0.0000000000E+00
   -0.1267797588E-07   -0.3728989556E-07    0.3212037394E-06    0.0000000000E+00    0.0000000000E+00
    0.3711508664E-08    0.1064524231E-07   -0.9286256748E-07    0.0000000000E+00    0.0000000000E+00
   -0.1056426100E-08   -0.2978543161E-08    0.2616193258E-07    0.0000000000E+00    0.0000000000E+00
    0.2873224390E-09    0.8006062492E-09   -0.7058111501E-08    0.0000000000E+00    0.0000000000E+00
   -0.7277903792E-10   -0.2011483036E-09    0.1776741823E-08    0.0000000000E+00    0.0000000000E+00
    0.1649224496E-10    0.4532428861E-10   -0.4007305617E-09    0.0000000000E+00    0.0000000000E+00
   -0.3126815655E-11   -0.8559347395E-11    0.7570827203E-10    0.0000000000E+00    0.0000000000E+00
    0.4380425148E-12    0.1195801494E-11   -0.1057840634E-10    0.0000000000E+00    0.0000000000E+00
   -0.3363070031E-13   -0.9163110511E-13    0.8105909575E-12    0.0000000000E+00    0.0000000000E+00
 l,ispin:           3           2
 psi n=1,noccmax(l):
   -0.4936114177E-02    0.2349566899E-01   -0.2498347995E+00    0.0000000000E+00    0.0000000000E+00
    0.1350085973E-01   -0.6425333121E-01    0.6832833439E+00    0.0000000000E+00    0.0000000000E+00
   -0.2024343678E-01    0.9628110098E-01   -0.1023731576E+01    0.0000000000E+00    0.0000000000E+00
    0.2244461597E-01   -0.1065974229E+00    0.1132815662E+01    0.0000000000E+00    0.0000000000E+00
   -0.2080803989E-01    0.9866530480E-01   -0.1048060747E+01    0.0000000000E+00    0.0000000000E+00
    0.1722781660E-01   -0.8158121715E-01    0.8666736994E+00    0.0000000000E+00    0.0000000000E+00
   -0.1327676015E-01    0.6275024463E-01   -0.6667493476E+00    0.0000000000E+00    0.0000000000E+00
    0.9812682042E-02   -0.4613293292E-01    0.4894947268E+00    0.0000000000E+00    0.0000000000E+00
   -0.6962866643E-02    0.3271370661E-01   -0.3481519557E+00    0.0000000000E+00    0.0000000000E+00
    0.4933455109E-02   -0.2290139335E-01    0.2429151654E+00    0.0000000000E+00    0.0000000000E+00
   -0.3427620967E-02    0.1574893246E-01   -0.1671250120E+00    0.0000000000E+00    0.0000000000E+00
    0.2415323420E-02   -0.1082647067E-01    0.1141294102E+00    0.0000000000E+00    0.0000000000E+00
   -0.1656948775E-02    0.7301363083E-02   -0.7734037395E-01    0.0000000000E+00    0.0000000000E+00
    0.1206545450E-02   -0.5037567122E-02    0.5243811804E-01    0.0000000000E+00    0.0000000000E+00
   -0.8411456438E-03    0.3374480005E-02   -0.3532838804E-01    0.0000000000E+00    0.0000000000E+00
    0.6441599614E-03   -0.2359342048E-02    0.2394078526E-01    0.0000000000E+00    0.0000000000E+00
   -0.4504414197E-03    0.1546760776E-02   -0.1605267307E-01    0.0000000000E+00    0.0000000000E+00
    0.3766988892E-03   -0.1125404471E-02    0.1094702824E-01    0.0000000000E+00    0.0000000000E+00
   -0.2900280613E-03    0.7733312310E-03   -0.7406758502E-02    0.0000000000E+00    0.0000000000E+00
    0.2385807604E-03   -0.5688001587E-03    0.5091428627E-02    0.0000000000E+00    0.0000000000E+00
   -0.1649381140E-03    0.3657763145E-03   -0.3435106544E-02    0.0000000000E+00    0.0000000000E+00
    0.1347694545E-03   -0.3024586295E-03    0.2468549510E-02    0.0000000000E+00    0.0000000000E+00
   -0.5967138630E-04    0.1646626643E-03   -0.1682254644E-02    0.0000000000E+00    0.0000000000E+00
    0.3365347658E-04   -0.1388857567E-03    0.1293310354E-02    0.0000000000E+00    0.0000000000E+00
    0.6622669648E-05    0.6224282152E-04   -0.9584711813E-03    0.0000000000E+00    0.0000000000E+00
   -0.8267007941E-05   -0.5782373383E-04    0.9304202099E-03    0.0000000000E+00    0.0000000000E+00
    0.3312118687E-04   -0.1105589350E-03   -0.4351614903E-03    0.0000000000E+00    0.0000000000E+00
    0.1051092514E-04    0.7284947923E-04    0.1385348122E-04    0.0000000000E+00    0.0000000000E+00
   -0.1868561286E-05   -0.7956074153E-05    0.4469575921E-04    0.0000000000E+00    0.0000000000E+00
    0.4951470225E-06    0.1763748306E-05   -0.1286290961E-04    0.0000000000E+00    0.0000000000E+00
   -0.1436097254E-06   -0.4649209905E-06    0.3736363842E-05    0.0000000000E+00    0.0000000000E+00
    0.4267626057E-07    0.1303447772E-06   -0.1096561364E-05    0.0000000000E+00    0.0000000000E+00
   -0.1267797588E-07   -0.3728989556E-07    0.3212037394E-06    0.0000000000E+00    0.0000000000E+00
    0.3711508664E-08    0.1064524231E-07   -0.9286256748E-07    0.0000000000E+00    0.0000000000E+00
   -0.1056426100E-08   -0.2978543161E-08    0.2616193258E-07    0.0000000000E+00    0.0000000000E+00
    0.2873224390E-09    0.8006062492E-09   -0.7058111501E-08    0.0000000000E+00    0.0000000000E+00
   -0.7277903792E-10   -0.2011483036E-09    0.1776741823E-08    0.0000000000E+00    0.0000000000E+00
    0.1649224496E-10    0.4532428861E-10   -0.4007305617E-09    0.0000000000E+00    0.0000000000E+00
   -0.3126815655E-11   -0.8559347395E-11    0.7570827203E-10    0.0000000000E+00    0.0000000000E+00
    0.4380425148E-12    0.1195801494E-11   -0.1057840634E-10    0.0000000000E+00    0.0000000000E+00
   -0.3363070031E-13   -0.9163110511E-13    0.8105909575E-12    0.0000000000E+00    0.0000000000E+00
