   40             4.00000 ng, rij 
     2.720     5.440                                       rcov,rprb 
 r                           (non)relativistic calculation
 PBE                         XC-functional
 90.000 12.000    0.4900000000    0.4955786674E+02   -0.4672077083E+01    0.0000000000E+00    0.0000000000E+00  znuc,zion,rloc,gpot()
   3                                                       lpx, (Projectors for l=0..lpx)
    0.4771922654   -0.1546090239E+01    0.6055223889E+00    0.7951794781E-01    0.5295074860E+00   -0.1367182450E+01    0.1085167428E+01  r_l(),hsep(), so=+0.5
    0.4032510651    0.6617536658E+01   -0.1194812336E+02    0.2381093758E+02    0.5810578695E+01   -0.1375033886E+02    0.9772438871E+01  r_l(),hsep(), so=+0.5
   -0.5190441363E+00   -0.1422414010E+01    0.3825035304E+01    0.1286611753E+01   -0.3044679113E+01    0.2163869620E+01         hsep(), so=-0.5
    0.7674689437    0.2482589166E+00    0.5937107102E+00   -0.6732046672E+00    0.0000000000E+00   -0.0000000000E+00    0.0000000000E+00  r_l(),hsep(), so=+0.5
    0.1612908037E+00    0.5856302932E+00   -0.6640423354E+00    0.0000000000E+00   -0.0000000000E+00    0.0000000000E+00         hsep(), so=-0.5
    0.3293256153   -0.1647902671E+02   -0.0000000000E+00    0.0000000000E+00    0.0000000000E+00   -0.0000000000E+00    0.0000000000E+00  r_l(),hsep(), so=+0.5
   -0.1658995876E+02   -0.0000000000E+00    0.0000000000E+00    0.0000000000E+00   -0.0000000000E+00    0.0000000000E+00         hsep(), so=-0.5
 ---------------------------------------------
 Additional information (last calculation):
 gaussian exponents:
 xp():   23.560409202383926        16.659725114535615        11.780204601191969        8.3298625572678091        5.8901023005959843        4.1649312786339054        2.9450511502979935        2.0824656393169532        1.4725255751489965        1.0412328196584766       0.73626278757449859       0.52061640982923851       0.36813139378724929       0.26030820491461926       0.18406569689362473       0.13015410245730968        9.2032848446812379E-002   6.5077051228654856E-002   4.6016424223406217E-002   3.2538525614327435E-002   2.3008212111703109E-002   1.6269262807163717E-002   1.1504106055851560E-002   8.1346314035818639E-003   5.7520530279257789E-003   4.0673157017909328E-003   2.8760265139628899E-003   2.0336578508954668E-003   1.4380132569814452E-003   1.0168289254477334E-003   7.1900662849072280E-004   5.0841446272386693E-004   3.5950331424536156E-004   2.5420723136193341E-004   1.7975165712268075E-004   1.2710361568096679E-004   8.9875828561340431E-005   6.3551807840483380E-005   4.4937914280670215E-005   3.1775903920241710E-005
 orbital coefficients (one orbital per column)
 l,ispin:           0           1
 psi n=1,noccmax(l):
   -0.1120509244E+00   -0.4212544730E-01   -0.2006046591E-01   -0.1829663619E-01    0.0000000000E+00    0.0000000000E+00    0.0000000000E+00   -0.2212838788E+00    0.6971144578E-01
    0.5935282811E+00    0.2254696818E+00    0.1069959357E+00    0.9797249528E-01    0.0000000000E+00    0.0000000000E+00    0.0000000000E+00    0.1004088532E+01   -0.3184247018E+00
   -0.1522381032E+01   -0.5865557597E+00   -0.2752588128E+00   -0.2545254865E+00    0.0000000000E+00    0.0000000000E+00    0.0000000000E+00   -0.2390073314E+01    0.7631529628E+00
    0.2274407858E+01    0.8933850673E+00    0.4031922514E+00    0.3841690311E+00    0.0000000000E+00    0.0000000000E+00    0.0000000000E+00    0.3885420762E+01   -0.1245469047E+01
   -0.1334308172E+01   -0.5378974648E+00   -0.1753327714E+00   -0.2125426410E+00    0.0000000000E+00    0.0000000000E+00    0.0000000000E+00   -0.4567345022E+01    0.1449277654E+01
   -0.2463707755E+01   -0.1020603366E+01   -0.6929726754E+00   -0.5117185153E+00    0.0000000000E+00    0.0000000000E+00    0.0000000000E+00    0.3936394433E+01   -0.1162317779E+01
    0.5793255848E+01    0.2398033958E+01    0.1477538260E+01    0.1163751194E+01    0.0000000000E+00    0.0000000000E+00    0.0000000000E+00   -0.3457030409E+01    0.8706200431E+00
   -0.2389881557E+01   -0.6057017114E+00   -0.5855340653E+00   -0.3517954432E+00    0.0000000000E+00    0.0000000000E+00    0.0000000000E+00    0.4024803668E+01   -0.1125607394E+01
   -0.9317361845E-02   -0.8965466684E+00   -0.1648125307E+00   -0.3413914858E+00    0.0000000000E+00    0.0000000000E+00    0.0000000000E+00   -0.2323374111E+01    0.7971491522E+00
   -0.4603958777E+01   -0.1295070205E+01   -0.1076533809E+01   -0.7196904961E+00    0.0000000000E+00    0.0000000000E+00    0.0000000000E+00   -0.1001281537E+01    0.3232413984E+00
    0.2833566663E+01    0.6333036529E+00    0.8230688453E+00    0.4859990416E+00    0.0000000000E+00    0.0000000000E+00    0.0000000000E+00    0.3653089881E-01   -0.2243596025E-01
   -0.1557651858E+01   -0.7377217121E-01   -0.6350895104E+00   -0.3222322221E+00    0.0000000000E+00    0.0000000000E+00    0.0000000000E+00    0.2452891905E+00   -0.1135720056E+00
    0.2588628615E+01    0.9200176037E+00    0.1239022554E+01    0.8877106601E+00    0.0000000000E+00    0.0000000000E+00    0.0000000000E+00    0.4722692736E+00   -0.1799774214E+00
   -0.9165004042E+00    0.1567366583E+00   -0.7497598944E+00   -0.5052258832E+00    0.0000000000E+00    0.0000000000E+00    0.0000000000E+00    0.1910374415E+00   -0.1333558070E+00
    0.1193080325E+01   -0.5221703235E-02    0.8050511112E+00    0.6088669889E+00    0.0000000000E+00    0.0000000000E+00    0.0000000000E+00    0.1615099417E+00    0.3834620941E-01
   -0.6771950629E+00    0.5509721971E+00   -0.9280883291E-01    0.1146168759E+00    0.0000000000E+00    0.0000000000E+00    0.0000000000E+00    0.3327490922E-01   -0.1811051380E+00
    0.5243109910E+00   -0.4875807602E+00   -0.4156176380E+00   -0.8032565294E+00    0.0000000000E+00    0.0000000000E+00    0.0000000000E+00    0.2857138150E-01    0.1189238659E+00
   -0.3627097257E+00    0.9058970364E-01    0.4971750417E+00    0.1250443600E+01    0.0000000000E+00    0.0000000000E+00    0.0000000000E+00   -0.5725515765E-02   -0.3932057760E-01
    0.2507383062E+00   -0.2104974017E+00   -0.5583913649E+00   -0.1722303406E+01    0.0000000000E+00    0.0000000000E+00    0.0000000000E+00    0.5479505129E-02    0.3546784992E-01
   -0.1704205165E+00   -0.4082576273E-01    0.5463449470E-02    0.1210330789E+01    0.0000000000E+00    0.0000000000E+00    0.0000000000E+00   -0.3023894586E-02    0.1039461346E-01
    0.1140217069E+00   -0.6379181144E-01   -0.1572240040E+00   -0.1587307384E+01    0.0000000000E+00    0.0000000000E+00    0.0000000000E+00    0.1729914206E-02    0.1742957136E-01
   -0.7508649622E-01    0.9649327312E-02    0.5264933453E-01    0.1154858170E+01    0.0000000000E+00    0.0000000000E+00    0.0000000000E+00   -0.9628642956E-03    0.2877571187E-02
    0.4865856581E-01   -0.9870005978E-02    0.1892794201E+00    0.8220469764E+00    0.0000000000E+00    0.0000000000E+00    0.0000000000E+00    0.5237575172E-03    0.2106742582E-02
   -0.3102095943E-01    0.5874525139E-02    0.8130421792E-02   -0.1085230303E+01    0.0000000000E+00    0.0000000000E+00    0.0000000000E+00   -0.2785154795E-03   -0.8450053837E-03
    0.1944849531E-01   -0.3467276032E-02   -0.8198047769E-02    0.3672368498E+00    0.0000000000E+00    0.0000000000E+00    0.0000000000E+00    0.1448401051E-03    0.4099401053E-03
   -0.1198529578E-01    0.2013883275E-02    0.5575225128E-02   -0.1614818997E+00    0.0000000000E+00    0.0000000000E+00    0.0000000000E+00   -0.7370289905E-04   -0.1983404617E-03
    0.7255992646E-02   -0.1150458793E-02   -0.3434930931E-02    0.7813753727E-01    0.0000000000E+00    0.0000000000E+00    0.0000000000E+00    0.3672295527E-04    0.9443798544E-04
   -0.4312444616E-02    0.6465229061E-03    0.2009831197E-02   -0.3939451750E-01    0.0000000000E+00    0.0000000000E+00    0.0000000000E+00   -0.1792943540E-04   -0.4421018669E-04
    0.2513751365E-02   -0.3575220116E-03   -0.1136091563E-02    0.2021360371E-01    0.0000000000E+00    0.0000000000E+00    0.0000000000E+00    0.8582647415E-05    0.2036955851E-04
   -0.1435188319E-02    0.1945117171E-03    0.6253489998E-03   -0.1042680507E-01    0.0000000000E+00    0.0000000000E+00    0.0000000000E+00   -0.4028632454E-05   -0.9243813698E-05
    0.8009193153E-03   -0.1039865155E-03   -0.3362638576E-03    0.5363228424E-02    0.0000000000E+00    0.0000000000E+00    0.0000000000E+00    0.1852985189E-05    0.4130148314E-05
   -0.4354644097E-03    0.5447054560E-04    0.1765881556E-03   -0.2731247580E-02    0.0000000000E+00    0.0000000000E+00    0.0000000000E+00   -0.8334573245E-06   -0.1813113366E-05
    0.2294969465E-03   -0.2781483828E-04   -0.9023854861E-04    0.1366093157E-02    0.0000000000E+00    0.0000000000E+00    0.0000000000E+00    0.3651274638E-06    0.7786468894E-06
   -0.1163038375E-03    0.1373150704E-04    0.4453966657E-04   -0.6642100834E-03    0.0000000000E+00    0.0000000000E+00    0.0000000000E+00   -0.1547174641E-06   -0.3247000008E-06
    0.5598518680E-04   -0.6470395874E-05   -0.2097430863E-04    0.3094934640E-03    0.0000000000E+00    0.0000000000E+00    0.0000000000E+00    0.6270455322E-07    0.1299382407E-06
   -0.2512446205E-04    0.2854478631E-05    0.9245869365E-05   -0.1354163972E-03    0.0000000000E+00    0.0000000000E+00    0.0000000000E+00   -0.2388426498E-07   -0.4900593136E-07
    0.1021655490E-04   -0.1145155066E-05   -0.3706379378E-05    0.5399888732E-04    0.0000000000E+00    0.0000000000E+00    0.0000000000E+00    0.8321189320E-08    0.1694336140E-07
   -0.3602190461E-05    0.3995260054E-06    0.1292191497E-05   -0.1875615918E-04    0.0000000000E+00    0.0000000000E+00    0.0000000000E+00   -0.2541067804E-08   -0.5143858204E-08
    0.1025406406E-05   -0.1128077959E-06   -0.3646373667E-06    0.5278781816E-05    0.0000000000E+00    0.0000000000E+00    0.0000000000E+00    0.6342566439E-09    0.1278235583E-08
   -0.2072264120E-06    0.2265628375E-07    0.7319762818E-07   -0.1057693051E-05    0.0000000000E+00    0.0000000000E+00    0.0000000000E+00   -0.1139419391E-09   -0.2288655307E-09
    0.2197165728E-07   -0.2390922299E-08   -0.7721522670E-08    0.1114274923E-06    0.0000000000E+00    0.0000000000E+00    0.0000000000E+00    0.1089872726E-10    0.2183690574E-10
 l,ispin:           1           1
 psi n=1,noccmax(l):
   -0.2212838788E+00    0.6971144578E-01    0.4612140247E-01    0.4732656009E-01    0.0000000000E+00    0.0000000000E+00    0.0000000000E+00    0.1570359377E+00   -0.6407214444E-01
    0.1004088532E+01   -0.3184247018E+00   -0.2112922014E+00   -0.2161398055E+00    0.0000000000E+00    0.0000000000E+00    0.0000000000E+00   -0.5923825164E+00    0.2444849887E+00
   -0.2390073314E+01    0.7631529628E+00    0.5073565536E+00    0.5184030138E+00    0.0000000000E+00    0.0000000000E+00    0.0000000000E+00    0.1219085219E+01   -0.5098323467E+00
    0.3885420762E+01   -0.1245469047E+01   -0.8262414752E+00   -0.8485675498E+00    0.0000000000E+00    0.0000000000E+00    0.0000000000E+00   -0.1794608473E+01    0.7604719841E+00
   -0.4567345022E+01    0.1449277654E+01    0.9474742815E+00    0.9949424030E+00    0.0000000000E+00    0.0000000000E+00    0.0000000000E+00    0.1996403283E+01   -0.8539212324E+00
    0.3936394433E+01   -0.1162317779E+01   -0.7182919017E+00   -0.8079038039E+00    0.0000000000E+00    0.0000000000E+00    0.0000000000E+00   -0.1535262792E+01    0.6513972450E+00
   -0.3457030409E+01    0.8706200431E+00    0.4834559971E+00    0.6010657273E+00    0.0000000000E+00    0.0000000000E+00    0.0000000000E+00    0.7369134126E+00   -0.2806869841E+00
    0.4024803668E+01   -0.1125607394E+01   -0.6624080998E+00   -0.7783835602E+00    0.0000000000E+00    0.0000000000E+00    0.0000000000E+00   -0.7778581445E+00    0.2866921326E+00
   -0.2323374111E+01    0.7971491522E+00    0.4516222860E+00    0.6034572051E+00    0.0000000000E+00    0.0000000000E+00    0.0000000000E+00    0.9715827523E+00   -0.4065359060E+00
   -0.1001281537E+01    0.3232413984E+00    0.3480191796E+00    0.1368580459E+00    0.0000000000E+00    0.0000000000E+00    0.0000000000E+00   -0.1844006857E+00    0.6927974213E-01
    0.3653089881E-01   -0.2243596025E-01   -0.1416388279E+00    0.4009512273E-01    0.0000000000E+00    0.0000000000E+00    0.0000000000E+00    0.1316407712E+00   -0.3887833849E-01
    0.2452891905E+00   -0.1135720056E+00    0.4550346798E-01   -0.1165286950E+00    0.0000000000E+00    0.0000000000E+00    0.0000000000E+00   -0.7967902638E-01    0.3818064493E-01
    0.4722692736E+00   -0.1799774214E+00   -0.2686039714E+00   -0.1130529787E+00    0.0000000000E+00    0.0000000000E+00    0.0000000000E+00   -0.6189838576E-01    0.2573161148E-01
    0.1910374415E+00   -0.1333558070E+00    0.4176860395E-01   -0.7930155604E-01    0.0000000000E+00    0.0000000000E+00    0.0000000000E+00   -0.9233659443E-01    0.4898625140E-01
    0.1615099417E+00    0.3834620941E-01   -0.9902486974E-01    0.1026060507E-01    0.0000000000E+00    0.0000000000E+00    0.0000000000E+00   -0.2603691168E-01   -0.4691304908E-02
    0.3327490922E-01   -0.1811051380E+00   -0.5946179192E-01   -0.1721551238E+00    0.0000000000E+00    0.0000000000E+00    0.0000000000E+00   -0.3142827336E-01    0.3505056663E-01
    0.2857138150E-01    0.1189238659E+00    0.7988982333E-01    0.2222060332E+00    0.0000000000E+00    0.0000000000E+00    0.0000000000E+00   -0.1387864195E-01   -0.8035785999E-02
   -0.5725515765E-02   -0.3932057760E-01   -0.6094588290E-01   -0.2385206610E+00    0.0000000000E+00    0.0000000000E+00    0.0000000000E+00   -0.5258075604E-02    0.6453844245E-02
    0.5479505129E-02    0.3546784992E-01    0.6194606776E-01    0.2651981282E+00    0.0000000000E+00    0.0000000000E+00    0.0000000000E+00   -0.2915541680E-02    0.1196953235E-02
   -0.3023894586E-02    0.1039461346E-01    0.1841719460E-01   -0.1590966083E+00    0.0000000000E+00    0.0000000000E+00    0.0000000000E+00   -0.7371961929E-03   -0.1247435378E-02
    0.1729914206E-02    0.1742957136E-01    0.1607559753E-01    0.2097553993E+00    0.0000000000E+00    0.0000000000E+00    0.0000000000E+00   -0.2516063428E-03   -0.1377277699E-02
   -0.9628642956E-03    0.2877571187E-02    0.1587358094E-01   -0.1152423587E+00    0.0000000000E+00    0.0000000000E+00    0.0000000000E+00    0.3238854386E-05   -0.1516834125E-02
    0.5237575172E-03    0.2106742582E-02   -0.3271936931E-01   -0.9879430961E-01    0.0000000000E+00    0.0000000000E+00    0.0000000000E+00   -0.1078901432E-04   -0.8176941728E-03
   -0.2785154795E-03   -0.8450053837E-03   -0.1498072492E-03    0.9875387753E-01    0.0000000000E+00    0.0000000000E+00    0.0000000000E+00    0.4690912875E-05    0.1024141634E-03
    0.1448401051E-03    0.4099401053E-03    0.1027753104E-03   -0.2797788060E-01    0.0000000000E+00    0.0000000000E+00    0.0000000000E+00   -0.1990455944E-05   -0.3309792075E-04
   -0.7370289905E-04   -0.1983404617E-03   -0.4916227377E-04    0.1024503209E-01    0.0000000000E+00    0.0000000000E+00    0.0000000000E+00    0.8215355647E-06    0.1206226333E-04
    0.3672295527E-04    0.9443798544E-04    0.2349868512E-04   -0.4120906573E-02    0.0000000000E+00    0.0000000000E+00    0.0000000000E+00   -0.3311328738E-06   -0.4523063660E-05
   -0.1792943540E-04   -0.4421018669E-04   -0.1114775072E-04    0.1728029587E-02    0.0000000000E+00    0.0000000000E+00    0.0000000000E+00    0.1307904192E-06    0.1703872386E-05
    0.8582647415E-05    0.2036955851E-04    0.5204934748E-05   -0.7387097129E-03    0.0000000000E+00    0.0000000000E+00    0.0000000000E+00   -0.5076280043E-07   -0.6398012507E-06
   -0.4028632454E-05   -0.9243813698E-05   -0.2386410897E-05    0.3181782322E-03    0.0000000000E+00    0.0000000000E+00    0.0000000000E+00    0.1939422512E-07    0.2386854388E-06
    0.1852985189E-05    0.4130148314E-05    0.1073838666E-05   -0.1370147697E-03    0.0000000000E+00    0.0000000000E+00    0.0000000000E+00   -0.7296823363E-08   -0.8825210872E-07
   -0.8334573245E-06   -0.1813113366E-05   -0.4735701064E-06    0.5858982752E-04    0.0000000000E+00    0.0000000000E+00    0.0000000000E+00    0.2700001827E-08    0.3224004052E-07
    0.3651274638E-06    0.7786468894E-06    0.2039453635E-06   -0.2469349179E-04    0.0000000000E+00    0.0000000000E+00    0.0000000000E+00   -0.9791307606E-09   -0.1158187807E-07
   -0.1547174641E-06   -0.3247000008E-06   -0.8518406022E-07    0.1015965604E-04    0.0000000000E+00    0.0000000000E+00    0.0000000000E+00    0.3457462171E-09    0.4061482093E-08
    0.6270455322E-07    0.1299382407E-06    0.3411869674E-07   -0.4026610806E-05    0.0000000000E+00    0.0000000000E+00    0.0000000000E+00   -0.1176256660E-09   -0.1374731912E-08
   -0.2388426498E-07   -0.4900593136E-07   -0.1287322078E-07    0.1508137674E-05    0.0000000000E+00    0.0000000000E+00    0.0000000000E+00    0.3791491153E-10    0.4414747650E-09
    0.8321189320E-08    0.1694336140E-07    0.4451510901E-08   -0.5188376052E-06    0.0000000000E+00    0.0000000000E+00    0.0000000000E+00   -0.1128100944E-10   -0.1309964909E-09
   -0.2541067804E-08   -0.5143858204E-08   -0.1351462725E-08    0.1569534838E-06    0.0000000000E+00    0.0000000000E+00    0.0000000000E+00    0.2972880154E-11    0.3445289506E-10
    0.6342566439E-09    0.1278235583E-08    0.3358168909E-09   -0.3890287522E-07    0.0000000000E+00    0.0000000000E+00    0.0000000000E+00   -0.6480248494E-12   -0.7499149749E-11
   -0.1139419391E-09   -0.2288655307E-09   -0.6012239176E-10    0.6952727530E-08    0.0000000000E+00    0.0000000000E+00    0.0000000000E+00    0.1030314793E-12    0.1191062978E-11
    0.1089872726E-10    0.2183690574E-10    0.5735998315E-11   -0.6625159092E-09    0.0000000000E+00    0.0000000000E+00    0.0000000000E+00   -0.8849852425E-14   -0.1022283044E-12
 l,ispin:           1           2
 psi n=1,noccmax(l):
   -0.2997363344E+00   -0.8959003298E-01   -0.5385295448E-01   -0.5291622489E-01    0.0000000000E+00    0.0000000000E+00    0.0000000000E+00   -0.1744188561E+00   -0.6614815331E-01
    0.1373537266E+01    0.4146061896E+00    0.2500881580E+00    0.2449037276E+00    0.0000000000E+00    0.0000000000E+00    0.0000000000E+00    0.6623954708E+00    0.2543587591E+00
   -0.3307913742E+01   -0.1009443588E+01   -0.6106284274E+00   -0.5968011489E+00    0.0000000000E+00    0.0000000000E+00    0.0000000000E+00   -0.1374671524E+01   -0.5353775002E+00
    0.5439109601E+01    0.1674991591E+01    0.1013122988E+01    0.9930133260E+00    0.0000000000E+00    0.0000000000E+00    0.0000000000E+00    0.2043202897E+01    0.8067724344E+00
   -0.6362347580E+01   -0.1954357958E+01   -0.1170296187E+01   -0.1166748755E+01    0.0000000000E+00    0.0000000000E+00    0.0000000000E+00   -0.2295698755E+01   -0.9150461761E+00
    0.4654296807E+01    0.1328522723E+01    0.7488320775E+00    0.8093023434E+00    0.0000000000E+00    0.0000000000E+00    0.0000000000E+00    0.1776631711E+01    0.7017966792E+00
   -0.1487634439E+01   -0.1445037653E+00    0.3275160737E-01   -0.1133674511E+00    0.0000000000E+00    0.0000000000E+00    0.0000000000E+00   -0.8154743354E+00   -0.2861013266E+00
    0.1613129570E+01    0.2349796193E+00    0.1914994569E-01    0.1694454581E+00    0.0000000000E+00    0.0000000000E+00    0.0000000000E+00    0.8067768621E+00    0.2705478966E+00
   -0.2963906285E+01   -0.9881278067E+00   -0.5207541450E+00   -0.6377571072E+00    0.0000000000E+00    0.0000000000E+00    0.0000000000E+00   -0.1089350557E+01   -0.4240892547E+00
   -0.1846881869E+00   -0.5277421982E-01   -0.1496219198E+00    0.2757383396E-01    0.0000000000E+00    0.0000000000E+00    0.0000000000E+00    0.2149068054E+00    0.7412413608E-01
    0.2441393381E+00    0.1260644845E+00    0.2069130157E+00    0.3692236641E-01    0.0000000000E+00    0.0000000000E+00    0.0000000000E+00   -0.1247417562E+00   -0.2959773958E-01
    0.5593533733E+00    0.2285547705E+00    0.2067000629E-01    0.1590719521E+00    0.0000000000E+00    0.0000000000E+00    0.0000000000E+00    0.1073315741E+00    0.4601562745E-01
    0.4484020188E+00    0.2105479855E+00    0.2822486799E+00    0.1405849758E+00    0.0000000000E+00    0.0000000000E+00    0.0000000000E+00    0.7421538560E-01    0.3053982111E-01
    0.2005542403E+00    0.1017867589E+00   -0.8546493845E-01    0.1754874522E-01    0.0000000000E+00    0.0000000000E+00    0.0000000000E+00    0.9830646568E-01    0.4780484189E-01
    0.1085508969E+00   -0.2180187872E-01    0.1350408711E+00    0.5061090193E-01    0.0000000000E+00    0.0000000000E+00    0.0000000000E+00    0.2802391589E-01   -0.3891363076E-02
    0.1953741223E-01    0.1329902879E+00   -0.1304701355E-01    0.6368144658E-01    0.0000000000E+00    0.0000000000E+00    0.0000000000E+00    0.3245966554E-01    0.3453783326E-01
    0.1202874051E-01   -0.1259504975E+00   -0.5984585428E-01   -0.1584084180E+00    0.0000000000E+00    0.0000000000E+00    0.0000000000E+00    0.1260807963E-01   -0.9358410702E-02
   -0.3391789405E-02    0.2880796919E-01    0.4159325576E-01    0.1726918558E+00    0.0000000000E+00    0.0000000000E+00    0.0000000000E+00    0.5269691982E-02    0.6451449825E-02
    0.2505063442E-02   -0.4447425270E-01   -0.6917653008E-01   -0.2361347399E+00    0.0000000000E+00    0.0000000000E+00    0.0000000000E+00    0.2392222861E-02    0.5241039413E-03
   -0.1454880573E-02   -0.7773212491E-02   -0.1014657388E-01    0.1425568674E+00    0.0000000000E+00    0.0000000000E+00    0.0000000000E+00    0.6439343019E-03   -0.1384879430E-02
    0.8330406321E-03   -0.1556206456E-01   -0.1488070934E-01   -0.1832154163E+00    0.0000000000E+00    0.0000000000E+00    0.0000000000E+00    0.1572321006E-03   -0.1523175394E-02
   -0.4652711557E-03    0.5890313131E-04   -0.3956499536E-03    0.1471320450E+00    0.0000000000E+00    0.0000000000E+00    0.0000000000E+00    0.4869322874E-05   -0.1480042643E-02
    0.2540070783E-03   -0.1901741156E-02    0.2559672631E-01    0.4408419348E-01    0.0000000000E+00    0.0000000000E+00    0.0000000000E+00    0.3186078564E-05   -0.7448415781E-03
   -0.1356797714E-03    0.9078969691E-03   -0.8035444542E-03   -0.7393821527E-01    0.0000000000E+00    0.0000000000E+00    0.0000000000E+00   -0.1391753249E-05    0.9806827324E-04
    0.7095694457E-04   -0.4537756960E-03    0.1988902850E-03    0.2160729021E-01    0.0000000000E+00    0.0000000000E+00    0.0000000000E+00    0.5895662763E-06   -0.3207943408E-04
   -0.3634995565E-04    0.2224843261E-03   -0.6309270875E-04   -0.8007069199E-02    0.0000000000E+00    0.0000000000E+00    0.0000000000E+00   -0.2427386943E-06    0.1176248413E-04
    0.1824870749E-04   -0.1067893477E-03    0.2169864555E-04    0.3240832781E-02    0.0000000000E+00    0.0000000000E+00    0.0000000000E+00    0.9766674796E-07   -0.4426443225E-05
   -0.8981189271E-05    0.5027061193E-04   -0.7793707765E-05   -0.1364172523E-02    0.0000000000E+00    0.0000000000E+00    0.0000000000E+00   -0.3853747441E-07    0.1671262641E-05
    0.4333910102E-05   -0.2325595964E-04    0.2893482779E-05    0.5846476822E-03    0.0000000000E+00    0.0000000000E+00    0.0000000000E+00    0.1495060302E-07   -0.6285013027E-06
   -0.2050050083E-05    0.1058572411E-04   -0.1104899934E-05   -0.2522663430E-03    0.0000000000E+00    0.0000000000E+00    0.0000000000E+00   -0.5711411539E-08    0.2347097499E-06
    0.9496411232E-06   -0.4740537241E-05    0.4315649136E-06    0.1087688533E-03    0.0000000000E+00    0.0000000000E+00    0.0000000000E+00    0.2149051054E-08   -0.8684332949E-07
   -0.4298389165E-06    0.2084661906E-05   -0.1710810291E-06   -0.4655381136E-04    0.0000000000E+00    0.0000000000E+00    0.0000000000E+00   -0.7953496069E-09    0.3174094258E-07
    0.1893306686E-06   -0.8964266312E-06    0.6812074936E-07    0.1963373390E-04    0.0000000000E+00    0.0000000000E+00    0.0000000000E+00    0.2884882630E-09   -0.1140648897E-07
   -0.8059159424E-07    0.3741787087E-06   -0.2688724549E-07   -0.8081807156E-05    0.0000000000E+00    0.0000000000E+00    0.0000000000E+00   -0.1018910113E-09    0.4000937997E-08
    0.3278447596E-07   -0.1498474616E-06    0.1034431802E-07    0.3204212639E-05    0.0000000000E+00    0.0000000000E+00    0.0000000000E+00    0.3467064312E-10   -0.1354467359E-08
   -0.1252517316E-07    0.5654521387E-07   -0.3794056252E-08   -0.1200420482E-05    0.0000000000E+00    0.0000000000E+00    0.0000000000E+00   -0.1117735269E-10    0.4350187074E-09
    0.4374101733E-08   -0.1955783458E-07    0.1286314878E-08    0.4130516278E-06    0.0000000000E+00    0.0000000000E+00    0.0000000000E+00    0.3326086611E-11   -0.1290915987E-09
   -0.1338213590E-08    0.5939346110E-08   -0.3852060988E-09   -0.1249689932E-06    0.0000000000E+00    0.0000000000E+00    0.0000000000E+00   -0.8766138469E-12    0.3395389368E-10
    0.3344997903E-09   -0.1476233430E-08    0.9481511991E-10    0.3097814064E-07    0.0000000000E+00    0.0000000000E+00    0.0000000000E+00    0.1910988802E-12   -0.7390841543E-11
   -0.6015736713E-10    0.2643587995E-09   -0.1686447166E-10   -0.5536808231E-08    0.0000000000E+00    0.0000000000E+00    0.0000000000E+00   -0.3038532396E-13    0.1173895078E-11
    0.5758897689E-11   -0.2522638651E-10    0.1601725713E-11    0.5276217519E-09    0.0000000000E+00    0.0000000000E+00    0.0000000000E+00    0.2610062328E-14   -0.1007568689E-12
 l,ispin:           2           1
 psi n=1,noccmax(l):
    0.1570359377E+00   -0.6407214444E-01   -0.5306047278E-01   -0.7836671773E-01    0.0000000000E+00    0.0000000000E+00    0.0000000000E+00    0.2278626070E+01
   -0.5923825164E+00    0.2444849887E+00    0.2058256480E+00    0.2949535428E+00    0.0000000000E+00    0.0000000000E+00    0.0000000000E+00   -0.6035832717E+01
    0.1219085219E+01   -0.5098323467E+00   -0.4366093721E+00   -0.6071641034E+00    0.0000000000E+00    0.0000000000E+00    0.0000000000E+00    0.8160824560E+01
   -0.1794608473E+01    0.7604719841E+00    0.6603749889E+00    0.8991525717E+00    0.0000000000E+00    0.0000000000E+00    0.0000000000E+00   -0.6804510899E+01
    0.1996403283E+01   -0.8539212324E+00   -0.7439488370E+00   -0.1018313610E+01    0.0000000000E+00    0.0000000000E+00    0.0000000000E+00    0.3200953450E+01
   -0.1535262792E+01    0.6513972450E+00    0.5489677684E+00    0.8190604059E+00    0.0000000000E+00    0.0000000000E+00    0.0000000000E+00   -0.1643952480E+01
    0.7369134126E+00   -0.2806869841E+00   -0.1890984954E+00   -0.4217431648E+00    0.0000000000E+00    0.0000000000E+00    0.0000000000E+00    0.2464792942E+01
   -0.7778581445E+00    0.2866921326E+00    0.1962685600E+00    0.3952108036E+00    0.0000000000E+00    0.0000000000E+00    0.0000000000E+00    0.4433035983E+01
    0.9715827523E+00   -0.4065359060E+00   -0.3333410541E+00   -0.5173770581E+00    0.0000000000E+00    0.0000000000E+00    0.0000000000E+00    0.3198939134E+00
   -0.1844006857E+00    0.6927974213E-01    0.2064550459E-01    0.1666266830E+00    0.0000000000E+00    0.0000000000E+00    0.0000000000E+00    0.1206090715E+01
    0.1316407712E+00   -0.3887833849E-01    0.5657862993E-02   -0.1078897280E+00    0.0000000000E+00    0.0000000000E+00    0.0000000000E+00    0.1721784997E+00
   -0.7967902638E-01    0.3818064493E-01    0.7883846838E-02    0.1053078698E+00    0.0000000000E+00    0.0000000000E+00    0.0000000000E+00    0.2529150216E+00
   -0.6189838576E-01    0.2573161148E-01    0.5071273147E-01   -0.2246646959E-01    0.0000000000E+00    0.0000000000E+00    0.0000000000E+00    0.2724502996E-01
   -0.9233659443E-01    0.4898625140E-01    0.2691936448E-01    0.8752182171E-01    0.0000000000E+00    0.0000000000E+00    0.0000000000E+00    0.4141561480E-01
   -0.2603691168E-01   -0.4691304908E-02    0.8711188224E-02   -0.4059345928E-01    0.0000000000E+00    0.0000000000E+00    0.0000000000E+00    0.9064419155E-03
   -0.3142827336E-01    0.3505056663E-01    0.2863712250E-01    0.7478988136E-01    0.0000000000E+00    0.0000000000E+00    0.0000000000E+00    0.6532740901E-02
   -0.1387864195E-01   -0.8035785999E-02   -0.7149518141E-02   -0.4907975178E-01    0.0000000000E+00    0.0000000000E+00    0.0000000000E+00   -0.4971833958E-03
   -0.5258075604E-02    0.6453844245E-02    0.6499003733E-02    0.4447871674E-01    0.0000000000E+00    0.0000000000E+00    0.0000000000E+00    0.8571991143E-03
   -0.2915541680E-02    0.1196953235E-02    0.2371491272E-02   -0.2975164031E-01    0.0000000000E+00    0.0000000000E+00    0.0000000000E+00   -0.1731072089E-03
   -0.7371961929E-03   -0.1247435378E-02   -0.6195391822E-02    0.1636010002E-01    0.0000000000E+00    0.0000000000E+00    0.0000000000E+00    0.1128476767E-03
   -0.2516063428E-03   -0.1377277699E-02    0.1699587170E-02   -0.1885561892E-01    0.0000000000E+00    0.0000000000E+00    0.0000000000E+00   -0.3781011746E-04
    0.3238854386E-05   -0.1516834125E-02   -0.8688008313E-02   -0.7219401621E-02    0.0000000000E+00    0.0000000000E+00    0.0000000000E+00    0.1547260324E-04
   -0.1078901432E-04   -0.8176941728E-03    0.4086777330E-02    0.2240330427E-01    0.0000000000E+00    0.0000000000E+00    0.0000000000E+00   -0.5801497119E-05
    0.4690912875E-05    0.1024141634E-03    0.8142533561E-03   -0.1141879656E-01    0.0000000000E+00    0.0000000000E+00    0.0000000000E+00    0.2121552753E-05
   -0.1990455944E-05   -0.3309792075E-04   -0.2221125994E-03    0.2504178873E-02    0.0000000000E+00    0.0000000000E+00    0.0000000000E+00   -0.7530897130E-06
    0.8215355647E-06    0.1206226333E-04    0.7127221127E-04   -0.7437222170E-03    0.0000000000E+00    0.0000000000E+00    0.0000000000E+00    0.2601094230E-06
   -0.3311328738E-06   -0.4523063660E-05   -0.2447807932E-04    0.2459135868E-03    0.0000000000E+00    0.0000000000E+00    0.0000000000E+00   -0.8770848951E-07
    0.1307904192E-06    0.1703872386E-05    0.8681493959E-05   -0.8528351388E-04    0.0000000000E+00    0.0000000000E+00    0.0000000000E+00    0.2897670627E-07
   -0.5076280043E-07   -0.6398012507E-06   -0.3127022723E-05    0.3026901248E-04    0.0000000000E+00    0.0000000000E+00    0.0000000000E+00   -0.9408595934E-08
    0.1939422512E-07    0.2386854388E-06    0.1133364809E-05   -0.1085854145E-04    0.0000000000E+00    0.0000000000E+00    0.0000000000E+00    0.3008893804E-08
   -0.7296823363E-08   -0.8825210872E-07   -0.4107012651E-06    0.3905897331E-05    0.0000000000E+00    0.0000000000E+00    0.0000000000E+00   -0.9485678978E-09
    0.2700001827E-08    0.3224004052E-07    0.1479392717E-06   -0.1399404058E-05    0.0000000000E+00    0.0000000000E+00    0.0000000000E+00    0.2945576567E-09
   -0.9791307606E-09   -0.1158187807E-07   -0.5262399331E-07    0.4958307899E-06    0.0000000000E+00    0.0000000000E+00    0.0000000000E+00   -0.8983904605E-10
    0.3457462171E-09    0.4061482093E-08    0.1832669954E-07   -0.1721788625E-06    0.0000000000E+00    0.0000000000E+00    0.0000000000E+00    0.2676022372E-10
   -0.1176256660E-09   -0.1374731912E-08   -0.6173156406E-08    0.5787400238E-07    0.0000000000E+00    0.0000000000E+00    0.0000000000E+00   -0.7710138088E-11
    0.3791491153E-10    0.4414747650E-09    0.1975658986E-08   -0.1849333781E-07    0.0000000000E+00    0.0000000000E+00    0.0000000000E+00    0.2115679582E-11
   -0.1128100944E-10   -0.1309964909E-09   -0.5848209095E-09    0.5468077120E-08    0.0000000000E+00    0.0000000000E+00    0.0000000000E+00   -0.5394604919E-12
    0.2972880154E-11    0.3445289506E-10    0.1535519580E-09   -0.1434527170E-08    0.0000000000E+00    0.0000000000E+00    0.0000000000E+00    0.1228543199E-12
   -0.6480248494E-12   -0.7499149749E-11   -0.3338300550E-10    0.3116867026E-09    0.0000000000E+00    0.0000000000E+00    0.0000000000E+00   -0.2337947341E-13
    0.1030314793E-12    0.1191062978E-11    0.5297667900E-11   -0.4944114622E-10    0.0000000000E+00    0.0000000000E+00    0.0000000000E+00    0.3284464223E-14
   -0.8849852425E-14   -0.1022283044E-12   -0.4544281682E-12    0.4239671932E-11    0.0000000000E+00    0.0000000000E+00    0.0000000000E+00   -0.2526918217E-15
 l,ispin:           2           2
 psi n=1,noccmax(l):
   -0.1744188561E+00   -0.6614815331E-01    0.5542607097E-01    0.8082630695E-01    0.0000000000E+00    0.0000000000E+00    0.0000000000E+00    0.2351874109E+01
    0.6623954708E+00    0.2543587591E+00   -0.2165455444E+00   -0.3059512075E+00    0.0000000000E+00    0.0000000000E+00    0.0000000000E+00   -0.6237387410E+01
   -0.1374671524E+01   -0.5353775002E+00    0.4633262748E+00    0.6342971689E+00    0.0000000000E+00    0.0000000000E+00    0.0000000000E+00    0.8452374819E+01
    0.2043202897E+01    0.8067724344E+00   -0.7076154032E+00   -0.9468571792E+00    0.0000000000E+00    0.0000000000E+00    0.0000000000E+00   -0.7084580189E+01
   -0.2295698755E+01   -0.9150461761E+00    0.8056388164E+00    0.1080618170E+01    0.0000000000E+00    0.0000000000E+00    0.0000000000E+00    0.3392679148E+01
    0.1776631711E+01    0.7017966792E+00   -0.6005563384E+00   -0.8717776891E+00    0.0000000000E+00    0.0000000000E+00    0.0000000000E+00   -0.1787367582E+01
   -0.8154743354E+00   -0.2861013266E+00    0.1979085769E+00    0.4321620270E+00    0.0000000000E+00    0.0000000000E+00    0.0000000000E+00    0.2592618612E+01
    0.8067768621E+00    0.2705478966E+00   -0.1842686682E+00   -0.3843194315E+00    0.0000000000E+00    0.0000000000E+00    0.0000000000E+00    0.4581196700E+01
   -0.1089350557E+01   -0.4240892547E+00    0.3527457734E+00    0.5376062850E+00    0.0000000000E+00    0.0000000000E+00    0.0000000000E+00    0.3573709672E+00
    0.2149068054E+00    0.7412413608E-01   -0.2752540506E-01   -0.1748703994E+00    0.0000000000E+00    0.0000000000E+00    0.0000000000E+00    0.1231378416E+01
   -0.1247417562E+00   -0.2959773958E-01   -0.1270230973E-01    0.1017808645E+00    0.0000000000E+00    0.0000000000E+00    0.0000000000E+00    0.1739450381E+00
    0.1073315741E+00    0.4601562745E-01   -0.1652680252E-01   -0.1147290925E+00    0.0000000000E+00    0.0000000000E+00    0.0000000000E+00    0.2540158182E+00
    0.7421538560E-01    0.3053982111E-01   -0.5463844069E-01    0.1890275723E-01    0.0000000000E+00    0.0000000000E+00    0.0000000000E+00    0.2587860745E-01
    0.9830646568E-01    0.4780484189E-01   -0.2596242111E-01   -0.8636557111E-01    0.0000000000E+00    0.0000000000E+00    0.0000000000E+00    0.4084214427E-01
    0.2802391589E-01   -0.3891363076E-02   -0.9774860748E-02    0.3897587565E-01    0.0000000000E+00    0.0000000000E+00    0.0000000000E+00    0.4993076159E-03
    0.3245966554E-01    0.3453783326E-01   -0.2774907886E-01   -0.7299345034E-01    0.0000000000E+00    0.0000000000E+00    0.0000000000E+00    0.6306618592E-02
    0.1260807963E-01   -0.9358410702E-02    0.8512890863E-02    0.4998123835E-01    0.0000000000E+00    0.0000000000E+00    0.0000000000E+00   -0.6045260938E-03
    0.5269691982E-02    0.6451449825E-02   -0.6920238243E-02   -0.4470039096E-01    0.0000000000E+00    0.0000000000E+00    0.0000000000E+00    0.8254335027E-03
    0.2392222861E-02    0.5241039413E-03   -0.9303032444E-03    0.3169275628E-01    0.0000000000E+00    0.0000000000E+00    0.0000000000E+00   -0.1897498872E-03
    0.6439343019E-03   -0.1384879430E-02    0.5806637888E-02   -0.1727679637E-01    0.0000000000E+00    0.0000000000E+00    0.0000000000E+00    0.1100556461E-03
    0.1572321006E-03   -0.1523175394E-02   -0.1044528865E-02    0.2045621049E-01    0.0000000000E+00    0.0000000000E+00    0.0000000000E+00   -0.3879558272E-04
    0.4869322874E-05   -0.1480042643E-02    0.7982553493E-02    0.4137723893E-02    0.0000000000E+00    0.0000000000E+00    0.0000000000E+00    0.1554729375E-04
    0.3186078564E-05   -0.7448415781E-03   -0.4101805261E-02   -0.2043814191E-01    0.0000000000E+00    0.0000000000E+00    0.0000000000E+00   -0.5846896311E-05
   -0.1391753249E-05    0.9806827324E-04   -0.6914496549E-03    0.1090231312E-01    0.0000000000E+00    0.0000000000E+00    0.0000000000E+00    0.2139550501E-05
    0.5895662763E-06   -0.3207943408E-04    0.1891890579E-03   -0.2431476891E-02    0.0000000000E+00    0.0000000000E+00    0.0000000000E+00   -0.7603056516E-06
   -0.2427386943E-06    0.1176248413E-04   -0.6065937521E-04    0.7276210409E-03    0.0000000000E+00    0.0000000000E+00    0.0000000000E+00    0.2629681149E-06
    0.9766674796E-07   -0.4426443225E-05    0.2081068778E-04   -0.2415996120E-03    0.0000000000E+00    0.0000000000E+00    0.0000000000E+00   -0.8880875638E-07
   -0.3853747441E-07    0.1671262641E-05   -0.7374585858E-05    0.8400200641E-04    0.0000000000E+00    0.0000000000E+00    0.0000000000E+00    0.2938512200E-07
    0.1495060302E-07   -0.6285013027E-06    0.2654746003E-05   -0.2986338588E-04    0.0000000000E+00    0.0000000000E+00    0.0000000000E+00   -0.9554736914E-08
   -0.5711411539E-08    0.2347097499E-06   -0.9618302352E-06    0.1072479075E-04    0.0000000000E+00    0.0000000000E+00    0.0000000000E+00    0.3059436313E-08
    0.2149051054E-08   -0.8684332949E-07    0.3484593133E-06   -0.3860657252E-05    0.0000000000E+00    0.0000000000E+00    0.0000000000E+00   -0.9655157228E-09
   -0.7953496069E-09    0.3174094258E-07   -0.1255008206E-06    0.1383901390E-05    0.0000000000E+00    0.0000000000E+00    0.0000000000E+00    0.3000785491E-09
    0.2884882630E-09   -0.1140648897E-07    0.4463846581E-07   -0.4905108222E-06    0.0000000000E+00    0.0000000000E+00    0.0000000000E+00   -0.9158591327E-10
   -0.1018910113E-09    0.4000937997E-08   -0.1554489839E-07    0.1703731632E-06    0.0000000000E+00    0.0000000000E+00    0.0000000000E+00    0.2729530874E-10
    0.3467064312E-10   -0.1354467359E-08    0.5235989230E-08   -0.5727681252E-07    0.0000000000E+00    0.0000000000E+00    0.0000000000E+00   -0.7867596064E-11
   -0.1117735269E-10    0.4350187074E-09   -0.1675703094E-08    0.1830468386E-07    0.0000000000E+00    0.0000000000E+00    0.0000000000E+00    0.2159576881E-11
    0.3326086611E-11   -0.1290915987E-09    0.4960266086E-09   -0.5412745632E-08    0.0000000000E+00    0.0000000000E+00    0.0000000000E+00   -0.5507868547E-12
   -0.8766138469E-12    0.3395389368E-10   -0.1302375825E-09    0.1420093655E-08    0.0000000000E+00    0.0000000000E+00    0.0000000000E+00    0.1254565399E-12
    0.1910988802E-12   -0.7390841543E-11    0.2831432981E-10   -0.3085632084E-09    0.0000000000E+00    0.0000000000E+00    0.0000000000E+00   -0.2387791785E-13
   -0.3038532396E-13    0.1173895078E-11   -0.4493305482E-11    0.4894707806E-10    0.0000000000E+00    0.0000000000E+00    0.0000000000E+00    0.3354824893E-14
    0.2610062328E-14   -0.1007568689E-12    0.3854313228E-12   -0.4197388516E-11    0.0000000000E+00    0.0000000000E+00    0.0000000000E+00   -0.2581241301E-15
 l,ispin:           3           1
 psi n=1,noccmax(l):
    0.2278626070E+01   -0.2890255068E+00   -0.3517425787E+00    0.2927909194E+00    0.0000000000E+00    0.0000000000E+00    0.0000000000E+00
   -0.6035832717E+01    0.7690324147E+00    0.9369751081E+00   -0.7727695752E+00    0.0000000000E+00    0.0000000000E+00    0.0000000000E+00
    0.8160824560E+01   -0.1051162954E+01   -0.1284081728E+01    0.1024798975E+01    0.0000000000E+00    0.0000000000E+00    0.0000000000E+00
   -0.6804510899E+01    0.9035231345E+00    0.1111418117E+01   -0.7907833288E+00    0.0000000000E+00    0.0000000000E+00    0.0000000000E+00
    0.3200953450E+01   -0.4704769549E+00   -0.5910428576E+00    0.2459852081E+00    0.0000000000E+00    0.0000000000E+00    0.0000000000E+00
   -0.1643952480E+01    0.2626628712E+00    0.3347797304E+00   -0.2814143062E-01    0.0000000000E+00    0.0000000000E+00    0.0000000000E+00
    0.2464792942E+01   -0.3334095956E+00   -0.4111636222E+00    0.1860175375E+00    0.0000000000E+00    0.0000000000E+00    0.0000000000E+00
    0.4433035983E+01   -0.4782761006E+00   -0.5580010630E+00    0.8087223532E+00    0.0000000000E+00    0.0000000000E+00    0.0000000000E+00
    0.3198939134E+00   -0.7762235328E-01   -0.1062647014E+00   -0.1634260189E-01    0.0000000000E+00    0.0000000000E+00    0.0000000000E+00
    0.1206090715E+01   -0.1280577603E+00   -0.1484217830E+00    0.2626047282E+00    0.0000000000E+00    0.0000000000E+00    0.0000000000E+00
    0.1721784997E+00   -0.3369075974E-01   -0.4532246452E-01   -0.1618605207E-01    0.0000000000E+00    0.0000000000E+00    0.0000000000E+00
    0.2529150216E+00   -0.2195429671E-01   -0.2280558836E-01    0.7057179482E-01    0.0000000000E+00    0.0000000000E+00    0.0000000000E+00
    0.2724502996E-01   -0.7203673901E-02   -0.1102406655E-01   -0.1870095491E-01    0.0000000000E+00    0.0000000000E+00    0.0000000000E+00
    0.4141561480E-01   -0.1415771557E-02    0.9624593316E-03    0.1871561693E-01    0.0000000000E+00    0.0000000000E+00    0.0000000000E+00
    0.9064419155E-03   -0.7421526513E-04   -0.1730002272E-02   -0.1153111447E-01    0.0000000000E+00    0.0000000000E+00    0.0000000000E+00
    0.6532740901E-02   -0.1371813001E-02   -0.3181384778E-03    0.9064739656E-02    0.0000000000E+00    0.0000000000E+00    0.0000000000E+00
   -0.4971833958E-03    0.1750444610E-02    0.1943954851E-02   -0.8945384806E-02    0.0000000000E+00    0.0000000000E+00    0.0000000000E+00
    0.8571991143E-03   -0.2556267187E-03   -0.2870199264E-03    0.5274985191E-02    0.0000000000E+00    0.0000000000E+00    0.0000000000E+00
   -0.1731072089E-03    0.2229303396E-03    0.5550201116E-03   -0.4780432272E-02    0.0000000000E+00    0.0000000000E+00    0.0000000000E+00
    0.1128476767E-03    0.2902565239E-03    0.5500663535E-03    0.2095216173E-02    0.0000000000E+00    0.0000000000E+00    0.0000000000E+00
   -0.3781011746E-04    0.1654566227E-03    0.1235839927E-03   -0.2431507971E-02    0.0000000000E+00    0.0000000000E+00    0.0000000000E+00
    0.1547260324E-04    0.1534170401E-03    0.4992914365E-03    0.8526477004E-03    0.0000000000E+00    0.0000000000E+00    0.0000000000E+00
   -0.5801497119E-05    0.6386432541E-04   -0.3206411966E-03    0.7240521591E-03    0.0000000000E+00    0.0000000000E+00    0.0000000000E+00
    0.2121552753E-05   -0.6130216981E-05   -0.2421075591E-04   -0.4926996519E-03    0.0000000000E+00    0.0000000000E+00    0.0000000000E+00
   -0.7530897130E-06    0.1595923039E-05    0.5970286744E-05    0.1018481671E-03    0.0000000000E+00    0.0000000000E+00    0.0000000000E+00
    0.2601094230E-06   -0.4773956639E-06   -0.1651234747E-05   -0.2667036609E-04    0.0000000000E+00    0.0000000000E+00    0.0000000000E+00
   -0.8770848951E-07    0.1480447430E-06    0.4810730332E-06    0.7583690807E-05    0.0000000000E+00    0.0000000000E+00    0.0000000000E+00
    0.2897670627E-07   -0.4629161421E-07   -0.1437327582E-06   -0.2235219450E-05    0.0000000000E+00    0.0000000000E+00    0.0000000000E+00
   -0.9408595934E-08    0.1446290881E-07    0.4347943158E-07    0.6702043079E-06    0.0000000000E+00    0.0000000000E+00    0.0000000000E+00
    0.3008893804E-08   -0.4498520577E-08   -0.1322052489E-07   -0.2025142359E-06    0.0000000000E+00    0.0000000000E+00    0.0000000000E+00
   -0.9485678978E-09    0.1389638905E-08    0.4019721595E-08    0.6129200544E-07    0.0000000000E+00    0.0000000000E+00    0.0000000000E+00
    0.2945576567E-09   -0.4251204453E-09   -0.1216195532E-08   -0.1848063892E-07    0.0000000000E+00    0.0000000000E+00    0.0000000000E+00
   -0.8983904605E-10    0.1282420896E-09    0.3640618298E-09    0.5517817269E-08    0.0000000000E+00    0.0000000000E+00    0.0000000000E+00
    0.2676022372E-10   -0.3789188066E-10   -0.1069939206E-09   -0.1618493054E-08    0.0000000000E+00    0.0000000000E+00    0.0000000000E+00
   -0.7710138088E-11    0.1085291573E-10    0.3053057145E-10    0.4611679096E-09    0.0000000000E+00    0.0000000000E+00    0.0000000000E+00
    0.2115679582E-11   -0.2965197825E-11   -0.8319746703E-11   -0.1255358094E-09    0.0000000000E+00    0.0000000000E+00    0.0000000000E+00
   -0.5394604919E-12    0.7536891045E-12    0.2110859743E-11    0.3182522654E-10    0.0000000000E+00    0.0000000000E+00    0.0000000000E+00
    0.1228543199E-12   -0.1712481186E-12   -0.4790075266E-12   -0.7217717868E-11    0.0000000000E+00    0.0000000000E+00    0.0000000000E+00
   -0.2337947341E-13    0.3253469157E-13    0.9092406764E-13    0.1369460709E-11    0.0000000000E+00    0.0000000000E+00    0.0000000000E+00
    0.3284464223E-14   -0.4565128697E-14   -0.1275019020E-13   -0.1919776995E-12    0.0000000000E+00    0.0000000000E+00    0.0000000000E+00
   -0.2526918217E-15    0.3509148988E-15    0.9796651982E-15    0.1474729319E-13    0.0000000000E+00    0.0000000000E+00    0.0000000000E+00
 l,ispin:           3           2
 psi n=1,noccmax(l):
    0.2351874109E+01   -0.2750114698E+00   -0.3407697490E+00    0.2849111844E+00    0.0000000000E+00    0.0000000000E+00    0.0000000000E+00
   -0.6237387410E+01    0.7328129116E+00    0.9089981652E+00   -0.7531975992E+00    0.0000000000E+00    0.0000000000E+00    0.0000000000E+00
    0.8452374819E+01   -0.1004485432E+01   -0.1248967600E+01    0.1001718136E+01    0.0000000000E+00    0.0000000000E+00    0.0000000000E+00
   -0.7084580189E+01    0.8690751072E+00    0.1087321663E+01   -0.7782711046E+00    0.0000000000E+00    0.0000000000E+00    0.0000000000E+00
    0.3392679148E+01   -0.4614500672E+00   -0.5879204183E+00    0.2509847997E+00    0.0000000000E+00    0.0000000000E+00    0.0000000000E+00
   -0.1787367582E+01    0.2629682731E+00    0.3387660294E+00   -0.3799367761E-01    0.0000000000E+00    0.0000000000E+00    0.0000000000E+00
    0.2592618612E+01   -0.3232978275E+00   -0.4048316786E+00    0.1848875412E+00    0.0000000000E+00    0.0000000000E+00    0.0000000000E+00
    0.4581196700E+01   -0.4505401879E+00   -0.5371640486E+00    0.7907930847E+00    0.0000000000E+00    0.0000000000E+00    0.0000000000E+00
    0.3573709672E+00   -0.7942946728E-01   -0.1090955525E+00   -0.1144473613E-01    0.0000000000E+00    0.0000000000E+00    0.0000000000E+00
    0.1231378416E+01   -0.1189928934E+00   -0.1410681017E+00    0.2554971826E+00    0.0000000000E+00    0.0000000000E+00    0.0000000000E+00
    0.1739450381E+00   -0.3236574360E-01   -0.4399919396E-01   -0.1683948691E-01    0.0000000000E+00    0.0000000000E+00    0.0000000000E+00
    0.2540158182E+00   -0.1949239965E-01   -0.2063182189E-01    0.6814959794E-01    0.0000000000E+00    0.0000000000E+00    0.0000000000E+00
    0.2587860745E-01   -0.6793904847E-02   -0.1050179181E-01   -0.1899321848E-01    0.0000000000E+00    0.0000000000E+00    0.0000000000E+00
    0.4084214427E-01   -0.8658060283E-03    0.1482649996E-02    0.1800487006E-01    0.0000000000E+00    0.0000000000E+00    0.0000000000E+00
    0.4993076159E-03   -0.2265111049E-04   -0.1646206449E-02   -0.1148392949E-01    0.0000000000E+00    0.0000000000E+00    0.0000000000E+00
    0.6306618592E-02   -0.1251593844E-02   -0.1819551781E-03    0.8797679867E-02    0.0000000000E+00    0.0000000000E+00    0.0000000000E+00
   -0.6045260938E-03    0.1772236081E-02    0.1973233247E-02   -0.8888328388E-02    0.0000000000E+00    0.0000000000E+00    0.0000000000E+00
    0.8254335027E-03   -0.2387720862E-03   -0.2718132321E-03    0.5196963627E-02    0.0000000000E+00    0.0000000000E+00    0.0000000000E+00
   -0.1897498872E-03    0.2306956476E-03    0.5755230545E-03   -0.4767079494E-02    0.0000000000E+00    0.0000000000E+00    0.0000000000E+00
    0.1100556461E-03    0.2930890355E-03    0.5443115965E-03    0.2084264179E-02    0.0000000000E+00    0.0000000000E+00    0.0000000000E+00
   -0.3879558272E-04    0.1663264512E-03    0.1293526665E-03   -0.2422178480E-02    0.0000000000E+00    0.0000000000E+00    0.0000000000E+00
    0.1554729375E-04    0.1529332343E-03    0.4884718907E-03    0.8798462103E-03    0.0000000000E+00    0.0000000000E+00    0.0000000000E+00
   -0.5846896311E-05    0.6300941083E-04   -0.3193975491E-03    0.7005250206E-03    0.0000000000E+00    0.0000000000E+00    0.0000000000E+00
    0.2139550501E-05   -0.6058729693E-05   -0.2323844140E-04   -0.4857523294E-03    0.0000000000E+00    0.0000000000E+00    0.0000000000E+00
   -0.7603056516E-06    0.1576908878E-05    0.5738647222E-05    0.1006338312E-03    0.0000000000E+00    0.0000000000E+00    0.0000000000E+00
    0.2629681149E-06   -0.4716368810E-06   -0.1586899086E-05   -0.2637621772E-04    0.0000000000E+00    0.0000000000E+00    0.0000000000E+00
   -0.8880875638E-07    0.1462477341E-06    0.4621666751E-06    0.7503688027E-05    0.0000000000E+00    0.0000000000E+00    0.0000000000E+00
    0.2938512200E-07   -0.4572804877E-07   -0.1380418818E-06   -0.2212293425E-05    0.0000000000E+00    0.0000000000E+00    0.0000000000E+00
   -0.9554736914E-08    0.1428661178E-07    0.4174853599E-07    0.6634581403E-06    0.0000000000E+00    0.0000000000E+00    0.0000000000E+00
    0.3059436313E-08   -0.4443663767E-08   -0.1269224706E-07   -0.2005019119E-06    0.0000000000E+00    0.0000000000E+00    0.0000000000E+00
   -0.9655157228E-09    0.1372693518E-08    0.3858696388E-08    0.6068842703E-07    0.0000000000E+00    0.0000000000E+00    0.0000000000E+00
    0.3000785491E-09   -0.4199375774E-09   -0.1167396647E-08   -0.1829979842E-07    0.0000000000E+00    0.0000000000E+00    0.0000000000E+00
   -0.9158591327E-10    0.1266790468E-09    0.3494387660E-09    0.5464064139E-08    0.0000000000E+00    0.0000000000E+00    0.0000000000E+00
    0.2729530874E-10   -0.3743017130E-10   -0.1026934752E-09   -0.1602775919E-08    0.0000000000E+00    0.0000000000E+00    0.0000000000E+00
   -0.7867596064E-11    0.1072070605E-10    0.2930292610E-10    0.4566995423E-09    0.0000000000E+00    0.0000000000E+00    0.0000000000E+00
    0.2159576881E-11   -0.2929083368E-11   -0.7985118304E-11   -0.1243213907E-09    0.0000000000E+00    0.0000000000E+00    0.0000000000E+00
   -0.5507868547E-12    0.7445111309E-12    0.2025945032E-11    0.3151769881E-10    0.0000000000E+00    0.0000000000E+00    0.0000000000E+00
    0.1254565399E-12   -0.1691630395E-12   -0.4597363087E-12   -0.7148028420E-11    0.0000000000E+00    0.0000000000E+00    0.0000000000E+00
   -0.2387791785E-13    0.3213859745E-13    0.8726583150E-13    0.1356245566E-11    0.0000000000E+00    0.0000000000E+00    0.0000000000E+00
    0.3354824893E-14   -0.4509554884E-14   -0.1223718119E-13   -0.1901258754E-12    0.0000000000E+00    0.0000000000E+00    0.0000000000E+00
   -0.2581241301E-15    0.3466432766E-15    0.9402471593E-15    0.1460508044E-13    0.0000000000E+00    0.0000000000E+00    0.0000000000E+00
