Br GTH-BP-q7
    2    5
     0.50000000    0
    3
     0.43844329    3     6.02809057     0.36950836    -1.26583607
                                       -2.53591576     3.26837467
                                                      -2.59419197
     0.45265302    2     2.45444938     0.55326441
                                       -0.65463128
                         0.17469218    -0.09868258
                                        0.11676281
     0.57270080    1     0.53453193
                         0.00627263
