Cs GTH-BP-q9
    3    6
     0.54000000    2    33.18925821    -2.80669630
    4  SOC
     0.44888547    2    -3.15382781     3.31288554
                                       -4.27691685
     0.36087547    3    -5.24766705     3.25354824     0.00000000
                                       -3.84965020     0.00000000
                                                       0.00000000
                         0.59992584    -5.39456390     0.42887031
                                        7.09693775    -1.01489239
                                                       0.72128942
     0.76171895    1     0.18517971
                         0.01064246
     0.33862935    1   -16.82118432
                         0.00541103
