Ge GTH-BP-q4
    2    2
     0.54000000    0
    3  SOC
     0.42652691    3     7.46008807    -0.10148543    -1.79977798
                                       -2.79632198     4.64700676
                                                      -3.68844727
     0.57081829    2     0.83232240     0.67204801
                                       -0.79517793
                         0.07420422    -0.02934849
                                        0.03472561
     0.80229340    1     0.20140599
                         0.00223781
