Ru GTH-BP-q16
    3    6    7
     0.43000000    2    14.95348689    -0.02426473
    3  SOC
     0.35723814    2    -1.36117090     5.92761103
                                       -7.65251293
     0.36153743    2    -4.67111662     4.55280704
                                       -5.38695393
                         0.26125760     0.04040413
                                       -0.04780681
     0.47093469    2     0.51873585    -2.29176040
                                        2.59861204
                        -0.02452836     0.04787320
                                       -0.05428310
