Se GTH-BP-q6
    2    4
     0.51000000    0
    3  SOC
     0.43378134    3     6.42760223    -0.11666018    -1.25092543
                                       -1.88402272     3.22987558
                                                      -2.56363426
     0.47287696    2     2.19350862     0.46354749
                                       -0.54847679
                         0.15174716    -0.08868825
                                        0.10493735
     0.61779280    1     0.45787624
                         0.00521157
