Zr GTH-BP-q12
    4    6    2
     0.47000000    2     7.71710396    -1.87349588
    3  SOC
     0.26012850    2    23.33316266    -8.48756302
                                       10.95739674
     0.28909449    2     8.57471103    -5.33803887
                                        6.31605277
                         0.99836616    -1.38922136
                                        1.64374888
     0.57923104    2     0.03180631     0.27415481
                                       -0.31086233
                        -0.00249429     0.01082010
                                       -0.01226884
