   40             4.00000 ng, rij 
     2.370     4.740                                       rcov,rprb 
 r                           (non)relativistic calculation
 PBE                         XC-functional
102.000 42.000    0.2150000000    0.1644917855E+03   -0.1749236577E+02    0.0000000000E+00    0.0000000000E+00  znuc,zion,rloc,gpot()
   3                                                       lpx, (Projectors for l=0..lpx)
    0.1650145327    0.1399527229E+02    0.2539710570E+02   -0.6512839436E+02   -0.1988371932E+02    0.5133954253E+02   -0.4074949858E+02  r_l(),hsep(), so=+0.5
    0.2004363944    0.4665422104E+01    0.2566767260E+02   -0.7275298354E+02   -0.2545733706E+02    0.6024305483E+02   -0.4281505909E+02  r_l(),hsep(), so=+0.5
    0.4173100915E+01   -0.2109869392E+02    0.6256105844E+02    0.2258269740E+02   -0.5344041581E+02    0.3798038741E+02         hsep(), so=-0.5
    0.4340378855    0.3206911111E+01   -0.1970926204E+01    0.2234820252E+01    0.0000000000E+00   -0.0000000000E+00    0.0000000000E+00  r_l(),hsep(), so=+0.5
    0.1746165240E+01   -0.1030494589E+01    0.1168471033E+01    0.0000000000E+00   -0.0000000000E+00    0.0000000000E+00         hsep(), so=-0.5
    0.2179380187   -0.4737103591E+00   -0.0000000000E+00    0.0000000000E+00    0.0000000000E+00   -0.0000000000E+00    0.0000000000E+00  r_l(),hsep(), so=+0.5
   -0.9647896755E+00   -0.0000000000E+00    0.0000000000E+00    0.0000000000E+00   -0.0000000000E+00    0.0000000000E+00         hsep(), so=-0.5
 ---------------------------------------------
 Additional information (last calculation):
 gaussian exponents:
 xp():   122.37651161692551        86.533261222282320        61.188255808462756        43.266630611141181        30.594127904231392        21.633315305570591        15.297063952115700        10.816657652785299        7.6485319760578481        5.4083288263926521        3.8242659880289263        2.7041644131963261        1.9121329940144627        1.3520822065981632       0.95606649700723179       0.67604110329908185       0.47803324850361611       0.33802055164954092       0.23901662425180811       0.16901027582477055       0.11950831212590407        8.4505137912385273E-002   5.9754156062952063E-002   4.2252568956192650E-002   2.9877078031476031E-002   2.1126284478096335E-002   1.4938539015738019E-002   1.0563142239048168E-002   7.4692695078690113E-003   5.2815711195240847E-003   3.7346347539345065E-003   2.6407855597620432E-003   1.8673173769672535E-003   1.3203927798810218E-003   9.3365868848362674E-004   6.6019638994051092E-004   4.6682934424181359E-004   3.3009819497025546E-004   2.3341467212090685E-004   1.6504909748512784E-004
 orbital coefficients (one orbital per column)
 l,ispin:           0           1
 psi n=1,noccmax(l):
    0.5362992263E-01    0.3838239576E-01   -0.1137417885E-01   -0.5839324984E-02   -0.6026946215E-02    0.0000000000E+00    0.0000000000E+00    0.7044264070E+00   -0.2747053746E+00
   -0.2212578325E+00   -0.1937274234E+00    0.5837686010E-01    0.2973697762E-01    0.3118799841E-01    0.0000000000E+00    0.0000000000E+00   -0.3064709347E+01    0.1225667765E+01
    0.2050260757E+00    0.4020563565E+00   -0.1257615673E+00   -0.6178951964E-01   -0.6914243892E-01    0.0000000000E+00    0.0000000000E+00    0.6821253839E+01   -0.2793558506E+01
    0.1025475395E+01   -0.1741635997E+00    0.7307304364E-01    0.2282869138E-01    0.5047836285E-01    0.0000000000E+00    0.0000000000E+00   -0.9818033002E+01    0.3971434479E+01
   -0.3837385791E+01   -0.8238536260E+00    0.2056141194E+00    0.1464603406E+00    0.7860897564E-01    0.0000000000E+00    0.0000000000E+00    0.9910207148E+01   -0.3305341340E+01
    0.9435529260E+00   -0.1089187241E+01    0.3489887211E+00    0.1475564111E+00    0.2076364486E+00    0.0000000000E+00    0.0000000000E+00   -0.1223451993E+02    0.2877187557E+01
    0.1955699791E+02    0.1304829846E+02   -0.3887293616E+01   -0.2114723540E+01   -0.1985434148E+01    0.0000000000E+00    0.0000000000E+00    0.2027690717E+02   -0.9785762237E+01
   -0.1741253721E+02   -0.1424797926E+02    0.4432017669E+01    0.2413260450E+01    0.2284513862E+01    0.0000000000E+00    0.0000000000E+00    0.4621006876E+01    0.1018268472E+02
   -0.1690653654E+02   -0.7580498004E+01    0.2031615324E+01    0.1230664850E+01    0.9303893498E+00    0.0000000000E+00    0.0000000000E+00   -0.3876296318E+02    0.8026079100E+01
    0.7728295254E+01    0.4062090127E+01   -0.1131502891E+01   -0.7523966858E+00   -0.4809132852E+00    0.0000000000E+00    0.0000000000E+00    0.6820359048E+01   -0.2969596303E+01
    0.2568537882E+00    0.2271713610E+01   -0.7811302283E+00   -0.3037997364E+00   -0.4877539967E+00    0.0000000000E+00    0.0000000000E+00    0.5347519937E+01   -0.3537076595E+01
    0.7758396990E+01    0.5519650624E+01   -0.1704251865E+01   -0.1120177178E+01   -0.7572885048E+00    0.0000000000E+00    0.0000000000E+00    0.7951407848E+01   -0.4168666479E+01
   -0.8594036167E+00    0.1154492942E+01   -0.4398934878E+00   -0.7246075070E-01   -0.3361380070E+00    0.0000000000E+00    0.0000000000E+00    0.2260288017E+01   -0.1666707069E+01
    0.2457211874E+01    0.1153817389E+01   -0.4118632863E+00   -0.4391449545E+00   -0.9963046571E-01    0.0000000000E+00    0.0000000000E+00    0.1740220966E+01   -0.7329616202E+00
   -0.1337219848E+01   -0.1431284928E+01    0.5720001625E+00    0.5606529768E+00    0.1894152591E+00    0.0000000000E+00    0.0000000000E+00   -0.1081285875E+00    0.4373461363E+00
    0.9990479210E+00   -0.5727100833E+00    0.2240048005E+00   -0.1372143086E+00    0.2034647463E+00    0.0000000000E+00    0.0000000000E+00    0.2583338249E+00    0.4364152930E+00
   -0.6946334183E+00   -0.1111592572E+01    0.5694622885E+00    0.6414416237E+00    0.2619898544E+00    0.0000000000E+00    0.0000000000E+00   -0.1292405716E+00    0.5073420483E+00
    0.4797275383E+00   -0.1466966951E+00    0.3857254056E+00   -0.4103978884E-01    0.2957731046E+00    0.0000000000E+00    0.0000000000E+00    0.7736222358E-01    0.2820234758E+00
   -0.3277545353E+00   -0.3104182750E+00   -0.3037997131E+00   -0.9293280969E-01   -0.4810591419E+00    0.0000000000E+00    0.0000000000E+00   -0.4479163754E-01    0.1558603463E+00
    0.2217281740E+00    0.8837262958E-01    0.5389267277E+00    0.6737336219E+00    0.1259808086E+01    0.0000000000E+00    0.0000000000E+00    0.2566775529E-01    0.6668113943E-01
   -0.1486524262E+00   -0.8913442299E-01   -0.2988011227E+00   -0.8836450395E+00   -0.1808877703E+01    0.0000000000E+00    0.0000000000E+00   -0.1455259981E-01    0.2741879115E-01
    0.9884368096E-01    0.5920411369E-01   -0.6262599668E-01    0.6640931188E+00    0.2010902035E+01    0.0000000000E+00    0.0000000000E+00    0.8168721538E-02    0.3306822582E-02
   -0.6523061465E-01   -0.4077377919E-01   -0.8132389051E-01   -0.4773266380E+00   -0.2137393300E+01    0.0000000000E+00    0.0000000000E+00   -0.4542724277E-02    0.2417129117E-02
    0.4274641528E-01    0.2755897527E-01   -0.1286304756E+00   -0.1050771216E+00    0.1414837003E+01    0.0000000000E+00    0.0000000000E+00    0.2504196712E-02   -0.8258284955E-03
   -0.2782276742E-01   -0.1833543743E-01   -0.4877759775E-01   -0.1936004171E+00   -0.2024303774E+01    0.0000000000E+00    0.0000000000E+00   -0.1368864640E-02    0.5017897656E-03
    0.1798506627E-01    0.1199947754E-01   -0.2837530610E-01   -0.2598096371E-01    0.1317194245E+01    0.0000000000E+00    0.0000000000E+00    0.7420078286E-03   -0.2764342016E-03
   -0.1154004246E-01   -0.7718023844E-02    0.5768551157E-02    0.2959561655E+00    0.1286384663E+01    0.0000000000E+00    0.0000000000E+00   -0.3987050120E-03    0.1489774728E-03
    0.7342203297E-02    0.4873248227E-02   -0.3930641929E-02    0.3112747957E-02   -0.1535499868E+01    0.0000000000E+00    0.0000000000E+00    0.2121814393E-03   -0.7829531676E-04
   -0.4623968216E-02   -0.3015844919E-02    0.2396812005E-02   -0.6637246478E-02    0.5544446702E+00    0.0000000000E+00    0.0000000000E+00   -0.1116645489E-03    0.4009252351E-04
    0.2875007867E-02    0.1825278837E-02   -0.1407062262E-02    0.4790558988E-02   -0.2496665256E+00    0.0000000000E+00    0.0000000000E+00    0.5797810362E-04   -0.1998580085E-04
   -0.1758188543E-02   -0.1077132780E-02    0.7982957956E-03   -0.2942560336E-02    0.1207058529E+00    0.0000000000E+00    0.0000000000E+00   -0.2959972200E-04    0.9686856544E-05
    0.1051934055E-02    0.6171610373E-03   -0.4376954858E-03    0.1672953724E-02   -0.5955995516E-01    0.0000000000E+00    0.0000000000E+00    0.1478823125E-04   -0.4555646781E-05
   -0.6111972888E-03   -0.3412860513E-03    0.2313368676E-03   -0.8995556950E-03    0.2926554821E-01    0.0000000000E+00    0.0000000000E+00   -0.7182114831E-05    0.2071253151E-05
    0.3412943159E-03    0.1805841048E-03   -0.1171688338E-03    0.4592087593E-03   -0.1407384427E-01    0.0000000000E+00    0.0000000000E+00    0.3359155724E-05   -0.9046890867E-06
   -0.1804994807E-03   -0.9027950105E-04    0.5626095436E-04   -0.2211881875E-03    0.6509809560E-02    0.0000000000E+00    0.0000000000E+00   -0.1493084497E-05    0.3756957105E-06
    0.8854609296E-04    0.4185008070E-04   -0.2516339366E-04    0.9900226934E-04   -0.2833512771E-02    0.0000000000E+00    0.0000000000E+00    0.6187315610E-06   -0.1458866120E-06
   -0.3908961329E-04   -0.1748723112E-04    0.1019597930E-04   -0.4009881852E-04    0.1125571102E-02    0.0000000000E+00    0.0000000000E+00   -0.2323876866E-06    0.5159643204E-07
    0.1483980829E-04    0.6305248540E-05   -0.3582827383E-05    0.1407826242E-04   -0.3898350146E-03    0.0000000000E+00    0.0000000000E+00    0.7576468510E-07   -0.1594003831E-07
   -0.4507240388E-05   -0.1827583470E-05    0.1016853693E-05   -0.3991596752E-05    0.1094770385E-03    0.0000000000E+00    0.0000000000E+00   -0.1999393205E-07    0.4014078184E-08
    0.9627624382E-06    0.3746712841E-06   -0.2049800568E-06    0.8038666787E-06   -0.2189932619E-04    0.0000000000E+00    0.0000000000E+00    0.3762059708E-08   -0.7259638030E-09
   -0.1068998500E-06   -0.4017222781E-07    0.2168875310E-07   -0.8498521139E-07    0.2304205287E-05    0.0000000000E+00    0.0000000000E+00   -0.3736544684E-09    0.6978941660E-10
 l,ispin:           1           1
 psi n=1,noccmax(l):
    0.7044264070E+00   -0.2747053746E+00   -0.7159867893E-01   -0.5511478885E-01    0.6619085347E-01    0.0000000000E+00    0.0000000000E+00   -0.3851168418E+01   -0.4028294322E+00
   -0.3064709347E+01    0.1225667765E+01    0.3201476402E+00    0.2467040490E+00   -0.2956061096E+00    0.0000000000E+00    0.0000000000E+00    0.1419339593E+02    0.1508755324E+01
    0.6821253839E+01   -0.2793558506E+01   -0.7322885130E+00   -0.5634673634E+00    0.6801471883E+00    0.0000000000E+00    0.0000000000E+00   -0.2851042419E+02   -0.3097352297E+01
   -0.9818033002E+01    0.3971434479E+01    0.1047277020E+01    0.7962752656E+00   -0.1004514998E+01    0.0000000000E+00    0.0000000000E+00    0.3953719211E+02    0.4363591389E+01
    0.9910207148E+01   -0.3305341340E+01   -0.8786245316E+00   -0.6328568422E+00    0.9501821110E+00    0.0000000000E+00    0.0000000000E+00   -0.3633524035E+02   -0.3886440442E+01
   -0.1223451993E+02    0.2877187557E+01    0.7482707166E+00    0.5030654147E+00   -0.9044507532E+00    0.0000000000E+00    0.0000000000E+00    0.1850439651E+02    0.1446798683E+01
    0.2027690717E+02   -0.9785762237E+01   -0.2592434262E+01   -0.2009243181E+01    0.2380485289E+01    0.0000000000E+00    0.0000000000E+00   -0.2680671177E+02   -0.2723085941E+01
    0.4621006876E+01    0.1018268472E+02    0.2961810402E+01    0.2340140978E+01   -0.2745711219E+01    0.0000000000E+00    0.0000000000E+00    0.5895920207E+02    0.8266016837E+01
   -0.3876296318E+02    0.8026079100E+01    0.1747041896E+01    0.1523130987E+01   -0.8844726154E+00    0.0000000000E+00    0.0000000000E+00   -0.3982314361E+01   -0.1260843788E+01
    0.6820359048E+01   -0.2969596303E+01   -0.6717850867E+00   -0.6707757601E+00    0.1112216385E+00    0.0000000000E+00    0.0000000000E+00   -0.1594348910E+02   -0.2411875144E+01
    0.5347519937E+01   -0.3537076595E+01   -0.1027946200E+01   -0.7291546721E+00    0.1192996291E+01    0.0000000000E+00    0.0000000000E+00   -0.1526398959E+02   -0.2217833827E+01
    0.7951407848E+01   -0.4168666479E+01   -0.9974307651E+00   -0.9311543313E+00    0.3956399550E+00    0.0000000000E+00    0.0000000000E+00   -0.8112654460E+01   -0.1157666003E+01
    0.2260288017E+01   -0.1666707069E+01   -0.5178543131E+00   -0.3178378068E+00    0.7561470110E+00    0.0000000000E+00    0.0000000000E+00   -0.2948687783E+01   -0.2463006062E+00
    0.1740220966E+01   -0.7329616202E+00   -0.1187962130E+00   -0.2007849510E+00   -0.2393256411E+00    0.0000000000E+00    0.0000000000E+00   -0.7694441444E+00   -0.2093758972E+00
   -0.1081285875E+00    0.4373461363E+00    0.7227176613E-01    0.1617119583E+00    0.2450652726E+00    0.0000000000E+00    0.0000000000E+00   -0.3299818040E+00    0.2616958500E-01
    0.2583338249E+00    0.4364152930E+00    0.1895590311E+00    0.6224134013E-01   -0.4307912173E+00    0.0000000000E+00    0.0000000000E+00   -0.3250619981E-01    0.9840853233E-01
   -0.1292405716E+00    0.5073420483E+00    0.9708840376E-01    0.1752391482E+00    0.1723487649E+00    0.0000000000E+00    0.0000000000E+00   -0.2180125943E-01    0.7951579301E-01
    0.7736222358E-01    0.2820234758E+00    0.2049793757E+00    0.9769369676E-01   -0.4151786212E+00    0.0000000000E+00    0.0000000000E+00    0.5239770033E-02    0.7745197053E-01
   -0.4479163754E-01    0.1558603463E+00   -0.1029617054E+00   -0.4551567976E-01    0.3582105825E+00    0.0000000000E+00    0.0000000000E+00   -0.2975360624E-02    0.4170538242E-01
    0.2566775529E-01    0.6668113943E-01    0.1802639358E+00    0.1730745525E+00   -0.5059213643E+00    0.0000000000E+00    0.0000000000E+00    0.1404968348E-02    0.1348389302E-01
   -0.1455259981E-01    0.2741879115E-01   -0.6060211249E-01   -0.1152861435E+00    0.4763674193E+00    0.0000000000E+00    0.0000000000E+00   -0.6695055285E-03    0.2600201436E-01
    0.8168721538E-02    0.3306822582E-02   -0.4677498537E-02    0.6195283221E-01   -0.4387784273E+00    0.0000000000E+00    0.0000000000E+00    0.3162793187E-03    0.5517311249E-02
   -0.4542724277E-02    0.2417129117E-02    0.2193090262E-02   -0.2754155009E-01    0.3890168489E+00    0.0000000000E+00    0.0000000000E+00   -0.1480487819E-03    0.5927062641E-02
    0.2504196712E-02   -0.8258284955E-03   -0.2510935777E-01   -0.4926591366E-01   -0.2448106307E+00    0.0000000000E+00    0.0000000000E+00    0.6862911598E-04    0.2953973132E-02
   -0.1368864640E-02    0.5017897656E-03   -0.1623231328E-01   -0.1562067898E-01    0.3300368071E+00    0.0000000000E+00    0.0000000000E+00   -0.3149382351E-04    0.1632013488E-02
    0.7420078286E-03   -0.2764342016E-03   -0.1377685741E-01   -0.4996234202E-01   -0.1226691493E+00    0.0000000000E+00    0.0000000000E+00    0.1430171542E-04    0.4761615735E-03
   -0.3987050120E-03    0.1489774728E-03   -0.2017867032E-02    0.5625920647E-01   -0.2023851919E+00    0.0000000000E+00    0.0000000000E+00   -0.6423022717E-05    0.6674611508E-04
    0.2121814393E-03   -0.7829531676E-04    0.9525166177E-04    0.1310801376E-02    0.1696888465E+00    0.0000000000E+00    0.0000000000E+00    0.2850154333E-05   -0.1529084321E-04
   -0.1116645489E-03    0.4009252351E-04    0.1634201333E-04   -0.6186455017E-03   -0.4981569649E-01    0.0000000000E+00    0.0000000000E+00   -0.1247812157E-05    0.5649011169E-05
    0.5797810362E-04   -0.1998580085E-04   -0.1980156171E-04    0.2772456848E-03    0.1847364826E-01    0.0000000000E+00    0.0000000000E+00    0.5378661339E-06   -0.2175671824E-05
   -0.2959972200E-04    0.9686856544E-05    0.1213218425E-04   -0.1244940739E-03   -0.7405307193E-02    0.0000000000E+00    0.0000000000E+00   -0.2275969205E-06    0.8329834783E-06
    0.1478823125E-04   -0.4555646781E-05   -0.6268930614E-05    0.5520500782E-04    0.3046168492E-02    0.0000000000E+00    0.0000000000E+00    0.9415696355E-07   -0.3133145262E-06
   -0.7182114831E-05    0.2071253151E-05    0.2966675057E-05   -0.2392984601E-04   -0.1254333448E-02    0.0000000000E+00    0.0000000000E+00   -0.3786722947E-07    0.1151015467E-06
    0.3359155724E-05   -0.9046890867E-06   -0.1315641377E-05    0.1004892309E-04    0.5083087038E-03    0.0000000000E+00    0.0000000000E+00    0.1468634147E-07   -0.4103186704E-07
   -0.1493084497E-05    0.3756957105E-06    0.5481130440E-06   -0.4040388322E-05   -0.1993559032E-03    0.0000000000E+00    0.0000000000E+00   -0.5429700857E-08    0.1405272439E-07
    0.6187315610E-06   -0.1458866120E-06   -0.2123272254E-06    0.1528318336E-05    0.7410433571E-04    0.0000000000E+00    0.0000000000E+00    0.1881153594E-08   -0.4550326235E-08
   -0.2323876866E-06    0.5159643204E-07    0.7474151567E-07   -0.5293050489E-06   -0.2535180745E-04    0.0000000000E+00    0.0000000000E+00   -0.5951017030E-09    0.1357996480E-08
    0.7576468510E-07   -0.1594003831E-07   -0.2296800194E-07    0.1608373050E-06    0.7637275812E-05    0.0000000000E+00    0.0000000000E+00    0.1650408719E-09   -0.3585866069E-09
   -0.1999393205E-07    0.4014078184E-08    0.5754662113E-08   -0.3998394727E-07   -0.1887092193E-05    0.0000000000E+00    0.0000000000E+00   -0.3750672250E-10    0.7826540040E-10
    0.3762059708E-08   -0.7259638030E-09   -0.1036144914E-08    0.7159935688E-08    0.3364739082E-06    0.0000000000E+00    0.0000000000E+00    0.6165924488E-11   -0.1245398474E-10
   -0.3736544684E-09    0.6978941660E-10    0.9924057900E-10   -0.6831392230E-09   -0.3200628095E-07    0.0000000000E+00    0.0000000000E+00   -0.5437424840E-12    0.1070295531E-11
 l,ispin:           1           2
 psi n=1,noccmax(l):
    0.8671715118E+00    0.2584637977E+00    0.5740579025E-01   -0.3823155343E-01   -0.4607958405E-01    0.0000000000E+00    0.0000000000E+00    0.3829423113E+01    0.5019162056E+00
   -0.3875739577E+01   -0.1210418627E+01   -0.2703586560E+00    0.1812219068E+00    0.2150597832E+00    0.0000000000E+00    0.0000000000E+00   -0.1410689672E+02   -0.1881775267E+01
    0.8808367570E+01    0.2915630554E+01    0.6562947534E+00   -0.4414110429E+00   -0.5204041182E+00    0.0000000000E+00    0.0000000000E+00    0.2832196988E+02    0.3868917628E+01
   -0.1216680835E+02   -0.4224697196E+01   -0.9600554910E+00    0.6372496244E+00    0.7809701513E+00    0.0000000000E+00    0.0000000000E+00   -0.3927159158E+02   -0.5458034631E+01
    0.8016658122E+01    0.2670750788E+01    0.6163783569E+00   -0.3607129301E+00   -0.6022865306E+00    0.0000000000E+00    0.0000000000E+00    0.3616197289E+02    0.4856056277E+01
    0.8487844542E-01    0.4086337400E+00    0.8894544349E-01   -0.1764668029E+00    0.1664444390E+00    0.0000000000E+00    0.0000000000E+00   -0.1860694910E+02   -0.1766142122E+01
    0.2010657935E+02    0.8683831038E+01    0.1984021820E+01   -0.1327350844E+01   -0.1593238551E+01    0.0000000000E+00    0.0000000000E+00    0.2663148060E+02    0.3363895613E+01
   -0.5121100788E+02   -0.2113106309E+02   -0.4903559187E+01    0.3464454816E+01    0.3590266949E+01    0.0000000000E+00    0.0000000000E+00   -0.5794634754E+02   -0.1045666553E+02
    0.3102802415E+01   -0.1806831692E+01   -0.2990898188E+00    0.3439351016E+00   -0.8507251837E-01    0.0000000000E+00    0.0000000000E+00    0.3867426295E+01    0.1681817026E+01
    0.1239469487E+02    0.7625584671E+01    0.1688667755E+01   -0.1365445046E+01   -0.8661723247E+00    0.0000000000E+00    0.0000000000E+00    0.1558122057E+02    0.3047133174E+01
    0.7614606439E+01    0.6347052914E+01    0.1593501686E+01   -0.1048126166E+01   -0.1352502779E+01    0.0000000000E+00    0.0000000000E+00    0.1491679238E+02    0.2801148176E+01
    0.6390525196E+01    0.3916058915E+01    0.8756811845E+00   -0.7648772424E+00   -0.3437370640E+00    0.0000000000E+00    0.0000000000E+00    0.7808484688E+01    0.1446025803E+01
    0.1125975396E+01    0.9221697340E+00    0.2729234439E+00   -0.8489792208E-01   -0.4228957615E+00    0.0000000000E+00    0.0000000000E+00    0.3155232221E+01    0.4439030383E+00
    0.9290388122E+00   -0.4280957198E+00   -0.1641673829E+00    0.1057800493E-01    0.3331585459E+00    0.0000000000E+00    0.0000000000E+00    0.8671368185E+00    0.1612994027E+00
   -0.2259553446E+00   -0.1004155673E+01   -0.2656818288E+00    0.3086873279E+00   -0.9905073191E-02    0.0000000000E+00    0.0000000000E+00    0.3141420628E+00   -0.7493574091E-01
    0.1784555405E+00   -0.7630969341E+00   -0.2419455964E+00    0.7400231595E-01    0.3442331616E+00    0.0000000000E+00    0.0000000000E+00    0.3113425203E-01   -0.1374451890E+00
   -0.1024092445E+00   -0.5145463591E+00   -0.1576117877E+00    0.2293288430E+00   -0.2877873393E-01    0.0000000000E+00    0.0000000000E+00    0.1746380847E-01   -0.1015310777E+00
    0.5969948606E-01   -0.2229621328E+00   -0.1316260525E+00   -0.2143977507E-02    0.2184049264E+00    0.0000000000E+00    0.0000000000E+00   -0.4445275974E-02   -0.9194765370E-01
   -0.3433317425E-01   -0.9128303525E-01    0.9324393946E-01    0.3021101280E-02   -0.2033633829E+00    0.0000000000E+00    0.0000000000E+00    0.2426419098E-02   -0.4449322431E-01
    0.1952659058E-01   -0.2430882567E-01   -0.1413149236E+00    0.9896113929E-01    0.3174273371E+00    0.0000000000E+00    0.0000000000E+00   -0.1151649353E-02   -0.1897841953E-01
   -0.1099385276E-01   -0.5777026206E-02    0.9331955590E-01   -0.1302199207E+00   -0.3841139101E+00    0.0000000000E+00    0.0000000000E+00    0.5477965531E-03   -0.2538014914E-01
    0.6133465969E-02    0.7926272142E-04    0.6602118590E-02    0.6694590786E-01    0.3488816018E+00    0.0000000000E+00    0.0000000000E+00   -0.2583394525E-03   -0.5963179943E-02
   -0.3393622111E-02   -0.3942698443E-03    0.1970940049E-01   -0.6661834429E-01   -0.3645956057E+00    0.0000000000E+00    0.0000000000E+00    0.1207273782E-03   -0.5785514561E-02
    0.1863417143E-02    0.2142780006E-03    0.2409723046E-01   -0.2992311726E-01    0.2171302167E+00    0.0000000000E+00    0.0000000000E+00   -0.5588624537E-04   -0.2568633908E-02
   -0.1015828299E-02   -0.1213835029E-03    0.1569511183E-01   -0.2275139768E-01   -0.2916658600E+00    0.0000000000E+00    0.0000000000E+00    0.2562063896E-04   -0.1336774368E-02
    0.5498224169E-03    0.6708106671E-04    0.7623406831E-02   -0.1234590112E-01    0.2111077774E+00    0.0000000000E+00    0.0000000000E+00   -0.1162870743E-04   -0.3127566507E-03
   -0.2953681123E-03   -0.3625087320E-04    0.7872674133E-03    0.4250063342E-01    0.8033599892E-01    0.0000000000E+00    0.0000000000E+00    0.5222716970E-05   -0.4484315800E-04
    0.1573505802E-03    0.1915361783E-04   -0.8734607394E-04   -0.1354331695E-02   -0.1162388345E+00    0.0000000000E+00    0.0000000000E+00   -0.2318929327E-05    0.1225861689E-04
   -0.8300114926E-04   -0.9887520425E-05    0.2176905219E-04    0.2787889213E-03    0.3570628926E-01    0.0000000000E+00    0.0000000000E+00    0.1016442240E-05   -0.4748935647E-05
    0.4325192851E-04    0.4980814044E-05   -0.6469374700E-05   -0.6920618727E-04   -0.1348985260E-01    0.0000000000E+00    0.0000000000E+00   -0.4389030091E-06    0.1867386787E-05
   -0.2219045785E-04   -0.2443867713E-05    0.2055034607E-05    0.1700688969E-04    0.5462178333E-02    0.0000000000E+00    0.0000000000E+00    0.1861451598E-06   -0.7230950008E-06
    0.1115533933E-04    0.1164585736E-05   -0.6751382445E-06   -0.3680600106E-05   -0.2260895742E-02    0.0000000000E+00    0.0000000000E+00   -0.7722017423E-07    0.2738750879E-06
   -0.5457862379E-05   -0.5365880568E-06    0.2262889667E-06    0.5206142009E-06    0.9348408004E-03    0.0000000000E+00    0.0000000000E+00    0.3115274567E-07   -0.1010699021E-06
    0.2574283798E-05    0.2373850236E-06   -0.7660126480E-07    0.7746178427E-07   -0.3799226929E-03    0.0000000000E+00    0.0000000000E+00   -0.1212302131E-07    0.3614068302E-07
   -0.1154843801E-05   -0.9974147792E-07    0.2584157835E-07   -0.1103314413E-06    0.1493050150E-03    0.0000000000E+00    0.0000000000E+00    0.4497678788E-08   -0.1240393382E-07
    0.4832625973E-06    0.3913334464E-07   -0.8510212990E-08    0.6184718063E-07   -0.5557961722E-04    0.0000000000E+00    0.0000000000E+00   -0.1563657341E-08    0.4022434298E-08
   -0.1833222265E-06   -0.1396351374E-07    0.2650558196E-08   -0.2612793861E-07    0.1903403787E-04    0.0000000000E+00    0.0000000000E+00    0.4963017288E-09   -0.1201716854E-08
    0.6035443214E-07    0.4345753118E-08   -0.7441042218E-09    0.8910921907E-08   -0.5738318165E-05    0.0000000000E+00    0.0000000000E+00   -0.1380603550E-09    0.3175568907E-09
   -0.1607491537E-07   -0.1100943943E-08    0.1745994431E-09   -0.2379839192E-08    0.1418642427E-05    0.0000000000E+00    0.0000000000E+00    0.3146026821E-10   -0.6934695806E-10
    0.3050187436E-08    0.2000642816E-09   -0.2999627731E-10    0.4463031715E-09   -0.2530460947E-06    0.0000000000E+00    0.0000000000E+00   -0.5183977198E-11    0.1103899601E-10
   -0.3051946584E-09   -0.1930493668E-10    0.2779151399E-11   -0.4389965936E-10    0.2407713055E-07    0.0000000000E+00    0.0000000000E+00    0.4580390710E-12   -0.9489457067E-12
 l,ispin:           2           1
 psi n=1,noccmax(l):
   -0.3851168418E+01   -0.4028294322E+00    0.2881397184E+00    0.2175548902E+00    0.3714165477E+00    0.0000000000E+00    0.0000000000E+00   -0.5608565678E+01
    0.1419339593E+02    0.1508755324E+01   -0.1075841532E+01   -0.8228145150E+00   -0.1355875396E+01    0.0000000000E+00    0.0000000000E+00    0.1799360197E+02
   -0.2851042419E+02   -0.3097352297E+01    0.2201350891E+01    0.1707451679E+01    0.2705225293E+01    0.0000000000E+00    0.0000000000E+00   -0.3309289969E+02
    0.3953719211E+02    0.4363591389E+01   -0.3099195833E+01   -0.2414175857E+01   -0.3781576018E+01    0.0000000000E+00    0.0000000000E+00    0.4462140830E+02
   -0.3633524035E+02   -0.3886440442E+01    0.2789132190E+01    0.2087864394E+01    0.3657669799E+01    0.0000000000E+00    0.0000000000E+00   -0.4264459192E+02
    0.1850439651E+02    0.1446798683E+01   -0.1119135599E+01   -0.5873936564E+00   -0.2204219694E+01    0.0000000000E+00    0.0000000000E+00    0.2276292776E+02
   -0.2680671177E+02   -0.2723085941E+01    0.1983888609E+01    0.1392577399E+01    0.2872556515E+01    0.0000000000E+00    0.0000000000E+00   -0.1939928060E+02
    0.5895920207E+02    0.8266016837E+01   -0.5781998138E+01   -0.4858225024E+01   -0.6081377904E+01    0.0000000000E+00    0.0000000000E+00    0.5083738550E+02
   -0.3982314361E+01   -0.1260843788E+01    0.9782715692E+00    0.6075810742E+00    0.1743501661E+01    0.0000000000E+00    0.0000000000E+00   -0.1104856755E+02
   -0.1594348910E+02   -0.2411875144E+01    0.1569109664E+01    0.1641230296E+01    0.6542993279E+00    0.0000000000E+00    0.0000000000E+00   -0.1487671788E+02
   -0.1526398959E+02   -0.2217833827E+01    0.1590998243E+01    0.1239804244E+01    0.1983475570E+01    0.0000000000E+00    0.0000000000E+00   -0.1304772581E+02
   -0.8112654460E+01   -0.1157666003E+01    0.7362086477E+00    0.8132686024E+00    0.1685971330E+00    0.0000000000E+00    0.0000000000E+00   -0.6496424059E+01
   -0.2948687783E+01   -0.2463006062E+00    0.2159489274E+00    0.7225349496E-01    0.5720496695E+00    0.0000000000E+00    0.0000000000E+00   -0.3510704910E+01
   -0.7694441444E+00   -0.2093758972E+00    0.1033067908E+00    0.1882428544E+00   -0.2182046770E+00    0.0000000000E+00    0.0000000000E+00   -0.1395772439E+01
   -0.3299818040E+00    0.2616958500E-01    0.1107132792E-01   -0.6898193032E-01    0.2497979881E+00    0.0000000000E+00    0.0000000000E+00   -0.6274778996E+00
   -0.3250619981E-01    0.9840853233E-01   -0.9602295099E-01   -0.2716827670E-01   -0.2818101238E+00    0.0000000000E+00    0.0000000000E+00   -0.2095410956E+00
   -0.2180125943E-01    0.7951579301E-01   -0.3213460512E-01   -0.7653286748E-01    0.1270415578E+00    0.0000000000E+00    0.0000000000E+00   -0.8749639847E-01
    0.5239770033E-02    0.7745197053E-01   -0.8066309126E-01   -0.4241495250E-01   -0.2089285791E+00    0.0000000000E+00    0.0000000000E+00   -0.2447403355E-01
   -0.2975360624E-02    0.4170538242E-01   -0.2842510752E-02   -0.2112430704E-01    0.1187215982E+00    0.0000000000E+00    0.0000000000E+00   -0.9799139338E-02
    0.1404968348E-02    0.1348389302E-01   -0.3094758208E-01   -0.1933532479E-01   -0.1395581774E+00    0.0000000000E+00    0.0000000000E+00   -0.2523418842E-02
   -0.6695055285E-03    0.2600201436E-01   -0.1206518636E-01   -0.2109873334E-01    0.7749663030E-01    0.0000000000E+00    0.0000000000E+00   -0.1065584794E-02
    0.3162793187E-03    0.5517311249E-02   -0.6234230875E-03    0.1188572862E-01   -0.6714973791E-01    0.0000000000E+00    0.0000000000E+00   -0.1378137679E-03
   -0.1480487819E-03    0.5927062641E-02   -0.9204315256E-02   -0.2422415470E-01    0.3377309556E-01    0.0000000000E+00    0.0000000000E+00   -0.9940988857E-04
    0.6862911598E-04    0.2953973132E-02   -0.1542265053E-03    0.1570155692E-01   -0.2419012418E-01    0.0000000000E+00    0.0000000000E+00    0.5137483117E-05
   -0.3149382351E-04    0.1632013488E-02   -0.2719760748E-03   -0.1137404405E-01    0.1973687459E-01    0.0000000000E+00    0.0000000000E+00   -0.7936809832E-05
    0.1430171542E-04    0.4761615735E-03    0.2329191246E-02    0.2079138420E-01    0.3384102110E-01    0.0000000000E+00    0.0000000000E+00    0.2462595035E-05
   -0.6423022717E-05    0.6674611508E-04    0.2244012978E-02   -0.6301711263E-02   -0.4959950103E-01    0.0000000000E+00    0.0000000000E+00   -0.9485273865E-06
    0.2850154333E-05   -0.1529084321E-04   -0.1999092569E-03   -0.2325774963E-02    0.2200901175E-01    0.0000000000E+00    0.0000000000E+00    0.3452489604E-06
   -0.1247812157E-05    0.5649011169E-05    0.5491556860E-04    0.6476690038E-03   -0.4695970256E-02    0.0000000000E+00    0.0000000000E+00   -0.1216894181E-06
    0.5378661339E-06   -0.2175671824E-05   -0.1792523967E-04   -0.2101329071E-03    0.1363674669E-02    0.0000000000E+00    0.0000000000E+00    0.4160507702E-07
   -0.2275969205E-06    0.8329834783E-06    0.6187499794E-05    0.7211477024E-04   -0.4405813556E-03    0.0000000000E+00    0.0000000000E+00   -0.1382309905E-07
    0.9415696355E-07   -0.3133145262E-06   -0.2173544326E-05   -0.2521324569E-04    0.1483940240E-03    0.0000000000E+00    0.0000000000E+00    0.4468008403E-08
   -0.3786722947E-07    0.1151015467E-06    0.7623232706E-06    0.8808038478E-05   -0.5057644728E-04    0.0000000000E+00    0.0000000000E+00   -0.1404113506E-08
    0.1468634147E-07   -0.4103186704E-07   -0.2632260320E-06   -0.3031112873E-05    0.1711313243E-04    0.0000000000E+00    0.0000000000E+00    0.4275234162E-09
   -0.5429700857E-08    0.1405272439E-07    0.8817760557E-07    0.1012491469E-05   -0.5649273688E-05    0.0000000000E+00    0.0000000000E+00   -0.1251518062E-09
    0.1881153594E-08   -0.4550326235E-08   -0.2811512755E-07   -0.3220650393E-06    0.1782083671E-05    0.0000000000E+00    0.0000000000E+00    0.3473594662E-10
   -0.5951017030E-09    0.1357996480E-08    0.8300621054E-08    0.9490224861E-07   -0.5220292061E-06    0.0000000000E+00    0.0000000000E+00   -0.8929347278E-11
    0.1650408719E-09   -0.3585866069E-09   -0.2175319587E-08   -0.2483248704E-07    0.1360229836E-06    0.0000000000E+00    0.0000000000E+00    0.2045290218E-11
   -0.3750672250E-10    0.7826540040E-10    0.4722757521E-09    0.5384776285E-08   -0.2940751281E-07    0.0000000000E+00    0.0000000000E+00   -0.3908138076E-12
    0.6165924488E-11   -0.1245398474E-10   -0.7487154512E-10   -0.8528693057E-09    0.4647776070E-08    0.0000000000E+00    0.0000000000E+00    0.5506161486E-13
   -0.5437424840E-12    0.1070295531E-11    0.6417642024E-11    0.7305179135E-10   -0.3974953551E-09    0.0000000000E+00    0.0000000000E+00   -0.4244786406E-14
 l,ispin:           2           2
 psi n=1,noccmax(l):
    0.3829423113E+01    0.5019162056E+00    0.3131754647E+00    0.2429409821E+00   -0.3990656113E+00    0.0000000000E+00    0.0000000000E+00   -0.5776373520E+01
   -0.1410689672E+02   -0.1881775267E+01   -0.1170958959E+01   -0.9178663852E+00    0.1458266865E+01    0.0000000000E+00    0.0000000000E+00    0.1860497534E+02
    0.2832196988E+02    0.3868917628E+01    0.2400586442E+01    0.1903371784E+01   -0.2913646452E+01    0.0000000000E+00    0.0000000000E+00   -0.3440631261E+02
   -0.3927159158E+02   -0.5458034631E+01   -0.3384635215E+01   -0.2693328989E+01    0.4077219370E+01    0.0000000000E+00    0.0000000000E+00    0.4666862719E+02
    0.3616197289E+02    0.4856056277E+01    0.3038665354E+01    0.2342262271E+01   -0.3935755704E+01    0.0000000000E+00    0.0000000000E+00   -0.4471312937E+02
   -0.1860694910E+02   -0.1766142122E+01   -0.1181864230E+01   -0.6843906065E+00    0.2336918030E+01    0.0000000000E+00    0.0000000000E+00    0.2333267754E+02
    0.2663148060E+02    0.3363895613E+01    0.2133616588E+01    0.1559158427E+01   -0.3065995523E+01    0.0000000000E+00    0.0000000000E+00   -0.1896501148E+02
   -0.5794634754E+02   -0.1045666553E+02   -0.6402596034E+01   -0.5419829731E+01    0.6637508012E+01    0.0000000000E+00    0.0000000000E+00    0.5370405064E+02
    0.3867426295E+01    0.1681817026E+01    0.1123549433E+01    0.7656127863E+00   -0.1923365652E+01    0.0000000000E+00    0.0000000000E+00   -0.1314670113E+02
    0.1558122057E+02    0.3047133174E+01    0.1752721662E+01    0.1769171183E+01   -0.7466276415E+00    0.0000000000E+00    0.0000000000E+00   -0.1640503732E+02
    0.1491679238E+02    0.2801148176E+01    0.1753828642E+01    0.1399090668E+01   -0.2151932086E+01    0.0000000000E+00    0.0000000000E+00   -0.1381074217E+02
    0.7808484688E+01    0.1446025803E+01    0.8151337882E+00    0.8618862328E+00   -0.1962930372E+00    0.0000000000E+00    0.0000000000E+00   -0.6744500362E+01
    0.3155232221E+01    0.4439030383E+00    0.3119023302E+00    0.1706265529E+00   -0.6793497425E+00    0.0000000000E+00    0.0000000000E+00   -0.3591301507E+01
    0.8671368185E+00    0.1612994027E+00    0.5824749694E-01    0.1362353321E+00    0.2793923201E+00    0.0000000000E+00    0.0000000000E+00   -0.1399593980E+01
    0.3141420628E+00   -0.7493574091E-01   -0.1804583740E-01   -0.8655095648E-01   -0.2404991962E+00    0.0000000000E+00    0.0000000000E+00   -0.6206991661E+00
    0.3113425203E-01   -0.1374451890E+00   -0.1104807376E+00   -0.4647853874E-01    0.3064401852E+00    0.0000000000E+00    0.0000000000E+00   -0.2011497662E+00
    0.1746380847E-01   -0.1015310777E+00   -0.4023325634E-01   -0.7883606084E-01   -0.1292108338E+00    0.0000000000E+00    0.0000000000E+00   -0.8282530089E-01
   -0.4445275974E-02   -0.9194765370E-01   -0.8237507794E-01   -0.4711832669E-01    0.2161261448E+00    0.0000000000E+00    0.0000000000E+00   -0.2169999422E-01
    0.2426419098E-02   -0.4449322431E-01   -0.1026334345E-02   -0.1662565639E-01   -0.1251469149E+00    0.0000000000E+00    0.0000000000E+00   -0.8789001167E-02
   -0.1151649353E-02   -0.1897841953E-01   -0.3387572196E-01   -0.2466765620E-01    0.1464726043E+00    0.0000000000E+00    0.0000000000E+00   -0.1929858161E-02
    0.5477965531E-03   -0.2538014914E-01   -0.8507963335E-02   -0.1430605960E-01   -0.8685803944E-01    0.0000000000E+00    0.0000000000E+00   -0.8482626638E-03
   -0.2583394525E-03   -0.5963179943E-02   -0.9504197332E-03    0.8202113846E-02    0.7380020503E-01    0.0000000000E+00    0.0000000000E+00   -0.6111673099E-04
    0.1207273782E-03   -0.5785514561E-02   -0.8085041830E-02   -0.1988744111E-01   -0.4199609410E-01    0.0000000000E+00    0.0000000000E+00   -0.7243166488E-04
   -0.5588624537E-04   -0.2568633908E-02    0.5688881629E-03    0.1443856721E-01    0.2866877975E-01    0.0000000000E+00    0.0000000000E+00    0.1136262438E-04
    0.2562063896E-04   -0.1336774368E-02    0.2832634155E-03   -0.8760350301E-02   -0.2713030810E-01    0.0000000000E+00    0.0000000000E+00   -0.6857165240E-05
   -0.1162870743E-04   -0.3127566507E-03    0.2554328028E-02    0.1908325942E-01   -0.2416006435E-01    0.0000000000E+00    0.0000000000E+00    0.2485670447E-05
    0.5222716970E-05   -0.4484315800E-04    0.1930999312E-02   -0.6724345940E-02    0.4444116983E-01    0.0000000000E+00    0.0000000000E+00   -0.9378925889E-06
   -0.2318929327E-05    0.1225861689E-04   -0.1827000229E-03   -0.1873406581E-02   -0.2085071125E-01    0.0000000000E+00    0.0000000000E+00    0.3418878849E-06
    0.1016442240E-05   -0.4748935647E-05    0.5033688552E-04    0.5254657155E-03    0.4584571171E-02    0.0000000000E+00    0.0000000000E+00   -0.1208536739E-06
   -0.4389030091E-06    0.1867386787E-05   -0.1643905515E-04   -0.1707904685E-03   -0.1350664381E-02    0.0000000000E+00    0.0000000000E+00    0.4147306913E-07
    0.1861451598E-06   -0.7230950008E-06    0.5676093322E-05    0.5866122133E-04    0.4399490132E-03    0.0000000000E+00    0.0000000000E+00   -0.1383536417E-07
   -0.7722017423E-07    0.2738750879E-06   -0.1994461960E-05   -0.2052074279E-04   -0.1489235712E-03    0.0000000000E+00    0.0000000000E+00    0.4490037391E-08
    0.3115274567E-07   -0.1010699021E-06    0.6997112110E-06    0.7171750160E-05    0.5092022541E-04    0.0000000000E+00    0.0000000000E+00   -0.1416307102E-08
   -0.1212302131E-07    0.3614068302E-07   -0.2416690630E-06   -0.2468830981E-05   -0.1726606918E-04    0.0000000000E+00    0.0000000000E+00    0.4326503715E-09
    0.4497678788E-08   -0.1240393382E-07    0.8097443259E-07    0.8248847825E-06    0.5707903884E-05    0.0000000000E+00    0.0000000000E+00   -0.1270032792E-09
   -0.1563657341E-08    0.4022434298E-08   -0.2582322240E-07   -0.2624418425E-06   -0.1802327901E-05    0.0000000000E+00    0.0000000000E+00    0.3532974736E-10
    0.4963017288E-09   -0.1201716854E-08    0.7625107504E-08    0.7734518129E-07    0.5283106456E-06    0.0000000000E+00    0.0000000000E+00   -0.9098462970E-11
   -0.1380603550E-09    0.3175568907E-09   -0.1998525252E-08   -0.2024081985E-07   -0.1377227492E-06    0.0000000000E+00    0.0000000000E+00    0.2086993381E-11
    0.3146026821E-10   -0.6934695806E-10    0.4339321709E-09    0.4389489848E-08    0.2978441129E-07    0.0000000000E+00    0.0000000000E+00   -0.3992212434E-12
   -0.5183977198E-11    0.1103899601E-10   -0.6879759649E-10   -0.6952766341E-09   -0.4708374962E-08    0.0000000000E+00    0.0000000000E+00    0.5629335781E-13
    0.4580390710E-12   -0.9489457067E-12    0.5897321618E-11    0.5955625166E-10    0.4027392283E-09    0.0000000000E+00    0.0000000000E+00   -0.4342492336E-14
 l,ispin:           3           1
 psi n=1,noccmax(l):
   -0.5608565678E+01   -0.2936517112E+00    0.5025056260E+00    0.6393764170E+00   -0.2679082745E+01    0.0000000000E+00    0.0000000000E+00
    0.1799360197E+02    0.9454961132E+00   -0.1564862635E+01   -0.1533390491E+01    0.7107085310E+01    0.0000000000E+00    0.0000000000E+00
   -0.3309289969E+02   -0.1746091256E+01    0.2785138615E+01    0.1793235140E+01   -0.1012212933E+02    0.0000000000E+00    0.0000000000E+00
    0.4462140830E+02    0.2362512503E+01   -0.3657373658E+01   -0.1323286847E+01    0.1050704925E+02    0.0000000000E+00    0.0000000000E+00
   -0.4264459192E+02   -0.2258215443E+01    0.3482049760E+01    0.1128336712E+01   -0.9649108875E+01    0.0000000000E+00    0.0000000000E+00
    0.2276292776E+02    0.1190076509E+01   -0.1976926165E+01   -0.2021993090E+01    0.9209672617E+01    0.0000000000E+00    0.0000000000E+00
   -0.1939928060E+02   -0.1015320665E+01    0.1654190135E+01    0.1406772508E+01   -0.6937054311E+01    0.0000000000E+00    0.0000000000E+00
    0.5083738550E+02    0.2735499055E+01   -0.3874392692E+01    0.2132330170E+01    0.1592830355E+01    0.0000000000E+00    0.0000000000E+00
   -0.1104856755E+02   -0.6003459770E+00    0.9662335604E+00    0.6075122044E+00   -0.3480496669E+01    0.0000000000E+00    0.0000000000E+00
   -0.1487671788E+02   -0.8122218110E+00    0.9717758583E+00   -0.2384497942E+01    0.4601636330E+01    0.0000000000E+00    0.0000000000E+00
   -0.1304772581E+02   -0.7024243283E+00    0.1015257414E+01   -0.3633737106E+00   -0.9489662792E+00    0.0000000000E+00    0.0000000000E+00
   -0.6496424059E+01   -0.3550219238E+00    0.4206417129E+00   -0.1075990248E+01    0.2112812007E+01    0.0000000000E+00    0.0000000000E+00
   -0.3510704910E+01   -0.1872364877E+00    0.2860802918E+00    0.4988077881E-01   -0.6816461918E+00    0.0000000000E+00    0.0000000000E+00
   -0.1395772439E+01   -0.7640556046E-01    0.7671387674E-01   -0.3541207867E+00    0.8154141665E+00    0.0000000000E+00    0.0000000000E+00
   -0.6274778996E+00   -0.3128864324E-01    0.5836361927E-01    0.1085115162E+00   -0.4076195275E+00    0.0000000000E+00    0.0000000000E+00
   -0.2095410956E+00   -0.1107566128E-01    0.2332194830E-02   -0.1213569903E+00    0.3276493981E+00    0.0000000000E+00    0.0000000000E+00
   -0.8749639847E-01   -0.2729098406E-02    0.1168769242E-01    0.6649348177E-01   -0.2053981469E+00    0.0000000000E+00    0.0000000000E+00
   -0.2447403355E-01   -0.1833548822E-02   -0.3925711997E-02   -0.4839024055E-01    0.1419366930E+00    0.0000000000E+00    0.0000000000E+00
   -0.9799139338E-02    0.2579197540E-02    0.1787261335E-03    0.3630421174E-01   -0.1012715089E+00    0.0000000000E+00    0.0000000000E+00
   -0.2523418842E-02   -0.2428181495E-02    0.1055621724E-02   -0.2626807288E-01    0.7139924698E-01    0.0000000000E+00    0.0000000000E+00
   -0.1065584794E-02    0.1859325979E-02   -0.2017267801E-02    0.2091453391E-01   -0.5459513392E-01    0.0000000000E+00    0.0000000000E+00
   -0.1378137679E-03    0.2120287079E-03   -0.5396890149E-03   -0.1259714372E-01    0.3744319673E-01    0.0000000000E+00    0.0000000000E+00
   -0.9940988857E-04   -0.9890963803E-04    0.1873677326E-03    0.9701839364E-02   -0.2983396290E-01    0.0000000000E+00    0.0000000000E+00
    0.5137483117E-05    0.4571804704E-03   -0.1339573882E-02   -0.4760825663E-02    0.2011852058E-01    0.0000000000E+00    0.0000000000E+00
   -0.7936809832E-05    0.2333360478E-03   -0.5249203929E-05    0.5231753495E-02   -0.2111622666E-01    0.0000000000E+00    0.0000000000E+00
    0.2462595035E-05    0.3086014565E-03   -0.1201196730E-02   -0.1499563112E-02    0.1795075455E-01    0.0000000000E+00    0.0000000000E+00
   -0.9485273865E-06    0.1343854258E-03    0.6544170084E-03   -0.1536852029E-02   -0.7998340566E-02    0.0000000000E+00    0.0000000000E+00
    0.3452489604E-06   -0.1261312754E-04    0.4154541389E-04    0.9764391224E-03    0.1519739699E-02    0.0000000000E+00    0.0000000000E+00
   -0.1216894181E-06    0.3080881718E-05   -0.1034489416E-04   -0.2043085530E-03   -0.2857389216E-05    0.0000000000E+00    0.0000000000E+00
    0.4160507702E-07   -0.8757233251E-06    0.2835102836E-05    0.5326046052E-04   -0.2810945998E-04    0.0000000000E+00    0.0000000000E+00
   -0.1382309905E-07    0.2601922103E-06   -0.8142524075E-06   -0.1495996831E-04    0.1171201125E-04    0.0000000000E+00    0.0000000000E+00
    0.4468008403E-08   -0.7810917833E-07    0.2381683420E-06    0.4319499085E-05   -0.3969685180E-05    0.0000000000E+00    0.0000000000E+00
   -0.1404113506E-08    0.2332161254E-07   -0.6977242580E-07   -0.1254380225E-05    0.1250178059E-05    0.0000000000E+00    0.0000000000E+00
    0.4275234162E-09   -0.6847800715E-08    0.2020795069E-07    0.3609999003E-06   -0.3764180109E-06    0.0000000000E+00    0.0000000000E+00
   -0.1251518062E-09    0.1953067520E-08   -0.5707162227E-08   -0.1014721108E-06    0.1086476298E-06    0.0000000000E+00    0.0000000000E+00
    0.3473594662E-10   -0.5319866123E-09    0.1543664816E-08    0.2734847875E-07   -0.2975527989E-07    0.0000000000E+00    0.0000000000E+00
   -0.8929347278E-11    0.1349103769E-09   -0.3895122219E-09   -0.6882407742E-08    0.7562261239E-08    0.0000000000E+00    0.0000000000E+00
    0.2045290218E-11   -0.3059985587E-10    0.8803271589E-10    0.1552370257E-08   -0.1716198674E-08    0.0000000000E+00    0.0000000000E+00
   -0.3908138076E-12    0.5805736077E-11   -0.1666010804E-10   -0.2933479948E-09    0.3255513270E-09    0.0000000000E+00    0.0000000000E+00
    0.5506161486E-13   -0.8137996582E-12    0.2331055186E-11    0.4099962204E-10   -0.4561004722E-10    0.0000000000E+00    0.0000000000E+00
   -0.4244786406E-14    0.6250679018E-13   -0.1788149803E-12   -0.3142529292E-11    0.3501201391E-11    0.0000000000E+00    0.0000000000E+00
 l,ispin:           3           2
 psi n=1,noccmax(l):
   -0.5776373520E+01   -0.2400497354E+00   -0.4465413284E+00    0.6844777717E+00   -0.2635880321E+01    0.0000000000E+00    0.0000000000E+00
    0.1860497534E+02    0.7767181842E+00    0.1390627098E+01   -0.1675374682E+01    0.7003823137E+01    0.0000000000E+00    0.0000000000E+00
   -0.3440631261E+02   -0.1443930961E+01   -0.2477925323E+01    0.2045662716E+01   -0.9998449025E+01    0.0000000000E+00    0.0000000000E+00
    0.4666862719E+02    0.1967106688E+01    0.3261767159E+01   -0.1648814970E+01    0.1040451031E+02    0.0000000000E+00    0.0000000000E+00
   -0.4471312937E+02   -0.1885073954E+01   -0.3110820929E+01    0.1432081118E+01   -0.9552991144E+01    0.0000000000E+00    0.0000000000E+00
    0.2333267754E+02    0.9673607186E+00    0.1743347978E+01   -0.2217389574E+01    0.9091769906E+01    0.0000000000E+00    0.0000000000E+00
   -0.1896501148E+02   -0.7861115001E+00   -0.1400439727E+01    0.1642618207E+01   -0.6938347966E+01    0.0000000000E+00    0.0000000000E+00
    0.5370405064E+02    0.2309798549E+01    0.3464760646E+01    0.1786043105E+01    0.1713803052E+01    0.0000000000E+00    0.0000000000E+00
   -0.1314670113E+02   -0.5717452337E+00   -0.9652553528E+00    0.5665045381E+00   -0.3293292204E+01    0.0000000000E+00    0.0000000000E+00
   -0.1640503732E+02   -0.7173132466E+00   -0.8962852275E+00   -0.2324553518E+01    0.4481961491E+01    0.0000000000E+00    0.0000000000E+00
   -0.1381074217E+02   -0.5945934700E+00   -0.9119185206E+00   -0.2782057351E+00   -0.9615524737E+00    0.0000000000E+00    0.0000000000E+00
   -0.6744500362E+01   -0.2955539846E+00   -0.3624635011E+00   -0.1018641778E+01    0.2022652991E+01    0.0000000000E+00    0.0000000000E+00
   -0.3591301507E+01   -0.1527636094E+00   -0.2503631644E+00    0.8143510706E-01   -0.6837954035E+00    0.0000000000E+00    0.0000000000E+00
   -0.1399593980E+01   -0.6135449466E-01   -0.6116891947E-01   -0.3370664530E+00    0.7811568669E+00    0.0000000000E+00    0.0000000000E+00
   -0.6206991661E+00   -0.2411284194E-01   -0.5037340694E-01    0.1154306039E+00   -0.4021451347E+00    0.0000000000E+00    0.0000000000E+00
   -0.2011497662E+00   -0.8328594285E-02    0.6152253506E-03   -0.1174578195E+00    0.3154739084E+00    0.0000000000E+00    0.0000000000E+00
   -0.8282530089E-01   -0.1527289038E-02   -0.1020585731E-01    0.6753803782E-01   -0.2008885012E+00    0.0000000000E+00    0.0000000000E+00
   -0.2169999422E-01   -0.1377177796E-02    0.4439294720E-02   -0.4740803412E-01    0.1370669512E+00    0.0000000000E+00    0.0000000000E+00
   -0.8789001167E-02    0.2749778935E-02    0.6482865540E-04    0.3629856673E-01   -0.9863649322E-01    0.0000000000E+00    0.0000000000E+00
   -0.1929858161E-02   -0.2357105905E-02   -0.9754544547E-03   -0.2595671851E-01    0.6921055371E-01    0.0000000000E+00    0.0000000000E+00
   -0.8482626638E-03    0.1900373596E-02    0.2096654095E-02    0.2087425874E-01   -0.5327025999E-01    0.0000000000E+00    0.0000000000E+00
   -0.6111673099E-04    0.2202037469E-03    0.5332014580E-03   -0.1251476560E-01    0.3644509627E-01    0.0000000000E+00    0.0000000000E+00
   -0.7243166488E-04   -0.8929318652E-04   -0.1523211222E-03    0.9697623017E-02   -0.2919129009E-01    0.0000000000E+00    0.0000000000E+00
    0.1136262438E-04    0.4593906906E-03    0.1330467797E-02   -0.4743256853E-02    0.1963225321E-01    0.0000000000E+00    0.0000000000E+00
   -0.6857165240E-05    0.2348446085E-03    0.1616918115E-04    0.5223938744E-02   -0.2071727043E-01    0.0000000000E+00    0.0000000000E+00
    0.2485670447E-05    0.3081152329E-03    0.1186782635E-02   -0.1543402021E-02    0.1777606927E-01    0.0000000000E+00    0.0000000000E+00
   -0.9378925889E-06    0.1335353629E-03   -0.6527835685E-03   -0.1501880212E-02   -0.7982502980E-02    0.0000000000E+00    0.0000000000E+00
    0.3418878849E-06   -0.1255258884E-04   -0.4036683144E-04    0.9661465305E-03    0.1537107533E-02    0.0000000000E+00    0.0000000000E+00
   -0.1208536739E-06    0.3066999021E-05    0.1006441198E-04   -0.2024693240E-03   -0.1178433228E-04    0.0000000000E+00    0.0000000000E+00
    0.4147306913E-07   -0.8719203279E-06   -0.2758171539E-05    0.5281518176E-04   -0.2536213560E-04    0.0000000000E+00    0.0000000000E+00
   -0.1383536417E-07    0.2590897019E-06    0.7920348364E-06   -0.1484009124E-04    0.1089135546E-04    0.0000000000E+00    0.0000000000E+00
    0.4490037391E-08   -0.7778378600E-07   -0.2316388820E-06    0.4285805005E-05   -0.3726200559E-05    0.0000000000E+00    0.0000000000E+00
   -0.1416307102E-08    0.2322561069E-07    0.6785319748E-07   -0.1244769943E-05    0.1178564372E-05    0.0000000000E+00    0.0000000000E+00
    0.4326503715E-09   -0.6819848903E-08   -0.1965086380E-07    0.3582681344E-06   -0.3556851164E-06    0.0000000000E+00    0.0000000000E+00
   -0.1270032792E-09    0.1945142803E-08    0.5549606434E-08   -0.1007108419E-06    0.1028045781E-06    0.0000000000E+00    0.0000000000E+00
    0.3532974736E-10   -0.5298371426E-09   -0.1501011532E-08    0.2714454300E-07   -0.2817894580E-07    0.0000000000E+00    0.0000000000E+00
   -0.9098462970E-11    0.1343669063E-09    0.3787436338E-09   -0.6831304920E-08    0.7165500460E-08    0.0000000000E+00    0.0000000000E+00
    0.2086993381E-11   -0.3047684880E-10   -0.8559812020E-10    0.1540878447E-08   -0.1626724249E-08    0.0000000000E+00    0.0000000000E+00
   -0.3992212434E-12    0.5782432796E-11    0.1619927088E-10   -0.2911810454E-09    0.3086491650E-09    0.0000000000E+00    0.0000000000E+00
    0.5629335781E-13   -0.8105366594E-12   -0.2266568004E-11    0.4069721688E-10   -0.4324856906E-10    0.0000000000E+00    0.0000000000E+00
   -0.4342492336E-14    0.6225635170E-13    0.1738678398E-12   -0.3119375388E-11    0.3320258867E-11    0.0000000000E+00    0.0000000000E+00
