Ag GTH-PBE-q11
    1    0   10
     0.57000000    1     0.03341912
    3  SOC
     0.52704461    3     9.58204535    -5.27424043     0.99704725
                                        8.43071259    -2.57436494
                                                       2.04333882
     0.62911218    2     3.87401904    -1.74211583
                                        2.06129925
                         0.25749375    -0.41140313
                                        0.48677875
     0.40538186    2    -2.72495276    -0.43354851
                                        0.49159781
                        -0.04679548     0.08682477
                                       -0.09845003
