Am GTH-PBE-q35
    6   12   10    7
     0.23250000    2   153.36102340   -13.56557120
    4  SOC
     0.18042891    3     8.20318779    20.67276239   -15.00963605
                                      -51.10159635    38.75471363
                                                     -30.76060032
     0.21067831    3     4.43905307     2.72665710    -2.33718712
                                       -7.11728430     5.53079418
                                                      -3.93076481
                         6.28345738     9.02380319   -14.30831416
                                      -34.49826887    33.85965124
                                                     -24.06423401
     0.49345528    2     1.37810717    -0.89158857
                                        1.01096641
                         0.38791432    -0.26455756
                                        0.29998007
     0.24177902    1    -0.38222766
                         0.10487220
