Am GTH-PBE-q17
    4    6    0    7
     0.46500000    2    46.44887653    -3.30689271
    4  SOC
     0.46243064    3    -2.19968854     1.43425237     0.56205899
                                       -0.93742284    -1.45123007
                                                       1.15187816
     0.35059857    3     2.62463698    -5.50394626     3.23372903
                                       11.89602270    -7.65239956
                                                       5.43860102
                         7.86939707   -13.50815375     8.01388554
                                       29.32496031   -18.96431449
                                                      13.47803905
     0.65670875    2     0.41682240     0.43799579
                                       -0.49664054
                         0.05739867     0.00599389
                                       -0.00679643
     0.31134893    1   -17.37147973
                         0.04063134
