Ba GTH-PBE-q10
    4    6
     0.54000000    2    24.52678070    -2.46867001
    4  SOC
     0.49206839    2     0.09515093     1.16931840
                                       -1.50958357
     0.39148930    3     0.80018261    -1.61683907     0.00000000
                                        1.91306979     0.00000000
                                                       0.00000000
                         1.38677712    -2.22926159     0.55122185
                                        3.55539820    -1.30442898
                                                       0.92706460
     0.67217348    1     0.38853100
                         0.01663250
     0.30049773    1   -19.65379452
                         0.00607912
