Bi GTH-PBE-q15
    2    3   10
     0.51000000    1    13.39622231
    3  SOC
     0.48120446    2     9.54548100    -3.94511418
                                        5.09312050
     0.54894636    3     5.63359371    -3.17713769     0.00000000
                                        3.75924002     0.00000000
                                                       0.00000000
                         1.61410367    -2.26162040     1.01570961
                                        4.36698694    -2.40360764
                                                       1.70825672
     0.39730251    2    -6.03753705     0.92523553
                                       -1.04911848
                        -0.17397466     0.35675867
                                       -0.40452630
