Br GTH-PBE-q7
    2    5
     0.50000000    0
    3
     0.43803892    3     6.07855632     0.33049817    -1.23838226
                                       -2.44090020     3.19748924
                                                      -2.53792841
     0.45313561    2     2.45930381     0.52275313
                                       -0.61852985
                         0.17300601    -0.09956873
                                        0.11781131
     0.56771383    1     0.55926645
                         0.00654644
