Ce GTH-PBE-q12
    4    6    1    1
     0.52480035    2    18.46313266    -0.35928475
    4  SOC
     0.52899318    2    -0.46945550     1.68519941
                                       -2.17558308
     0.47758674    3    -0.85915259     1.49893178     0.00000000
                                       -1.77356000     0.00000000
                                                       0.00000000
                         0.53180154    -0.20234053    -0.09655667
                                        0.07866042     0.22849478
                                                      -0.16239245
     0.65909303    1     0.10742047
                         0.01651587
     0.30186583    1   -17.66735258
                         0.00785811
