Cf GTH-PBE-q20
    4    6    0   10
     0.45000000    2    42.65705689    -1.99079140
    4  SOC
     0.45169482    3    -2.49855036     2.04787296     0.58883859
                                       -1.68604659    -1.52037469
                                                       1.20676000
     0.38905456    3     0.49891279     0.78623141    -0.25770714
                                       -1.35932463     0.60984640
                                                      -0.43342108
                         4.24700230    -2.99977698    -0.38117409
                                        2.91478725     0.90202254
                                                      -0.64107221
     0.61157533    2     0.42969828     0.38649613
                                       -0.43824541
                         0.07041289     0.00934466
                                       -0.01059584
     0.30212964    1   -17.67294232
                         0.04703042
