Cs GTH-PBE-q9
    3    6
     0.54000000    2    33.31331676    -2.92121670
    4  SOC
     0.46189568    2    -3.32292700     2.45565338
                                       -3.17023488
     0.36635860    3    -4.95076405     0.84038977     0.00000000
                                       -0.99436259     0.00000000
                                                       0.00000000
                         1.47901467    -4.82006821     0.71637516
                                        6.89583701    -1.69525304
                                                       1.20482534
     0.76150193    1     0.19840723
                         0.01060475
     0.59701503    1    -1.55056693
                         0.00322244
