Dy GTH-PBE-q20
    4    6    0   10
     0.51029687    2    17.67093508    -0.86787770
    4
     0.44212348    2    -2.71573384     4.01788426
                                       -5.18706627
     0.45017230    3    -2.77347535     2.20115245     0.00000000
                                       -2.60443870     0.00000000
                                                       0.00000000
                        -0.44352171     3.08608168    -3.44531996
                                       -9.38743338     8.15311509
                                                      -5.79446221
     0.47116514    1    -0.75227561
                         0.05555208
     0.26180741    1   -24.24856414
                         0.01775081
