Er GTH-PBE-q22
    4    6    0   12
     0.50173422    2    17.22416099    -1.23324605
    4  SOC
     0.42576787    2    -2.61580658     4.19913757
                                       -5.42106329
     0.41793960    3    -3.15341814     3.17618553     0.00000000
                                       -3.75811340     0.00000000
                                                       0.00000000
                         2.03813991    -4.27357152     5.04555798
                                       13.45664255   -11.93996941
                                                       8.48579969
     0.43046826    1    -0.89805056
                         0.07930876
     0.24914231    1   -26.58720599
                         0.02173132
