Es GTH-PBE-q21
    4    6    0   11
     0.44500000    2    41.36910069    -1.61553886
    4  SOC
     0.44921419    3    -2.46227013     2.14705560     0.63813182
                                       -1.73391539    -1.64764927
                                                       1.30778106
     0.38141624    3     0.15381370     1.99990725    -1.20441633
                                       -4.37149168     2.85016925
                                                      -2.02563042
                         4.66831727    -3.62211785    -0.04070515
                                        4.21797978     0.09632596
                                                      -0.06845937
     0.60081899    2     0.42659115     0.37379402
                                       -0.42384258
                         0.07339699     0.01029864
                                       -0.01167756
     0.29832735    1   -17.84920902
                         0.04959787
