Es GTH-PBE-q39
    6   12   10   11
     0.22250000    2   161.00235540   -16.65689444
    4
     0.16861568    3    13.86620129    22.35885774   -17.79750045
                                      -57.81279786    45.95294855
                                                     -36.47402216
     0.20657960    3     5.66510506     3.88441746    -4.00029016
                                      -11.25597775     9.46641428
                                                      -6.72783092
                         1.63283323    24.22174965   -26.23435731
                                      -72.33576466    62.08182036
                                                     -44.12187952
     0.44738123    2     2.26690718    -1.47855560
                                        1.67652446
                         0.52506665    -0.36374151
                                        0.41244410
     0.22782525    1    -0.45755416
                         0.12301067
