Eu GTH-PBE-q17
    4    6    0    7
     0.52072219    2    17.93467530    -0.57606530
    4
     0.46955990    2    -2.07710390     3.25447577
                                       -4.20151015
     0.46644592    3    -2.34175427     2.29907112     0.00000000
                                       -2.72029763     0.00000000
                                                       0.00000000
                         1.65792601    -3.71639117     4.37001603
                                       11.67270356   -10.34134539
                                                       7.34964910
     0.47357383    1    -0.59831876
                         0.05828324
     0.27831058    1   -21.30605878
                         0.01315523
