Fm GTH-PBE-q40
    6   12   10   12
     0.22000000    2   163.79147600   -17.49470258
    4
     0.16722316    3    14.00235465    22.69632840   -18.01552322
                                      -58.60308468    46.51588094
                                                     -36.92083590
     0.20302705    3     5.74975378     5.38216141    -5.92530072
                                      -16.23298131    14.02182072
                                                      -9.96538247
                         1.30105397    26.90725079   -29.36208518
                                      -80.72048237    69.48337541
                                                     -49.38220401
     0.44045308    2     2.45856295    -1.58020240
                                        1.79178110
                         0.55270700    -0.37863420
                                        0.42933083
     0.22281579    1    -0.48883806
                         0.13278234
