Gd GTH-PBE-q18
    4    6    1    7
     0.52126799    2    18.10313196    -0.51440770
    4
     0.45805877    2    -2.87481761     3.91661136
                                       -5.05632353
     0.46124964    3    -3.05406750     2.55197375     0.00000000
                                       -3.01953606     0.00000000
                                                       0.00000000
                         0.54157080    -0.12917284     0.16099098
                                        0.42086479    -0.38097419
                                                       0.27076038
     0.48332992    1    -0.84348188
                         0.05014620
     0.27559144    1   -22.18390606
                         0.01468660
