Hf GTH-PBE-q12
    4    6    2
     0.56000000    2    15.52236567    -2.43356678
    3  SOC
     0.31182849    3   -10.91013059    27.37264587   -14.96156977
                                      -59.67292892    38.63060703
                                                     -30.66209376
     0.36196660    3    -9.65170049     9.22329739     0.00000000
                                      -10.91315264     0.00000000
                                                       0.00000000
                         0.25433226     2.89231345    -3.44888647
                                       -9.16410141     8.16155501
                                                      -5.80046050
     0.41579070    2    -2.74891464     0.48133335
                                       -0.54578072
                         0.07470137     0.01580845
                                       -0.01792510
