Hg GTH-PBE-q12
    2    0   10
     0.57000000    1     8.46784734
    3  SOC
     0.52978669    2     7.37124306    -2.96994403
                                        3.83418126
     0.63516596    3     3.55116141    -1.72290935     0.00000000
                                        2.03857383     0.00000000
                                                       0.00000000
                         0.97627823    -1.29430950     0.55490433
                                        2.45527872    -1.31314330
                                                       0.93325792
     0.40798543    2    -8.61398015     5.00756120
                                       -5.67804069
                        -0.09794385     0.26202008
                                       -0.29710284
