Ho GTH-PBE-q21
    4    6    0   11
     0.51034519    2    17.00694728    -1.14166376
    4  SOC
     0.43408065    2    -2.64595349     4.10374692
                                       -5.29791449
     0.43159817    3    -3.06100899     2.73161511     0.00000000
                                       -3.23209058     0.00000000
                                                       0.00000000
                         0.21869071     1.32948068    -1.61141491
                                       -4.25582283     3.81330367
                                                      -2.71013518
     0.45020006    1    -0.82014316
                         0.06631442
     0.25514026    1   -25.40966658
                         0.01966354
