Ir GTH-PBE-q17
    4    6    7
     0.51000000    2    13.41080576    -2.34194822
    3  SOC
     0.38726411    3    -2.51628491     1.05519006     4.67505628
                                        6.24173509   -12.07094340
                                                       9.58101430
     0.34608307    3    -6.52615069     7.35318392     0.00000000
                                       -8.70040455     0.00000000
                                                       0.00000000
                         0.31484605     3.24759365    -3.24130779
                                       -9.23888776     7.67033419
                                                      -5.45134725
     0.37881290    2    -0.85595250    -1.17535111
                                        1.33272289
                         0.10055806     0.00337529
                                       -0.00382722
