La GTH-PBE-q11
    4    6    1
     0.53500000    2    20.68980469    -1.70327035
    4  SOC
     0.56144723    2    -0.02823977     1.07859821
                                       -1.39246430
     0.47517309    3     0.26802268     0.67328503     0.00000000
                                       -0.79664160     0.00000000
                                                       0.00000000
                         0.64154939    -0.31941115     0.08447724
                                        0.51857409    -0.19990965
                                                       0.14207685
     0.62908399    1     0.38022718
                         0.02046237
     0.29911708    1   -18.44354886
                         0.00738047
