Lr GTH-PBE-q25
    4    7    0   14
     0.42500000    2    36.54066192    -0.00767878
    4
     0.43955777    3    -2.32658221     2.05020483     1.43364824
                                       -0.31497401    -3.70166384
                                                       2.93810459
     0.39882431    3    -0.77935366     3.19652746    -0.87079739
                                       -5.23192716     2.06068274
                                                      -1.46453817
                         3.22293293    -0.12978470    -1.62340912
                                       -2.54916527     3.84168715
                                                      -2.73030746
     0.55846666    2     0.34401143     0.42048558
                                       -0.47678583
                         0.08747864     0.01841340
                                       -0.02087883
     0.28431075    1   -18.65156321
                         0.06138781
