Lr GTH-PBE-q43
    6   13   10   14
     0.21250000    2   170.63112790   -19.14775592
    4  SOC
     0.15729110    3    16.72930484    29.90547543   -23.91335183
                                      -77.50287243    61.74400893
                                                     -49.00778777
     0.18921395    3     9.61249475     0.70562193    -0.89206691
                                       -2.32005848     2.11101562
                                                      -1.50031001
                        -0.81362725    41.86341114   -44.09515589
                                     -122.94516578   104.34818412
                                                     -74.16080878
     0.50058902    2     1.64930176    -0.13507301
                                        0.15315840
                         0.36556112    -0.00830132
                                        0.00941281
     0.22891982    1    -0.78476961
                         0.11316212
