Lu GTH-PBE-q25
    4    6    1   14
     0.49611621    2    18.63208417    -1.51663710
    4  SOC
     0.39319895    2    -5.65573977     6.47885270
                                       -8.36416287
     0.41028936    3    -4.66078088     2.84645630     0.00000000
                                       -3.36797252     0.00000000
                                                       0.00000000
                        -1.45526864     6.93159024    -7.42062918
                                      -20.55578405    17.56041370
                                                     -12.48027930
     0.43890201    1    -1.52277808
                         0.06950855
     0.23494399    1   -32.20596727
                         0.02740377
