Nb GTH-PBE-q13
    3    6    4
     0.46000000    2    26.27526252    -4.57803146
    3  SOC
     0.35116942    2    -1.04371870     3.27790404
                                       -4.23175592
     0.40546040    2    -0.66246647    -0.90782868
                                        1.07415738
                         0.18261561     0.04502076
                                       -0.05326929
     0.42212155    2     1.49409323    -3.43003953
                                        3.88929925
                         0.00621330     0.01529808
                                       -0.01734639
