Nd GTH-PBE-q14
    4    6    0    4
     0.52991298    2    17.80646346    -0.32095543
    4
     0.50114025    2    -1.36443892     2.46474917
                                       -3.18197749
     0.50039105    3    -1.55942619     1.53939247     0.00000000
                                       -1.82143373     0.00000000
                                                       0.00000000
                         0.59294947    -0.61371631     0.67792729
                                        1.85480449    -1.60426878
                                                       1.14016235
     0.33431765    1    -1.70064367
                         0.41574225
     0.29567529    1   -18.64327128
                         0.00947171
