No GTH-PBE-q24
    4    6    0   14
     0.43000000    2    37.58090142    -0.67005129
    4  SOC
     0.44556594    3    -2.06739131     1.85889273     1.22826091
                                       -0.40205367    -3.17135603
                                                       2.51718581
     0.44053299    3    -0.24703264     1.14977253    -0.13673728
                                       -1.58807591     0.32357945
                                                      -0.22996964
                         1.66627053     1.37900177    -2.06102523
                                       -5.06294958     4.87727588
                                                      -3.46630587
     0.58685336    2     0.28132974     0.45492737
                                       -0.51583915
                         0.06912608     0.01928616
                                       -0.02186845
     0.28747796    1   -18.24347081
                         0.05829061
