Np GTH-PBE-q15
    4    6    1    4
     0.47500000    2    47.17711220    -4.09308134
    4
     0.48369207    3    -1.30014321     0.61954051     0.64637991
                                        0.25151365    -1.66894576
                                                       1.32468463
     0.40142671    3     3.44726937    -4.41662851     2.29992159
                                        9.05484401    -5.44260785
                                                       3.86809031
                         4.62842528    -5.49771821     2.18632486
                                       10.14488537    -5.17378893
                                                       3.67703927
     0.68727669    2     0.38507600     0.54049482
                                       -0.61286352
                         0.05149446     0.00279180
                                       -0.00316560
     0.31619745    1   -16.93327340
                         0.03738437
