Np GTH-PBE-q33
    6   12   11    4
     0.23750000    2   151.39125680   -12.82282941
    4
     0.18401127    3     7.33369457    20.33167549   -14.63754866
                                      -50.05605486    37.79398812
                                                     -29.99804809
     0.21205753    3     4.39597852     1.53903746    -1.47128562
                                       -4.27047986     3.48169724
                                                      -2.47446072
                         7.21389827     5.35215047   -11.95592974
                                      -26.23754947    28.29289367
                                                     -20.10790983
     0.51543337    2     1.15871234    -0.75460740
                                        0.85564436
                         0.33843345    -0.23277192
                                        0.26393855
     0.24971313    1    -0.21093255
                         0.09660532
