Os GTH-PBE-q16
    4    6    6
     0.52000000    2    13.46303008    -2.24116983
    3  SOC
     0.39012207    3    -3.27416829     2.36003137     3.61101851
                                        2.82653464    -9.32360969
                                                       7.40038577
     0.34945025    3    -6.89928214     7.52931882     0.00000000
                                       -8.90881017     0.00000000
                                                       0.00000000
                         0.54785930     2.46435737    -2.55981011
                                       -7.17756040     6.05761634
                                                      -4.30518011
     0.39284207    2    -0.94268282    -1.08157042
                                        1.22638558
                         0.08081206     0.01626524
                                       -0.01844305
