Pa GTH-PBE-q13
    4    6    1    2
     0.48500000    2    49.77782695    -4.30053945
    4
     0.44874423    3    -2.43863000     1.74395212     0.07202510
                                       -2.13428368    -0.18596800
                                                       0.14760752
     0.38796622    3     3.50631823    -8.02041241     3.95093319
                                       16.06758115    -9.34961439
                                                       6.64482061
                         5.46168367    -8.34690550     3.47934058
                                       15.66876321    -8.23362258
                                                       5.85167931
     0.72646559    2     0.37393007     0.46173976
                                       -0.52356367
                         0.04389862     0.00205702
                                       -0.00233245
     0.32684068    1   -16.76263558
                         0.03275845
