Pb GTH-PBE-q14
    2    2   10
     0.53000000    1    12.57214281
    3
     0.49554891    2     8.42980665    -3.44005610
                                        4.44109332
     0.56934785    3     4.98150638    -2.89639920     0.00000000
                                        3.42706575     0.00000000
                                                       0.00000000
                         1.61384844    -2.17491530     1.71513508
                                        5.42883283    -4.05875039
                                                       2.88457546
     0.40422413    2    -6.81491262     1.83782673
                                       -2.08389964
                        -0.14916233     0.31992302
                                       -0.36275861
