Pm GTH-PBE-q15
    4    6    0    5
     0.52793919    2    17.84482075    -0.36133182
    4  SOC
     0.48944396    2    -1.72725500     2.81006693
                                       -3.62778081
     0.49132954    3    -1.87193192     1.65260118     0.00000000
                                       -1.95538409     0.00000000
                                                       0.00000000
                        -0.21858858     1.91346180    -2.21408582
                                       -5.95015377     5.23948335
                                                      -3.72372865
     0.47893079    1    -0.44781450
                         0.05970555
     0.29022183    1   -19.51693564
                         0.01053306
