Pr GTH-PBE-q13
    4    6    0    3
     0.53188976    2    16.83551414    -0.43235649
    4  SOC
     0.52415103    2    -0.50975406     1.84037783
                                       -2.37591756
     0.48546735    3    -0.98189616     1.60445908     0.00000000
                                       -1.89842158     0.00000000
                                                       0.00000000
                         0.11738149     0.91802470    -1.36977830
                                       -3.36669344     3.24148708
                                                      -2.30374209
     0.71653344    1     0.05575046
                         0.01209488
     0.29937329    1   -17.49550069
                         0.00863072
