Pu GTH-PBE-q34
    6   12   10    6
     0.23500000    2   151.95017040   -12.95192448
    4  SOC
     0.17966939    3     8.83843700    21.41647102   -15.79253765
                                      -53.33510961    40.77615688
                                                     -32.36507116
     0.21630614    3     4.66845522     0.06752658     0.79026374
                                        1.23577007    -1.87010534
                                                       1.32909380
                         4.55153743    11.71123150   -15.58326342
                                      -39.80067301    36.87673187
                                                     -26.20848923
     0.50472158    2     1.22835902    -0.79838388
                                        0.90528222
                         0.36196951    -0.24803571
                                        0.28124605
     0.24734238    1    -0.31410592
                         0.09761850
