Re GTH-PBE-q15
    4    6    5
     0.53000000    2    13.46263143    -2.23492240
    3
     0.39380077    3    -3.71748055     3.15477903     2.85593500
                                        0.57237640    -7.37399245
                                                       5.85292506
     0.35253332    3    -7.05340425     7.56675835     0.00000000
                                       -8.95310922     0.00000000
                                                       0.00000000
                         0.48781828     2.51603934    -2.67688069
                                       -7.43361600     6.33465589
                                                      -4.50207359
     0.40186765    2    -0.90002359    -1.14917105
                                        1.30303749
                         0.07649146     0.01299626
                                       -0.01473637
