Sm GTH-PBE-q16
    4    6    0    6
     0.52466086    2    16.51148828    -0.24504217
    4  SOC
     0.48687809    2    -1.59045606     2.90667135
                                       -3.75249657
     0.49648709    3    -1.75047341     1.54491665     0.00000000
                                       -1.82797004     0.00000000
                                                       0.00000000
                        -0.68601615     3.27621519    -3.50012699
                                       -9.70364773     8.28281221
                                                      -5.88663864
     0.49241328    1    -0.41980527
                         0.04985656
     0.28444353    1   -19.88144667
                         0.01177755
