Ta GTH-PBE-q13
    4    6    3
     0.55000000    2    13.38520167    -2.25392008
    3
     0.40088312    3    -4.43670899     4.17648934     1.87560787
                                       -2.34114813    -4.84279868
                                                       3.84385229
     0.35654936    3    -7.62442808     8.17895534     0.00000000
                                       -9.67747047     0.00000000
                                                       0.00000000
                         1.12324816     0.67250512    -0.97730022
                                       -2.42277460     2.31271443
                                                      -1.64365843
     0.41822925    2    -1.11356085    -0.87533080
                                        0.99253183
                         0.07060129     0.00876170
                                       -0.00993484
