Ta GTH-PBE-q5
    2    0    3
     0.74400000    1     9.83934257
    3  SOC
     0.45239666    2     6.12338066    -2.16890335
                                        2.80004218
     0.75164390    2     1.64970103    -2.51481038
                                        2.97556377
                         0.67406021    -1.28529463
                                        1.52078112
     0.50114181    2   -12.42334477     9.01473381
                                      -10.22174735
                        -0.08463039     0.21860129
                                       -0.24787056
