Tb GTH-PBE-q19
    4    6    0    9
     0.51588228    2    17.15783725    -0.66955170
    4  SOC
     0.45376626    2    -2.42821095     3.74357813
                                       -4.83293859
     0.45360450    3    -2.68351507     2.30311187     0.00000000
                                       -2.72507871     0.00000000
                                                       0.00000000
                        -0.85647669     4.27218592    -4.86408800
                                      -13.15288326    11.51053306
                                                      -8.18059700
     0.47258283    1    -0.72646091
                         0.05530956
     0.26876196    1   -22.75147607
                         0.01609128
