Tl GTH-PBE-q13
    2    1   10
     0.55000000    1    12.29058515
    3  SOC
     0.51280306    2     7.19017017    -2.86301073
                                        3.69613096
     0.57711505    3     4.76094580    -3.67332496     0.00000000
                                        4.34633671     0.00000000
                                                       0.00000000
                         1.35297827    -2.28901237     0.68067754
                                        3.84162025    -1.61077704
                                                       1.14478780
     0.39323001    2   -11.01268700     6.42159202
                                       -7.28140093
                        -0.11559254     0.30671016
                                       -0.34777664
