Tm GTH-PBE-q23
    4    6    0   13
     0.50234443    2    17.68675860    -1.59907075
    4  SOC
     0.41312714    2    -3.20033933     4.64501695
                                       -5.99669110
     0.41759033    3    -3.17289513     2.80513657     0.00000000
                                       -3.31908235     0.00000000
                                                       0.00000000
                         2.55564771    -6.24092488     7.42426380
                                       19.74462887   -17.56901479
                                                      12.48639214
     0.39281519    1    -1.44965467
                         0.11677823
     0.24385920    1   -28.31696046
                         0.02372319
