U GTH-PBE-q14_old
    4    6    1    3
     0.48000000    2    48.86182633    -4.59713581
    4  SOC
     0.51405537    3    -0.65017014    -1.15225083     1.84763553
                                        4.49272884    -4.77057442
                                                       3.78652606
     0.40934387    3     3.58555843    -6.88134873     4.03097788
                                       14.85308504    -9.53903470
                                                       6.77944264
                         4.13946448    -4.41470018     1.59048432
                                        7.87145752    -3.76377285
                                                       2.67493336
     0.67885536    2     0.53789816     0.48180765
                                       -0.54631852
                         0.06132316    -0.00468730
                                        0.00531490
     0.32134043    1   -16.65115610
                         0.03554891
