U GTH-PBE-q32
    6   12   11    3
     0.24000000    2   151.02187550   -12.05891406
    4
     0.18451083    3     6.45135424    21.38433629   -15.12658774
                                      -52.21045623    39.05668160
                                                     -31.00027996
     0.21191696    3     3.72006430     1.75029297    -1.30654851
                                       -4.24617857     3.09185809
                                                      -2.19739997
                         9.06354743     0.43642879    -7.01046859
                                      -12.18775055    16.58979659
                                                     -11.79045657
     0.52782702    2     0.96820465    -0.63182672
                                        0.71642416
                         0.31518768    -0.21842699
                                        0.24767293
     0.25665503    1    -0.15828618
                         0.08867623
