W GTH-PBE-q14
    4    6    4
     0.54000000    2    13.41481123    -2.21345603
    3  SOC
     0.39702790    3    -4.14121089     3.83542346     2.23317927
                                       -1.31924404    -5.76604408
                                                       4.57665561
     0.35353069    3    -7.45623626     8.11232637     0.00000000
                                       -9.59863401     0.00000000
                                                       0.00000000
                         1.42485618    -0.04791036    -0.23348205
                                       -0.33202370     0.55251937
                                                      -0.39267845
     0.41210703    2    -0.95466075    -1.06744623
                                        1.21037026
                         0.07015958     0.01318853
                                       -0.01495438
