Yb GTH-PBE-q24
    4    6    0   14
     0.49808783    2    17.08328394    -1.56295270
    4
     0.40553079    2    -3.55061134     5.03314458
                                       -6.49776171
     0.42489671    3    -3.13538311     2.14082491     0.00000000
                                       -2.53305819     0.00000000
                                                       0.00000000
                        -0.03061526     2.18978914    -2.38963165
                                       -6.56936572     5.65490060
                                                      -4.01896790
     0.44507157    1    -0.91407703
                         0.06796310
     0.23857822    1   -29.66528314
                         0.02565096
