   40             4.00000 ng, rij 
     1.928     8.000                                       rcov,rprb 
 r                           (non)relativistic calculation
 PBE                         XC-functional
  4.000  4.000    0.2000000000   -0.3338073685E+02    0.2012524234E+02   -0.3394370915E+01    0.1514986764E+00  znuc,zion,rloc,gpot()
  -1                                                       lpx, (Projectors for l=0..lpx)
 ---------------------------------------------
 Additional information (last calculation):
 gaussian exponents:
 xp():   141.42135623730948        100.00000000000000        70.710678118654755        50.000000000000028        35.355339059327392        25.000000000000007        17.677669529663703        12.500000000000009        8.8388347648318515        6.2500000000000071        4.4194173824159275        3.1250000000000036        2.2097086912079633        1.5625000000000018        1.1048543456039821       0.78125000000000122       0.55242717280199116       0.39062500000000083       0.27621358640099575       0.19531250000000042       0.13810679320049787        9.7656250000000236E-002   6.9053396600248951E-002   4.8828125000000125E-002   3.4526698300124482E-002   2.4414062500000066E-002   1.7263349150062245E-002   1.2207031250000036E-002   8.6316745750311223E-003   6.1035156250000191E-003   4.3158372875155638E-003   3.0517578125000104E-003   2.1579186437577823E-003   1.5258789062500054E-003   1.0789593218788914E-003   7.6293945312500293E-004   5.3947966093944580E-004   3.8146972656250152E-004   2.6973983046972290E-004   1.9073486328125081E-004
 orbital coefficients (one orbital per column)
 l,ispin:           0           1
 psi n=1,noccmax(l):
    0.3052828327E-01    0.1378001880E-01    0.4813488261E-02    0.3851309686E-02
   -0.1362185098E+00   -0.8187153332E-01   -0.2852005371E-01   -0.2273048827E-01
    0.3690787853E+00    0.2363646060E+00    0.8244612351E-01    0.6583995437E-01
   -0.6973556718E+00   -0.4741907761E+00   -0.1658334392E+00   -0.1329479517E+00
    0.8861734453E+00    0.7744838504E+00    0.2715792282E+00    0.2185294135E+00
   -0.2038117479E+01   -0.7867877490E+00   -0.2831099876E+00   -0.2361992420E+00
   -0.1111407346E+00    0.1301464017E+01    0.4629515020E+00    0.3786943667E+00
   -0.4391988780E+01    0.1151634070E+00   -0.1470606213E-02   -0.4950652708E-01
    0.2453379794E+01   -0.1244607171E+01   -0.3743252594E+00   -0.2177485294E+00
   -0.2774315706E+01    0.3700072272E+01    0.1198568589E+01    0.8160390935E+00
   -0.1604684500E+01   -0.4998538044E+01   -0.1639526816E+01   -0.1132059274E+01
    0.1004952531E+01    0.6515307148E+01    0.2155391043E+01    0.1503214253E+01
   -0.3458550339E+01   -0.5673808300E+01   -0.1880471816E+01   -0.1290617887E+01
    0.1637384994E+01    0.5060992500E+01    0.1684233322E+01    0.1135421586E+01
   -0.2308005283E+01   -0.3610622710E+01   -0.1203183928E+01   -0.7681864994E+00
    0.1159967457E+01    0.3026480431E+01    0.1020509448E+01    0.6202836978E+00
   -0.1179898302E+01   -0.2048167912E+01   -0.6915039326E+00   -0.3597500425E+00
    0.7368557183E+00    0.1580181131E+01    0.5283732815E+00    0.2169186024E+00
   -0.5687513888E+00   -0.1151568176E+01   -0.3517489101E+00   -0.5300777050E-01
    0.3981874638E+00    0.7559829221E+00    0.1853526601E+00   -0.1159513778E+00
   -0.2807035597E+00   -0.8280285872E+00   -0.2878861870E+00    0.8260200551E-01
    0.1949760711E+00    0.4037374998E+00    0.2193842598E+00   -0.1813097971E+00
   -0.1338679213E+00   -0.4678685051E+00   -0.3102953385E+00    0.1611406716E+00
    0.9087493640E-01    0.2003043066E+00    0.1388970547E+00   -0.3821070607E+00
   -0.6101720577E-01   -0.2252986177E+00   -0.2260845726E+00    0.3755320532E+00
    0.4053292613E-01    0.1232396228E+00    0.1885741866E+00   -0.4322833372E+00
   -0.2663792663E-01   -0.9609557632E-01   -0.1476980403E+00    0.4225606992E+00
    0.1731141857E-01    0.6288116550E-01    0.1434072279E+00   -0.3452369722E+00
   -0.1111315369E-01   -0.4165886747E-01   -0.6317113426E-01    0.2868721738E+00
    0.7033491784E-02    0.2666208059E-01    0.9905931878E-01    0.2410616158E+00
   -0.4374971746E-02   -0.1650687765E-01   -0.2615572476E-01   -0.3301029352E+00
    0.2661873971E-02    0.9839865519E-02    0.1663739132E-01    0.5926522688E-01
   -0.1573168483E-02   -0.5615782073E-02   -0.9392645600E-02   -0.1859186573E-01
    0.8940338193E-03    0.3044511867E-02    0.4973069020E-02    0.6832922523E-02
   -0.4815284849E-03   -0.1549813474E-02   -0.2464817984E-02   -0.2645026441E-02
    0.2407109544E-03    0.7278643309E-03    0.1127654201E-02    0.1018255332E-02
   -0.1083210631E-03   -0.3069311973E-03   -0.4642634353E-03   -0.3711203693E-03
    0.4191444258E-04    0.1113585908E-03    0.1649598683E-03    0.1209624543E-03
   -0.1296752985E-04   -0.3241106696E-04   -0.4717586216E-04   -0.3254338181E-04
    0.2818142680E-05    0.6662421716E-05    0.9559286673E-05    0.6315550349E-05
   -0.3178288012E-06   -0.7155668195E-06   -0.1015015271E-05   -0.6504471820E-06
 l,ispin:           1           1
 psi n=1,noccmax(l):
    0.2570622242E+00   -0.9644788062E-01   -0.8808287177E-01    0.9298408229E-01
   -0.1128171394E+01    0.4233216244E+00    0.3866052209E+00   -0.4082578130E+00
    0.2637987520E+01   -0.9900347778E+00   -0.9041883769E+00    0.9552090929E+00
   -0.4430675466E+01    0.1663303541E+01    0.1519121415E+01   -0.1605941849E+01
    0.6047061509E+01   -0.2271020999E+01   -0.2074161279E+01    0.2195600903E+01
   -0.7267157102E+01    0.2731853950E+01    0.2495568020E+01   -0.2645081806E+01
    0.7675992535E+01   -0.2888193194E+01   -0.2637845616E+01    0.2809341409E+01
   -0.8159360594E+01    0.3082261736E+01    0.2819129225E+01   -0.3002894448E+01
    0.6999877225E+01   -0.2657343642E+01   -0.2430494990E+01    0.2630001562E+01
   -0.4790524530E+01    0.1838885256E+01    0.1680230942E+01   -0.1897552053E+01
    0.2032199550E+01   -0.8105876944E+00   -0.7360169673E+00    0.9702902300E+00
   -0.1519787014E+00    0.1107259438E+00    0.9436167230E-01   -0.3355812562E+00
   -0.9707679942E+00    0.3144738094E+00    0.2969808845E+00   -0.5887622167E-01
    0.8097666736E+00   -0.2574251162E+00   -0.2437665402E+00    0.1963846332E-01
   -0.7901404729E+00    0.2583506717E+00    0.2453110011E+00   -0.3536668593E-01
    0.4277100818E+00   -0.1258062915E+00   -0.1222649011E+00   -0.7226780820E-01
   -0.4075285665E+00    0.1263579846E+00    0.1230957901E+00    0.5797265121E-01
    0.1332455472E+00   -0.2338255194E-01   -0.2579722894E-01   -0.1424617743E+00
   -0.1844867842E+00    0.4538812097E-01    0.4406704877E-01    0.1139481422E+00
    0.1364974466E-01    0.2598939897E-01    0.2805383207E-01   -0.1783722878E+00
   -0.1118465189E+00    0.1921485168E-01    0.1037789170E-01    0.1322753116E+00
    0.6858165470E-02    0.9672622694E-02    0.1970620195E-01   -0.1533933132E+00
   -0.4732570957E-01    0.1684449716E-01    0.2160632113E-02    0.1220838382E+00
   -0.2480707496E-02    0.4663198232E-02    0.2610269438E-01   -0.1461021389E+00
   -0.1767342767E-01    0.8658161023E-02   -0.2059448220E-01    0.1383154782E+00
    0.8567941060E-03   -0.8366548327E-02    0.2398761352E-01   -0.1405180289E+00
   -0.4461520547E-02    0.6919179425E-02   -0.2676694320E-01    0.1493546407E+00
    0.1197181475E-02   -0.8587759996E-02    0.2044566786E-01   -0.1594925779E+00
   -0.9682945337E-03    0.3158691143E-02   -0.2306529229E-01    0.2169817267E+00
    0.4804796594E-03   -0.7561388673E-02   -0.1310927234E-01   -0.1558655046E+00
   -0.2494296767E-03    0.3601851789E-03    0.1976206742E-01    0.2559555905E-01
    0.1241264264E-03   -0.3754356959E-03   -0.3745547658E-02    0.1590949746E-01
   -0.5911677313E-04    0.1997169743E-03    0.1171027055E-02   -0.7005756314E-02
    0.2678508771E-04   -0.9353651126E-04   -0.4150223429E-03    0.2847288218E-02
   -0.1143840321E-04    0.4028399151E-04    0.1511118559E-03   -0.1113652237E-02
    0.4534542948E-05   -0.1594898676E-04   -0.5372213147E-04    0.4126014060E-03
   -0.1627950766E-05    0.5696434358E-05    0.1786691829E-04   -0.1406812508E-03
    0.5083110655E-06   -0.1767518377E-05   -0.5283098918E-05    0.4224195110E-04
   -0.1289613762E-06    0.4456878693E-06    0.1289005912E-05   -0.1040582150E-04
    0.2344387510E-07   -0.8058291760E-07   -0.2278329235E-06    0.1850376988E-05
   -0.2261756448E-08    0.7739054124E-08    0.2153971920E-07   -0.1756074461E-06
 l,ispin:           1           2
 psi n=1,noccmax(l):
    0.2570622242E+00   -0.9644788062E-01   -0.8808287177E-01    0.9298408229E-01
   -0.1128171394E+01    0.4233216244E+00    0.3866052209E+00   -0.4082578130E+00
    0.2637987520E+01   -0.9900347778E+00   -0.9041883769E+00    0.9552090929E+00
   -0.4430675466E+01    0.1663303541E+01    0.1519121415E+01   -0.1605941849E+01
    0.6047061509E+01   -0.2271020999E+01   -0.2074161279E+01    0.2195600903E+01
   -0.7267157102E+01    0.2731853950E+01    0.2495568020E+01   -0.2645081806E+01
    0.7675992535E+01   -0.2888193194E+01   -0.2637845616E+01    0.2809341409E+01
   -0.8159360594E+01    0.3082261736E+01    0.2819129225E+01   -0.3002894448E+01
    0.6999877225E+01   -0.2657343642E+01   -0.2430494990E+01    0.2630001562E+01
   -0.4790524530E+01    0.1838885256E+01    0.1680230942E+01   -0.1897552053E+01
    0.2032199550E+01   -0.8105876944E+00   -0.7360169673E+00    0.9702902300E+00
   -0.1519787014E+00    0.1107259438E+00    0.9436167230E-01   -0.3355812562E+00
   -0.9707679942E+00    0.3144738094E+00    0.2969808845E+00   -0.5887622167E-01
    0.8097666736E+00   -0.2574251162E+00   -0.2437665402E+00    0.1963846332E-01
   -0.7901404729E+00    0.2583506717E+00    0.2453110011E+00   -0.3536668593E-01
    0.4277100818E+00   -0.1258062915E+00   -0.1222649011E+00   -0.7226780820E-01
   -0.4075285665E+00    0.1263579846E+00    0.1230957901E+00    0.5797265121E-01
    0.1332455472E+00   -0.2338255194E-01   -0.2579722894E-01   -0.1424617743E+00
   -0.1844867842E+00    0.4538812097E-01    0.4406704877E-01    0.1139481422E+00
    0.1364974466E-01    0.2598939897E-01    0.2805383207E-01   -0.1783722878E+00
   -0.1118465189E+00    0.1921485168E-01    0.1037789170E-01    0.1322753116E+00
    0.6858165470E-02    0.9672622694E-02    0.1970620195E-01   -0.1533933132E+00
   -0.4732570957E-01    0.1684449716E-01    0.2160632113E-02    0.1220838382E+00
   -0.2480707496E-02    0.4663198232E-02    0.2610269438E-01   -0.1461021389E+00
   -0.1767342767E-01    0.8658161023E-02   -0.2059448220E-01    0.1383154782E+00
    0.8567941060E-03   -0.8366548327E-02    0.2398761352E-01   -0.1405180289E+00
   -0.4461520547E-02    0.6919179425E-02   -0.2676694320E-01    0.1493546407E+00
    0.1197181475E-02   -0.8587759996E-02    0.2044566786E-01   -0.1594925779E+00
   -0.9682945337E-03    0.3158691143E-02   -0.2306529229E-01    0.2169817267E+00
    0.4804796594E-03   -0.7561388673E-02   -0.1310927234E-01   -0.1558655046E+00
   -0.2494296767E-03    0.3601851789E-03    0.1976206742E-01    0.2559555905E-01
    0.1241264264E-03   -0.3754356959E-03   -0.3745547658E-02    0.1590949746E-01
   -0.5911677313E-04    0.1997169743E-03    0.1171027055E-02   -0.7005756314E-02
    0.2678508771E-04   -0.9353651126E-04   -0.4150223429E-03    0.2847288218E-02
   -0.1143840321E-04    0.4028399151E-04    0.1511118559E-03   -0.1113652237E-02
    0.4534542948E-05   -0.1594898676E-04   -0.5372213147E-04    0.4126014060E-03
   -0.1627950766E-05    0.5696434358E-05    0.1786691829E-04   -0.1406812508E-03
    0.5083110655E-06   -0.1767518377E-05   -0.5283098918E-05    0.4224195110E-04
   -0.1289613762E-06    0.4456878693E-06    0.1289005912E-05   -0.1040582150E-04
    0.2344387510E-07   -0.8058291760E-07   -0.2278329235E-06    0.1850376988E-05
   -0.2261756448E-08    0.7739054124E-08    0.2153971920E-07   -0.1756074461E-06
 l,ispin:           2           1
 psi n=1,noccmax(l):
   -0.2880536754E-01   -0.5600090227E-01   -0.5859910339E-01   -0.3372768922E+00    0.0000000000E+00
    0.1004409301E+00    0.1948943919E+00    0.2041037432E+00    0.1169320635E+01    0.0000000000E+00
   -0.1897947592E+00   -0.3672929765E+00   -0.3850890108E+00   -0.2191905884E+01    0.0000000000E+00
    0.2625513912E+00    0.5063088694E+00    0.5316436786E+00    0.3000098733E+01    0.0000000000E+00
   -0.3015096512E+00   -0.5789601609E+00   -0.6090540164E+00   -0.3400751152E+01    0.0000000000E+00
    0.3082199234E+00    0.5887252225E+00    0.6207672729E+00    0.3420269588E+01    0.0000000000E+00
   -0.2895529096E+00   -0.5510194676E+00   -0.5819928465E+00   -0.3176248208E+01    0.0000000000E+00
    0.2625082313E+00    0.4956626156E+00    0.5254912937E+00    0.2808607142E+01    0.0000000000E+00
   -0.2128529247E+00   -0.4068157832E+00   -0.4292902086E+00   -0.2365104289E+01    0.0000000000E+00
    0.1447730017E+00    0.2928478948E+00    0.3020307096E+00    0.1899015906E+01    0.0000000000E+00
   -0.7222215559E-01   -0.1745535872E+00   -0.1682557091E+00   -0.1459711458E+01    0.0000000000E+00
    0.1687059605E-01    0.8278817982E-01    0.6526091604E-01    0.1097578810E+01    0.0000000000E+00
    0.1533809651E-01   -0.2581777911E-01   -0.3050601728E-02   -0.8236486916E+00    0.0000000000E+00
   -0.2103907547E-01    0.8203729795E-02   -0.1259756162E-01    0.6407446007E+00    0.0000000000E+00
    0.2145922879E-01    0.2096899788E-03    0.1821684131E-01   -0.5010732998E+00    0.0000000000E+00
   -0.1684409777E-01   -0.8149765079E-05   -0.1424759748E-01    0.3989684421E+00    0.0000000000E+00
    0.1446099037E-01    0.1729770937E-02    0.1340257281E-01   -0.3147725659E+00    0.0000000000E+00
   -0.9492155947E-02    0.1260191467E-02   -0.7322004020E-02    0.2542739396E+00    0.0000000000E+00
    0.8868455517E-02    0.1055781053E-02    0.8161768503E-02   -0.1997738162E+00    0.0000000000E+00
   -0.6298595435E-02    0.3482891249E-04   -0.5148040362E-02    0.1611090968E+00    0.0000000000E+00
    0.7567964632E-02    0.4131036183E-02    0.9251758680E-02   -0.1226143041E+00    0.0000000000E+00
   -0.3746431831E-02   -0.8596819924E-03   -0.4647931908E-02    0.1012389521E+00    0.0000000000E+00
    0.3114367679E-02    0.1697241962E-02    0.5123342513E-02   -0.7968899065E-01    0.0000000000E+00
   -0.1224324615E-02   -0.2382544218E-03   -0.2491712321E-02    0.6688555201E-01    0.0000000000E+00
    0.1698385409E-02    0.2299960723E-02    0.4826779571E-02   -0.5126687020E-01    0.0000000000E+00
    0.9601190533E-04   -0.6704842332E-03   -0.2590381675E-02    0.4411173968E-01    0.0000000000E+00
    0.4091945203E-03    0.1927988785E-02    0.4227057241E-02   -0.3449146336E-01    0.0000000000E+00
    0.3483773095E-03   -0.8794923528E-03   -0.3141117384E-02    0.3061329688E-01    0.0000000000E+00
    0.8167171992E-04    0.1681768727E-02    0.6576177318E-02   -0.1775437641E-01    0.0000000000E+00
    0.3833616796E-03   -0.1033930957E-03   -0.6902880665E-02   -0.9855865834E-03    0.0000000000E+00
    0.1810960615E-04   -0.6747716026E-03    0.2277180123E-02    0.7268237378E-02    0.0000000000E+00
   -0.7611294046E-07    0.1252528822E-03   -0.6086181970E-04   -0.4022405460E-02    0.0000000000E+00
   -0.7284481338E-06   -0.3533113459E-04   -0.9324339712E-05    0.1228543707E-02    0.0000000000E+00
    0.4002999864E-06    0.1102014669E-04    0.6515449165E-05   -0.3905304675E-03    0.0000000000E+00
   -0.1664492933E-06   -0.3494812430E-05   -0.2665540099E-05    0.1242190348E-03    0.0000000000E+00
    0.6001062896E-07    0.1078642778E-05    0.9284570274E-06   -0.3823653248E-04    0.0000000000E+00
   -0.1910497384E-07   -0.3119085546E-06   -0.2868366985E-06    0.1100642194E-04    0.0000000000E+00
    0.5252686532E-08    0.8060605451E-07    0.7705966807E-07   -0.2830659677E-05    0.0000000000E+00
   -0.1176362641E-08   -0.1733023397E-07   -0.1696516589E-07    0.6059083239E-06    0.0000000000E+00
    0.1903236598E-09    0.2728379201E-08    0.2710865067E-08   -0.9503391819E-07    0.0000000000E+00
   -0.1653390576E-10   -0.2326927302E-09   -0.2333980329E-09    0.8080411372E-08    0.0000000000E+00
 l,ispin:           2           2
 psi n=1,noccmax(l):
   -0.2880536754E-01   -0.5600090227E-01   -0.5859910339E-01   -0.3372768922E+00    0.0000000000E+00
    0.1004409301E+00    0.1948943919E+00    0.2041037432E+00    0.1169320635E+01    0.0000000000E+00
   -0.1897947592E+00   -0.3672929765E+00   -0.3850890108E+00   -0.2191905884E+01    0.0000000000E+00
    0.2625513912E+00    0.5063088694E+00    0.5316436786E+00    0.3000098733E+01    0.0000000000E+00
   -0.3015096512E+00   -0.5789601609E+00   -0.6090540164E+00   -0.3400751152E+01    0.0000000000E+00
    0.3082199234E+00    0.5887252225E+00    0.6207672729E+00    0.3420269588E+01    0.0000000000E+00
   -0.2895529096E+00   -0.5510194676E+00   -0.5819928465E+00   -0.3176248208E+01    0.0000000000E+00
    0.2625082313E+00    0.4956626156E+00    0.5254912937E+00    0.2808607142E+01    0.0000000000E+00
   -0.2128529247E+00   -0.4068157832E+00   -0.4292902086E+00   -0.2365104289E+01    0.0000000000E+00
    0.1447730017E+00    0.2928478948E+00    0.3020307096E+00    0.1899015906E+01    0.0000000000E+00
   -0.7222215559E-01   -0.1745535872E+00   -0.1682557091E+00   -0.1459711458E+01    0.0000000000E+00
    0.1687059605E-01    0.8278817982E-01    0.6526091604E-01    0.1097578810E+01    0.0000000000E+00
    0.1533809651E-01   -0.2581777911E-01   -0.3050601728E-02   -0.8236486916E+00    0.0000000000E+00
   -0.2103907547E-01    0.8203729795E-02   -0.1259756162E-01    0.6407446007E+00    0.0000000000E+00
    0.2145922879E-01    0.2096899788E-03    0.1821684131E-01   -0.5010732998E+00    0.0000000000E+00
   -0.1684409777E-01   -0.8149765079E-05   -0.1424759748E-01    0.3989684421E+00    0.0000000000E+00
    0.1446099037E-01    0.1729770937E-02    0.1340257281E-01   -0.3147725659E+00    0.0000000000E+00
   -0.9492155947E-02    0.1260191467E-02   -0.7322004020E-02    0.2542739396E+00    0.0000000000E+00
    0.8868455517E-02    0.1055781053E-02    0.8161768503E-02   -0.1997738162E+00    0.0000000000E+00
   -0.6298595435E-02    0.3482891249E-04   -0.5148040362E-02    0.1611090968E+00    0.0000000000E+00
    0.7567964632E-02    0.4131036183E-02    0.9251758680E-02   -0.1226143041E+00    0.0000000000E+00
   -0.3746431831E-02   -0.8596819924E-03   -0.4647931908E-02    0.1012389521E+00    0.0000000000E+00
    0.3114367679E-02    0.1697241962E-02    0.5123342513E-02   -0.7968899065E-01    0.0000000000E+00
   -0.1224324615E-02   -0.2382544218E-03   -0.2491712321E-02    0.6688555201E-01    0.0000000000E+00
    0.1698385409E-02    0.2299960723E-02    0.4826779571E-02   -0.5126687020E-01    0.0000000000E+00
    0.9601190533E-04   -0.6704842332E-03   -0.2590381675E-02    0.4411173968E-01    0.0000000000E+00
    0.4091945203E-03    0.1927988785E-02    0.4227057241E-02   -0.3449146336E-01    0.0000000000E+00
    0.3483773095E-03   -0.8794923528E-03   -0.3141117384E-02    0.3061329688E-01    0.0000000000E+00
    0.8167171992E-04    0.1681768727E-02    0.6576177318E-02   -0.1775437641E-01    0.0000000000E+00
    0.3833616796E-03   -0.1033930957E-03   -0.6902880665E-02   -0.9855865834E-03    0.0000000000E+00
    0.1810960615E-04   -0.6747716026E-03    0.2277180123E-02    0.7268237378E-02    0.0000000000E+00
   -0.7611294046E-07    0.1252528822E-03   -0.6086181970E-04   -0.4022405460E-02    0.0000000000E+00
   -0.7284481338E-06   -0.3533113459E-04   -0.9324339712E-05    0.1228543707E-02    0.0000000000E+00
    0.4002999864E-06    0.1102014669E-04    0.6515449165E-05   -0.3905304675E-03    0.0000000000E+00
   -0.1664492933E-06   -0.3494812430E-05   -0.2665540099E-05    0.1242190348E-03    0.0000000000E+00
    0.6001062896E-07    0.1078642778E-05    0.9284570274E-06   -0.3823653248E-04    0.0000000000E+00
   -0.1910497384E-07   -0.3119085546E-06   -0.2868366985E-06    0.1100642194E-04    0.0000000000E+00
    0.5252686532E-08    0.8060605451E-07    0.7705966807E-07   -0.2830659677E-05    0.0000000000E+00
   -0.1176362641E-08   -0.1733023397E-07   -0.1696516589E-07    0.6059083239E-06    0.0000000000E+00
    0.1903236598E-09    0.2728379201E-08    0.2710865067E-08   -0.9503391819E-07    0.0000000000E+00
   -0.1653390576E-10   -0.2326927302E-09   -0.2333980329E-09    0.8080411372E-08    0.0000000000E+00
 l,ispin:           3           1
 psi n=1,noccmax(l):
   -0.6280930903E-01   -0.1204247751E+00    0.4790482032E+00    0.2263372533E+01    0.0000000000E+00
    0.1715139874E+00    0.3288193501E+00   -0.1308983679E+01   -0.6188296060E+01    0.0000000000E+00
   -0.2564365937E+00   -0.4915719197E+00    0.1958974753E+01    0.9269379420E+01    0.0000000000E+00
    0.2829575998E+00    0.5423168657E+00   -0.2164612076E+01   -0.1025576125E+02    0.0000000000E+00
   -0.2607973416E+00   -0.4997174283E+00    0.1999163802E+01    0.9489795306E+01    0.0000000000E+00
    0.2145617160E+00    0.4109728075E+00   -0.1649575859E+01   -0.7851570463E+01    0.0000000000E+00
   -0.1639445584E+00   -0.3138608772E+00    0.1265459081E+01    0.6045335261E+01    0.0000000000E+00
    0.1191425953E+00    0.2279178271E+00   -0.9249851308E+00   -0.4442248791E+01    0.0000000000E+00
   -0.8403223962E-01   -0.1606382812E+00    0.6558158996E+00    0.3164541784E+01    0.0000000000E+00
    0.5853945401E-01    0.1118902645E+00   -0.4571010886E+00   -0.2206911300E+01    0.0000000000E+00
   -0.4083257980E-01   -0.7811846004E-01    0.3162608910E+00    0.1516044890E+01    0.0000000000E+00
    0.2860409564E-01    0.5482281092E-01   -0.2180988879E+00   -0.1030746803E+01    0.0000000000E+00
   -0.2003510368E-01   -0.3847981241E-01    0.1499310722E+00    0.6962896719E+00    0.0000000000E+00
    0.1379541728E-01    0.2652160858E-01   -0.1021201872E+00   -0.4694299256E+00    0.0000000000E+00
   -0.9432666135E-02   -0.1814336514E-01    0.6926091390E-01    0.3159810908E+00    0.0000000000E+00
    0.6380346951E-02    0.1226754327E-01   -0.4671998683E-01   -0.2127162605E+00    0.0000000000E+00
   -0.4325893314E-02   -0.8314087061E-02    0.3153901490E-01    0.1430919273E+00    0.0000000000E+00
    0.2882432506E-02    0.5527391003E-02   -0.2112472474E-01   -0.9652091283E-01    0.0000000000E+00
   -0.1977667079E-02   -0.3789864996E-02    0.1433429794E-01    0.6492877611E-01    0.0000000000E+00
    0.1348781534E-02    0.2581866416E-02   -0.9707848463E-02   -0.4379135970E-01    0.0000000000E+00
   -0.9886373006E-03   -0.1915471854E-02    0.6844942391E-02    0.2922562497E-01    0.0000000000E+00
    0.6158963626E-03    0.1213412589E-02   -0.4539087056E-02   -0.1994144214E-01    0.0000000000E+00
   -0.3990108750E-03   -0.8198925444E-03    0.3113901641E-02    0.1352277830E-01    0.0000000000E+00
    0.2329829334E-03    0.5185330804E-03   -0.2090238154E-02   -0.9310095901E-02    0.0000000000E+00
   -0.1622454857E-03   -0.4262456841E-03    0.1604714915E-02    0.6155646575E-02    0.0000000000E+00
    0.4568803662E-04    0.2208694926E-03   -0.1055808967E-02   -0.4337669669E-02    0.0000000000E+00
   -0.2918035264E-04   -0.2056191065E-03    0.8978982625E-03    0.2791662460E-02    0.0000000000E+00
   -0.1436314383E-04    0.1059200222E-03   -0.6673899268E-03   -0.1903918189E-02    0.0000000000E+00
    0.5566238070E-05   -0.1187600653E-03    0.7941322761E-03    0.4115152475E-03    0.0000000000E+00
   -0.3497763986E-04   -0.5424336542E-04   -0.4823939017E-03    0.5865907082E-03    0.0000000000E+00
   -0.5327800004E-05    0.5890226601E-04    0.8878800878E-04   -0.5352705996E-03    0.0000000000E+00
    0.9345063606E-06   -0.8707959484E-05    0.1328068477E-04    0.2046715801E-03    0.0000000000E+00
   -0.2320370640E-06    0.2057284668E-05   -0.4748553648E-05   -0.4989911926E-04    0.0000000000E+00
    0.6258375054E-07   -0.5419665682E-06    0.1426903790E-05    0.1300181058E-04    0.0000000000E+00
   -0.1706335687E-07    0.1457054289E-06   -0.4066880774E-06   -0.3438175472E-05    0.0000000000E+00
    0.4526957922E-08   -0.3828971471E-07    0.1100592894E-06    0.8895871474E-06    0.0000000000E+00
   -0.1129117834E-08    0.9484733174E-08   -0.2769344799E-07   -0.2175044358E-06    0.0000000000E+00
    0.2532836690E-09   -0.2116758760E-08    0.6233867283E-08    0.4803868010E-07    0.0000000000E+00
   -0.4768883894E-10    0.3970229872E-09   -0.1174815688E-08   -0.8937665035E-08    0.0000000000E+00
    0.6648373931E-11   -0.5519076860E-10    0.1637425201E-09    0.1234809417E-08    0.0000000000E+00
   -0.5086587695E-12    0.4213533491E-11   -0.1251877428E-10   -0.9383608765E-10    0.0000000000E+00
 l,ispin:           3           2
 psi n=1,noccmax(l):
   -0.6280930903E-01   -0.1204247751E+00    0.4790482032E+00    0.2263372533E+01    0.0000000000E+00
    0.1715139874E+00    0.3288193501E+00   -0.1308983679E+01   -0.6188296060E+01    0.0000000000E+00
   -0.2564365937E+00   -0.4915719197E+00    0.1958974753E+01    0.9269379420E+01    0.0000000000E+00
    0.2829575998E+00    0.5423168657E+00   -0.2164612076E+01   -0.1025576125E+02    0.0000000000E+00
   -0.2607973416E+00   -0.4997174283E+00    0.1999163802E+01    0.9489795306E+01    0.0000000000E+00
    0.2145617160E+00    0.4109728075E+00   -0.1649575859E+01   -0.7851570463E+01    0.0000000000E+00
   -0.1639445584E+00   -0.3138608772E+00    0.1265459081E+01    0.6045335261E+01    0.0000000000E+00
    0.1191425953E+00    0.2279178271E+00   -0.9249851308E+00   -0.4442248791E+01    0.0000000000E+00
   -0.8403223962E-01   -0.1606382812E+00    0.6558158996E+00    0.3164541784E+01    0.0000000000E+00
    0.5853945401E-01    0.1118902645E+00   -0.4571010886E+00   -0.2206911300E+01    0.0000000000E+00
   -0.4083257980E-01   -0.7811846004E-01    0.3162608910E+00    0.1516044890E+01    0.0000000000E+00
    0.2860409564E-01    0.5482281092E-01   -0.2180988879E+00   -0.1030746803E+01    0.0000000000E+00
   -0.2003510368E-01   -0.3847981241E-01    0.1499310722E+00    0.6962896719E+00    0.0000000000E+00
    0.1379541728E-01    0.2652160858E-01   -0.1021201872E+00   -0.4694299256E+00    0.0000000000E+00
   -0.9432666135E-02   -0.1814336514E-01    0.6926091390E-01    0.3159810908E+00    0.0000000000E+00
    0.6380346951E-02    0.1226754327E-01   -0.4671998683E-01   -0.2127162605E+00    0.0000000000E+00
   -0.4325893314E-02   -0.8314087061E-02    0.3153901490E-01    0.1430919273E+00    0.0000000000E+00
    0.2882432506E-02    0.5527391003E-02   -0.2112472474E-01   -0.9652091283E-01    0.0000000000E+00
   -0.1977667079E-02   -0.3789864996E-02    0.1433429794E-01    0.6492877611E-01    0.0000000000E+00
    0.1348781534E-02    0.2581866416E-02   -0.9707848463E-02   -0.4379135970E-01    0.0000000000E+00
   -0.9886373006E-03   -0.1915471854E-02    0.6844942391E-02    0.2922562497E-01    0.0000000000E+00
    0.6158963626E-03    0.1213412589E-02   -0.4539087056E-02   -0.1994144214E-01    0.0000000000E+00
   -0.3990108750E-03   -0.8198925444E-03    0.3113901641E-02    0.1352277830E-01    0.0000000000E+00
    0.2329829334E-03    0.5185330804E-03   -0.2090238154E-02   -0.9310095901E-02    0.0000000000E+00
   -0.1622454857E-03   -0.4262456841E-03    0.1604714915E-02    0.6155646575E-02    0.0000000000E+00
    0.4568803662E-04    0.2208694926E-03   -0.1055808967E-02   -0.4337669669E-02    0.0000000000E+00
   -0.2918035264E-04   -0.2056191065E-03    0.8978982625E-03    0.2791662460E-02    0.0000000000E+00
   -0.1436314383E-04    0.1059200222E-03   -0.6673899268E-03   -0.1903918189E-02    0.0000000000E+00
    0.5566238070E-05   -0.1187600653E-03    0.7941322761E-03    0.4115152475E-03    0.0000000000E+00
   -0.3497763986E-04   -0.5424336542E-04   -0.4823939017E-03    0.5865907082E-03    0.0000000000E+00
   -0.5327800004E-05    0.5890226601E-04    0.8878800878E-04   -0.5352705996E-03    0.0000000000E+00
    0.9345063606E-06   -0.8707959484E-05    0.1328068477E-04    0.2046715801E-03    0.0000000000E+00
   -0.2320370640E-06    0.2057284668E-05   -0.4748553648E-05   -0.4989911926E-04    0.0000000000E+00
    0.6258375054E-07   -0.5419665682E-06    0.1426903790E-05    0.1300181058E-04    0.0000000000E+00
   -0.1706335687E-07    0.1457054289E-06   -0.4066880774E-06   -0.3438175472E-05    0.0000000000E+00
    0.4526957922E-08   -0.3828971471E-07    0.1100592894E-06    0.8895871474E-06    0.0000000000E+00
   -0.1129117834E-08    0.9484733174E-08   -0.2769344799E-07   -0.2175044358E-06    0.0000000000E+00
    0.2532836690E-09   -0.2116758760E-08    0.6233867283E-08    0.4803868010E-07    0.0000000000E+00
   -0.4768883894E-10    0.3970229872E-09   -0.1174815688E-08   -0.8937665035E-08    0.0000000000E+00
    0.6648373931E-11   -0.5519076860E-10    0.1637425201E-09    0.1234809417E-08    0.0000000000E+00
   -0.5086587695E-12    0.4213533491E-11   -0.1251877428E-10   -0.9383608765E-10    0.0000000000E+00
