   40             4.00000 ng, rij 
     2.513     8.000                                       rcov,rprb 
 r                           (non)relativistic calculation
 PBE                         XC-functional
  3.000  3.000    0.2000000000   -0.2224746975E+02    0.1149501347E+02   -0.1659163546E+01    0.6280295625E-01  znuc,zion,rloc,gpot()
  -1                                                       lpx, (Projectors for l=0..lpx)
 ---------------------------------------------
 Additional information (last calculation):
 gaussian exponents:
 xp():   141.42135623730948        100.00000000000000        70.710678118654755        50.000000000000028        35.355339059327392        25.000000000000007        17.677669529663703        12.500000000000009        8.8388347648318515        6.2500000000000071        4.4194173824159275        3.1250000000000036        2.2097086912079633        1.5625000000000018        1.1048543456039821       0.78125000000000122       0.55242717280199116       0.39062500000000083       0.27621358640099575       0.19531250000000042       0.13810679320049787        9.7656250000000236E-002   6.9053396600248951E-002   4.8828125000000125E-002   3.4526698300124482E-002   2.4414062500000066E-002   1.7263349150062245E-002   1.2207031250000036E-002   8.6316745750311223E-003   6.1035156250000191E-003   4.3158372875155638E-003   3.0517578125000104E-003   2.1579186437577823E-003   1.5258789062500054E-003   1.0789593218788914E-003   7.6293945312500293E-004   5.3947966093944580E-004   3.8146972656250152E-004   2.6973983046972290E-004   1.9073486328125081E-004
 orbital coefficients (one orbital per column)
 l,ispin:           0           1
 psi n=1,noccmax(l):
   -0.1271318293E-01   -0.2702383862E-01   -0.1268395732E-01    0.1061990760E-01
    0.8418069512E-01    0.1497995844E+00    0.7030008309E-01   -0.5890660245E-01
   -0.2538957179E+00   -0.4416093122E+00   -0.2072584973E+00    0.1737199893E+00
    0.5530104759E+00    0.9232315476E+00    0.4333266611E+00   -0.3633805344E+00
   -0.9778089334E+00   -0.1557235440E+01   -0.7309557854E+00    0.6133874430E+00
    0.1200145238E+01    0.2329304602E+01    0.1093864293E+01   -0.9178314331E+00
   -0.2429985300E+01   -0.2932274031E+01   -0.1375975168E+01    0.1158688179E+01
    0.5413948416E+00    0.4071821808E+01    0.1915416251E+01   -0.1606970500E+01
   -0.2300260714E+01   -0.4477803963E+01   -0.2108840407E+01    0.1779190849E+01
    0.1901226346E+01    0.5010995095E+01    0.2365640772E+01   -0.2003426155E+01
   -0.3659006030E+01   -0.4622888457E+01   -0.2184423989E+01    0.1877398497E+01
    0.2221640207E+01    0.4125359452E+01    0.1954823467E+01   -0.1714726280E+01
   -0.3137997247E+01   -0.2262240614E+01   -0.1072122716E+01    0.1029136248E+01
    0.9464343642E+00    0.4321547955E+00    0.2027150543E+00   -0.3551563241E+00
   -0.1081805168E+01    0.1670377223E+01    0.8103787027E+00   -0.4364918137E+00
   -0.4620670212E+00   -0.2226686443E+01   -0.1089147394E+01    0.6383495560E+00
    0.3094219849E-01    0.2310765382E+01    0.1151996428E+01   -0.6674210986E+00
   -0.4656286325E+00   -0.1778996600E+01   -0.9086148708E+00    0.4434806700E+00
    0.2113273657E+00    0.1493302605E+01    0.7813696065E+00   -0.3072098730E+00
   -0.2480222410E+00   -0.1127938451E+01   -0.6075303195E+00    0.1232068945E+00
    0.1651605807E+00    0.9795293203E+00    0.5901060274E+00   -0.7487030711E-01
   -0.1259969165E+00   -0.7767124247E+00   -0.5800208006E+00    0.4701050979E-01
    0.8991147379E-01    0.4309770355E+00    0.4000113453E+00    0.1404281776E+00
   -0.6320894471E-01   -0.4248065189E+00   -0.3468140210E+00   -0.2476172334E+00
    0.4362760093E-01    0.2007677071E+00    0.1613405502E+00    0.5089474670E+00
   -0.2962067738E-01   -0.2390558182E+00   -0.2895955357E+00   -0.3955566433E+00
    0.1979736329E-01    0.1108924179E+00    0.1767055773E+00    0.4542494974E+00
   -0.1302632591E-01   -0.9850483769E-01   -0.1427387227E+00   -0.3485409848E+00
    0.8431875161E-02    0.5937932478E-01    0.1222505367E+00    0.2745717941E+00
   -0.5360256325E-02   -0.3883349282E-01    0.1764682253E-02   -0.7387203699E+00
    0.3336901228E-02    0.2402571486E-01    0.5122911647E-01    0.5768417880E+00
   -0.2025001821E-02   -0.1427306762E-01   -0.2571023221E-01   -0.1408319279E+00
    0.1189865796E-02    0.8096648142E-02    0.1350193728E-01    0.5750424817E-01
   -0.6703430628E-03   -0.4354868221E-02   -0.6887130782E-02   -0.2574625042E-01
    0.3570075636E-03    0.2197231151E-02    0.3337144287E-02    0.1152389230E-01
   -0.1760993533E-03   -0.1022604011E-02   -0.1504478354E-02   -0.4931205720E-02
    0.7807776909E-04    0.4275112230E-03    0.6133226812E-03    0.1939721084E-02
   -0.2974203027E-04   -0.1539017098E-03   -0.2164566304E-03   -0.6676669830E-03
    0.9057571075E-05    0.4449190164E-04    0.6161475475E-04    0.1867157730E-03
   -0.1938769425E-05   -0.9094263014E-05   -0.1244453345E-04   -0.3723853153E-04
    0.2156195143E-06    0.9722845123E-06    0.1318373807E-05    0.3909615926E-05
 l,ispin:           1           1
 psi n=1,noccmax(l):
    0.1555690563E+00    0.9114493825E-01    0.7973590399E-01   -0.6465853782E-01
   -0.6874840310E+00   -0.4028231496E+00   -0.3524308316E+00    0.2859621166E+00
    0.1619738783E+01    0.9491483385E+00    0.8304815965E+00   -0.6742816929E+00
   -0.2753874179E+01   -0.1613947924E+01   -0.1412340307E+01    0.1147755768E+01
    0.3839580825E+01    0.2250644561E+01    0.1969837409E+01   -0.1602784971E+01
   -0.4698472988E+01   -0.2754273122E+01   -0.2410843443E+01    0.1963307308E+01
    0.5309112624E+01    0.3113729728E+01    0.2726591311E+01   -0.2226019678E+01
   -0.5510373926E+01   -0.3227573143E+01   -0.2823610886E+01    0.2294426672E+01
    0.5716545249E+01    0.3353288367E+01    0.2936918886E+01   -0.2400387866E+01
   -0.5708326665E+01   -0.3353499081E+01   -0.2940091400E+01    0.2411232092E+01
    0.5495084032E+01    0.3235433276E+01    0.2840114657E+01   -0.2330349256E+01
   -0.4872220935E+01   -0.2873172185E+01   -0.2522269490E+01    0.2039603885E+01
    0.3967674631E+01    0.2348450130E+01    0.2062193824E+01   -0.1613809733E+01
   -0.2644171828E+01   -0.1570560449E+01   -0.1374357794E+01    0.9630492381E+00
    0.1448669413E+01    0.8686828878E+00    0.7545199142E+00   -0.3793124993E+00
   -0.5673545161E+00   -0.3444608385E+00   -0.2888713901E+00   -0.5744941070E-01
    0.2710811408E+00    0.1688418504E+00    0.1349309728E+00    0.1880123319E+00
   -0.8886902901E-01   -0.5621212918E-01   -0.3502372375E-01   -0.2689473474E+00
    0.7764393204E-01    0.5115382267E-01    0.3446307125E-01    0.2507073537E+00
   -0.1141909711E-01   -0.1049215519E-01   -0.1371760845E-02   -0.2670734843E+00
    0.1808792801E-01    0.1457807461E-01    0.1015344682E-01    0.2422228275E+00
    0.2709681286E-01    0.2594953800E-01    0.2786917226E-01   -0.2728480394E+00
    0.2301300613E-01    0.2578153057E-02    0.7932027930E-03    0.2369697807E+00
    0.9762657495E-02    0.1457050809E-01    0.9746650731E-02   -0.2420983617E+00
    0.1341384991E-01    0.7615186504E-02    0.2210118590E-01    0.1984230599E+00
    0.7714128026E-02    0.1276713241E-01   -0.6680353573E-02   -0.2095443370E+00
    0.5160397123E-02   -0.5651336157E-02    0.1259848951E-01    0.2036488299E+00
    0.1554990267E-02    0.5352985372E-02   -0.1016142199E-01   -0.2134059229E+00
    0.8212493635E-03   -0.5731022137E-02    0.5687713278E-03    0.2579524003E+00
   -0.8812730929E-04   -0.3375408964E-02   -0.3413146937E-01   -0.1529934667E+00
    0.7090482779E-04   -0.2565069861E-02    0.2958368690E-01    0.4361296303E-02
   -0.3609696284E-04    0.1002395351E-02   -0.6759640835E-02    0.2871635625E-01
    0.1720486909E-04   -0.4371247882E-03    0.2429460400E-02   -0.1187505050E-01
   -0.7758104235E-05    0.1877505294E-03   -0.9451347802E-03    0.4738805034E-02
    0.3292748386E-05   -0.7715195997E-04    0.3661629171E-03   -0.1838683212E-02
   -0.1297490557E-05    0.2969848606E-04   -0.1356961397E-03    0.6783146019E-03
    0.4633157649E-06   -0.1042053703E-04    0.4640860625E-04   -0.2306858749E-03
   -0.1440103239E-06    0.3196146186E-05   -0.1398410525E-04    0.6915233181E-04
    0.3640115590E-07   -0.7997574580E-06    0.3455862996E-05   -0.1701572011E-04
   -0.6597897267E-08    0.1438561971E-06   -0.6161613120E-06    0.3023388673E-05
    0.6350745901E-09   -0.1376743668E-07    0.5859926411E-07   -0.2867716902E-06
 l,ispin:           1           2
 psi n=1,noccmax(l):
    0.1555690563E+00    0.9114493825E-01    0.7973590399E-01   -0.6465853782E-01
   -0.6874840310E+00   -0.4028231496E+00   -0.3524308316E+00    0.2859621166E+00
    0.1619738783E+01    0.9491483385E+00    0.8304815965E+00   -0.6742816929E+00
   -0.2753874179E+01   -0.1613947924E+01   -0.1412340307E+01    0.1147755768E+01
    0.3839580825E+01    0.2250644561E+01    0.1969837409E+01   -0.1602784971E+01
   -0.4698472988E+01   -0.2754273122E+01   -0.2410843443E+01    0.1963307308E+01
    0.5309112624E+01    0.3113729728E+01    0.2726591311E+01   -0.2226019678E+01
   -0.5510373926E+01   -0.3227573143E+01   -0.2823610886E+01    0.2294426672E+01
    0.5716545249E+01    0.3353288367E+01    0.2936918886E+01   -0.2400387866E+01
   -0.5708326665E+01   -0.3353499081E+01   -0.2940091400E+01    0.2411232092E+01
    0.5495084032E+01    0.3235433276E+01    0.2840114657E+01   -0.2330349256E+01
   -0.4872220935E+01   -0.2873172185E+01   -0.2522269490E+01    0.2039603885E+01
    0.3967674631E+01    0.2348450130E+01    0.2062193824E+01   -0.1613809733E+01
   -0.2644171828E+01   -0.1570560449E+01   -0.1374357794E+01    0.9630492381E+00
    0.1448669413E+01    0.8686828878E+00    0.7545199142E+00   -0.3793124993E+00
   -0.5673545161E+00   -0.3444608385E+00   -0.2888713901E+00   -0.5744941070E-01
    0.2710811408E+00    0.1688418504E+00    0.1349309728E+00    0.1880123319E+00
   -0.8886902901E-01   -0.5621212918E-01   -0.3502372375E-01   -0.2689473474E+00
    0.7764393204E-01    0.5115382267E-01    0.3446307125E-01    0.2507073537E+00
   -0.1141909711E-01   -0.1049215519E-01   -0.1371760845E-02   -0.2670734843E+00
    0.1808792801E-01    0.1457807461E-01    0.1015344682E-01    0.2422228275E+00
    0.2709681286E-01    0.2594953800E-01    0.2786917226E-01   -0.2728480394E+00
    0.2301300613E-01    0.2578153057E-02    0.7932027930E-03    0.2369697807E+00
    0.9762657495E-02    0.1457050809E-01    0.9746650731E-02   -0.2420983617E+00
    0.1341384991E-01    0.7615186504E-02    0.2210118590E-01    0.1984230599E+00
    0.7714128026E-02    0.1276713241E-01   -0.6680353573E-02   -0.2095443370E+00
    0.5160397123E-02   -0.5651336157E-02    0.1259848951E-01    0.2036488299E+00
    0.1554990267E-02    0.5352985372E-02   -0.1016142199E-01   -0.2134059229E+00
    0.8212493635E-03   -0.5731022137E-02    0.5687713278E-03    0.2579524003E+00
   -0.8812730929E-04   -0.3375408964E-02   -0.3413146937E-01   -0.1529934667E+00
    0.7090482779E-04   -0.2565069861E-02    0.2958368690E-01    0.4361296303E-02
   -0.3609696284E-04    0.1002395351E-02   -0.6759640835E-02    0.2871635625E-01
    0.1720486909E-04   -0.4371247882E-03    0.2429460400E-02   -0.1187505050E-01
   -0.7758104235E-05    0.1877505294E-03   -0.9451347802E-03    0.4738805034E-02
    0.3292748386E-05   -0.7715195997E-04    0.3661629171E-03   -0.1838683212E-02
   -0.1297490557E-05    0.2969848606E-04   -0.1356961397E-03    0.6783146019E-03
    0.4633157649E-06   -0.1042053703E-04    0.4640860625E-04   -0.2306858749E-03
   -0.1440103239E-06    0.3196146186E-05   -0.1398410525E-04    0.6915233181E-04
    0.3640115590E-07   -0.7997574580E-06    0.3455862996E-05   -0.1701572011E-04
   -0.6597897267E-08    0.1438561971E-06   -0.6161613120E-06    0.3023388673E-05
    0.6350745901E-09   -0.1376743668E-07    0.5859926411E-07   -0.2867716902E-06
 l,ispin:           2           1
 psi n=1,noccmax(l):
    0.4741694403E-01   -0.8159140281E-01   -0.8219928751E-01    0.1622873367E+00    0.0000000000E+00
   -0.1652783670E+00    0.2838144587E+00    0.2861603531E+00   -0.5603441131E+00    0.0000000000E+00
    0.3122301781E+00   -0.5345731642E+00   -0.5396208181E+00    0.1044079464E+01    0.0000000000E+00
   -0.4322423430E+00    0.7368968352E+00    0.7451087264E+00   -0.1416624249E+01    0.0000000000E+00
    0.4982170011E+00   -0.8442397385E+00   -0.8556991173E+00    0.1585981354E+01    0.0000000000E+00
   -0.5129787590E+00    0.8620693854E+00    0.8766533746E+00   -0.1567420302E+01    0.0000000000E+00
    0.4935176600E+00   -0.8199767854E+00   -0.8376584444E+00    0.1422209467E+01    0.0000000000E+00
   -0.4529688595E+00    0.7431300435E+00    0.7629426530E+00   -0.1219721918E+01    0.0000000000E+00
    0.4118351402E+00   -0.6628330940E+00   -0.6858864000E+00    0.9915309038E+00    0.0000000000E+00
   -0.3715561038E+00    0.5848960126E+00    0.6109344613E+00   -0.7738776894E+00    0.0000000000E+00
    0.3301169831E+00   -0.5089526246E+00   -0.5364728854E+00    0.5885057310E+00    0.0000000000E+00
   -0.2808114371E+00    0.4277713615E+00    0.4534522309E+00   -0.4525147083E+00    0.0000000000E+00
    0.2220929520E+00   -0.3395444106E+00   -0.3598167471E+00    0.3676830906E+00    0.0000000000E+00
   -0.1503841870E+00    0.2395635226E+00    0.2500381939E+00   -0.3367110061E+00    0.0000000000E+00
    0.8316162730E-01   -0.1478455979E+00   -0.1483013724E+00    0.3267432934E+00    0.0000000000E+00
   -0.3496368881E-01    0.8083629555E-01    0.7439905484E-01   -0.3100872016E+00    0.0000000000E+00
    0.1434321887E-01   -0.4824820092E-01   -0.4034976614E-01    0.2681276834E+00    0.0000000000E+00
   -0.4792075860E-02    0.3026184908E-01    0.2269830406E-01   -0.2239869675E+00    0.0000000000E+00
    0.2053591256E-02   -0.2170650038E-01   -0.1566243412E-01    0.1808131000E+00    0.0000000000E+00
    0.8037479491E-03    0.1403779376E-01    0.9067158000E-02   -0.1477956865E+00    0.0000000000E+00
   -0.1609517377E-02   -0.9514357764E-02   -0.5670160159E-02    0.1196581759E+00    0.0000000000E+00
    0.2321840804E-02    0.5432561039E-02    0.2041704106E-02   -0.9902842307E-01    0.0000000000E+00
    0.7690758377E-03   -0.6803810899E-02   -0.5132865853E-02    0.7552006264E-01    0.0000000000E+00
    0.5232545176E-03    0.3702579964E-02    0.2992411825E-02   -0.6194202593E-01    0.0000000000E+00
    0.2518369314E-03   -0.3459714850E-02   -0.4381131095E-02    0.4712209393E-01    0.0000000000E+00
    0.8572079962E-03    0.4959165877E-03    0.1297368942E-02   -0.4145520394E-01    0.0000000000E+00
    0.6251126723E-03   -0.1548283585E-02   -0.3375019677E-02    0.3155367954E-01    0.0000000000E+00
    0.3385318081E-03   -0.4952287334E-04    0.1752207255E-02   -0.2879312855E-01    0.0000000000E+00
    0.3628126251E-03   -0.9742935550E-03   -0.4449630084E-02    0.1959966271E-01    0.0000000000E+00
    0.1658372083E-03    0.2272808265E-03    0.5922832565E-02   -0.2263662037E-02    0.0000000000E+00
    0.2663025655E-04    0.5675230572E-03   -0.2306625145E-02   -0.5349887873E-02    0.0000000000E+00
   -0.1014797111E-04   -0.1310097221E-03    0.1808603737E-03    0.3388722504E-02    0.0000000000E+00
    0.4013884215E-05    0.4180746233E-04   -0.3321649695E-04   -0.1060915968E-02    0.0000000000E+00
   -0.1518200584E-05   -0.1408668724E-04    0.7980332719E-05    0.3414587479E-03    0.0000000000E+00
    0.5426292923E-06    0.4696338744E-05   -0.2136115071E-05   -0.1094146165E-03    0.0000000000E+00
   -0.1809895426E-06   -0.1498095717E-05    0.5887392582E-06    0.3383891460E-04    0.0000000000E+00
    0.5511190175E-07    0.4428425166E-06   -0.1577039357E-06   -0.9771210119E-05    0.0000000000E+00
   -0.1474937603E-07   -0.1161494081E-06    0.3868820877E-07    0.2518356023E-05    0.0000000000E+00
    0.3247832875E-08    0.2522305035E-07   -0.8027599938E-08   -0.5398518371E-06    0.0000000000E+00
   -0.5198050634E-09   -0.3998025859E-08    0.1233469148E-08    0.8475960192E-07    0.0000000000E+00
    0.4483950470E-10    0.3425556136E-09   -0.1034585367E-09   -0.7211941779E-08    0.0000000000E+00
 l,ispin:           2           2
 psi n=1,noccmax(l):
    0.4741694403E-01   -0.8159140281E-01   -0.8219928751E-01    0.1622873367E+00    0.0000000000E+00
   -0.1652783670E+00    0.2838144587E+00    0.2861603531E+00   -0.5603441131E+00    0.0000000000E+00
    0.3122301781E+00   -0.5345731642E+00   -0.5396208181E+00    0.1044079464E+01    0.0000000000E+00
   -0.4322423430E+00    0.7368968352E+00    0.7451087264E+00   -0.1416624249E+01    0.0000000000E+00
    0.4982170011E+00   -0.8442397385E+00   -0.8556991173E+00    0.1585981354E+01    0.0000000000E+00
   -0.5129787590E+00    0.8620693854E+00    0.8766533746E+00   -0.1567420302E+01    0.0000000000E+00
    0.4935176600E+00   -0.8199767854E+00   -0.8376584444E+00    0.1422209467E+01    0.0000000000E+00
   -0.4529688595E+00    0.7431300435E+00    0.7629426530E+00   -0.1219721918E+01    0.0000000000E+00
    0.4118351402E+00   -0.6628330940E+00   -0.6858864000E+00    0.9915309038E+00    0.0000000000E+00
   -0.3715561038E+00    0.5848960126E+00    0.6109344613E+00   -0.7738776894E+00    0.0000000000E+00
    0.3301169831E+00   -0.5089526246E+00   -0.5364728854E+00    0.5885057310E+00    0.0000000000E+00
   -0.2808114371E+00    0.4277713615E+00    0.4534522309E+00   -0.4525147083E+00    0.0000000000E+00
    0.2220929520E+00   -0.3395444106E+00   -0.3598167471E+00    0.3676830906E+00    0.0000000000E+00
   -0.1503841870E+00    0.2395635226E+00    0.2500381939E+00   -0.3367110061E+00    0.0000000000E+00
    0.8316162730E-01   -0.1478455979E+00   -0.1483013724E+00    0.3267432934E+00    0.0000000000E+00
   -0.3496368881E-01    0.8083629555E-01    0.7439905484E-01   -0.3100872016E+00    0.0000000000E+00
    0.1434321887E-01   -0.4824820092E-01   -0.4034976614E-01    0.2681276834E+00    0.0000000000E+00
   -0.4792075860E-02    0.3026184908E-01    0.2269830406E-01   -0.2239869675E+00    0.0000000000E+00
    0.2053591256E-02   -0.2170650038E-01   -0.1566243412E-01    0.1808131000E+00    0.0000000000E+00
    0.8037479491E-03    0.1403779376E-01    0.9067158000E-02   -0.1477956865E+00    0.0000000000E+00
   -0.1609517377E-02   -0.9514357764E-02   -0.5670160159E-02    0.1196581759E+00    0.0000000000E+00
    0.2321840804E-02    0.5432561039E-02    0.2041704106E-02   -0.9902842307E-01    0.0000000000E+00
    0.7690758377E-03   -0.6803810899E-02   -0.5132865853E-02    0.7552006264E-01    0.0000000000E+00
    0.5232545176E-03    0.3702579964E-02    0.2992411825E-02   -0.6194202593E-01    0.0000000000E+00
    0.2518369314E-03   -0.3459714850E-02   -0.4381131095E-02    0.4712209393E-01    0.0000000000E+00
    0.8572079962E-03    0.4959165877E-03    0.1297368942E-02   -0.4145520394E-01    0.0000000000E+00
    0.6251126723E-03   -0.1548283585E-02   -0.3375019677E-02    0.3155367954E-01    0.0000000000E+00
    0.3385318081E-03   -0.4952287334E-04    0.1752207255E-02   -0.2879312855E-01    0.0000000000E+00
    0.3628126251E-03   -0.9742935550E-03   -0.4449630084E-02    0.1959966271E-01    0.0000000000E+00
    0.1658372083E-03    0.2272808265E-03    0.5922832565E-02   -0.2263662037E-02    0.0000000000E+00
    0.2663025655E-04    0.5675230572E-03   -0.2306625145E-02   -0.5349887873E-02    0.0000000000E+00
   -0.1014797111E-04   -0.1310097221E-03    0.1808603737E-03    0.3388722504E-02    0.0000000000E+00
    0.4013884215E-05    0.4180746233E-04   -0.3321649695E-04   -0.1060915968E-02    0.0000000000E+00
   -0.1518200584E-05   -0.1408668724E-04    0.7980332719E-05    0.3414587479E-03    0.0000000000E+00
    0.5426292923E-06    0.4696338744E-05   -0.2136115071E-05   -0.1094146165E-03    0.0000000000E+00
   -0.1809895426E-06   -0.1498095717E-05    0.5887392582E-06    0.3383891460E-04    0.0000000000E+00
    0.5511190175E-07    0.4428425166E-06   -0.1577039357E-06   -0.9771210119E-05    0.0000000000E+00
   -0.1474937603E-07   -0.1161494081E-06    0.3868820877E-07    0.2518356023E-05    0.0000000000E+00
    0.3247832875E-08    0.2522305035E-07   -0.8027599938E-08   -0.5398518371E-06    0.0000000000E+00
   -0.5198050634E-09   -0.3998025859E-08    0.1233469148E-08    0.8475960192E-07    0.0000000000E+00
    0.4483950470E-10    0.3425556136E-09   -0.1034585367E-09   -0.7211941779E-08    0.0000000000E+00
 l,ispin:           3           1
 psi n=1,noccmax(l):
    0.9542181262E-01    0.1892526376E+00    0.3986579811E+00    0.2264378961E+01    0.0000000000E+00
   -0.2605357643E+00   -0.5180184170E+00   -0.1090799869E+01   -0.6189851144E+01    0.0000000000E+00
    0.3894216721E+00    0.7771831485E+00    0.1635632072E+01    0.9268313082E+01    0.0000000000E+00
   -0.4294438694E+00   -0.8618969278E+00   -0.1812429068E+01   -0.1024811465E+02    0.0000000000E+00
    0.3953734545E+00    0.8002804995E+00    0.1680788963E+01    0.9473135202E+01    0.0000000000E+00
   -0.3246348581E+00   -0.6655399822E+00   -0.1395234474E+01   -0.7825722319E+01    0.0000000000E+00
    0.2470997445E+00    0.5164261408E+00    0.1079677041E+01    0.6011955065E+01    0.0000000000E+00
   -0.1785523371E+00   -0.3837187790E+00   -0.7991186345E+00   -0.4403501152E+01    0.0000000000E+00
    0.1239819424E+00    0.2782257910E+00    0.5760431876E+00    0.3123794720E+01    0.0000000000E+00
   -0.8326801245E-01   -0.1993601749E+00   -0.4093255764E+00   -0.2168074514E+01    0.0000000000E+00
    0.5427696406E-01    0.1422414751E+00    0.2888915949E+00    0.1482137210E+01    0.0000000000E+00
   -0.3456725875E-01   -0.1011344497E+00   -0.2029431509E+00   -0.1003114781E+01    0.0000000000E+00
    0.2186724449E-01    0.7121631667E-01    0.1414240546E+00    0.6753357214E+00    0.0000000000E+00
   -0.1440035900E-01   -0.4870348089E-01   -0.9644321753E-01   -0.4552474134E+00    0.0000000000E+00
    0.1017425534E-01    0.3198213646E-01    0.6386090215E-01    0.3085546533E+00    0.0000000000E+00
   -0.7526895678E-02   -0.2032159035E-01   -0.4132291393E-01   -0.2100882059E+00    0.0000000000E+00
    0.5373527945E-02    0.1309524938E-01    0.2703141710E-01    0.1425244169E+00    0.0000000000E+00
   -0.3735455716E-02   -0.8555427074E-02   -0.1787116134E-01   -0.9644655935E-01    0.0000000000E+00
    0.2521279202E-02    0.5699080136E-02    0.1199462259E-01    0.6507941900E-01    0.0000000000E+00
   -0.1740083459E-02   -0.3718392843E-02   -0.7957796798E-02   -0.4410281040E-01    0.0000000000E+00
    0.1194485888E-02    0.2415404835E-02    0.5277765621E-02    0.2996148116E-01    0.0000000000E+00
   -0.8076440721E-03   -0.1557877248E-02   -0.3482604448E-02   -0.2046548364E-01    0.0000000000E+00
    0.4196084060E-03    0.1210519225E-02    0.2622211507E-02    0.1359059480E-01    0.0000000000E+00
   -0.2915174739E-03   -0.7576796478E-03   -0.1755326598E-02   -0.9301124083E-02    0.0000000000E+00
    0.1731649977E-03    0.5074411625E-03    0.1267051466E-02    0.6245813768E-02    0.0000000000E+00
   -0.1372408737E-03   -0.2311647698E-03   -0.7407469931E-03   -0.4502690645E-02    0.0000000000E+00
    0.2130888243E-04    0.2316147782E-03    0.6885016419E-03    0.2888147299E-02    0.0000000000E+00
   -0.4238140493E-04   -0.7064872085E-04   -0.4202959827E-03   -0.2139747483E-02    0.0000000000E+00
   -0.8767397170E-05    0.1216984936E-03    0.5977747458E-03    0.8111865837E-03    0.0000000000E+00
   -0.2835032987E-04    0.1756488511E-04   -0.4417790980E-03    0.2962045380E-03    0.0000000000E+00
   -0.2992330726E-05   -0.4682620581E-04    0.1058614016E-03   -0.4230481971E-03    0.0000000000E+00
    0.6071159478E-06    0.7643111473E-05    0.3228240282E-05    0.1779100910E-03    0.0000000000E+00
   -0.1699645184E-06   -0.1888894515E-05   -0.1988705765E-05   -0.4460346722E-04    0.0000000000E+00
    0.4987892408E-07    0.5109308610E-06    0.6641781926E-06    0.1178917814E-04    0.0000000000E+00
   -0.1439998124E-07   -0.1396782770E-06   -0.1978673494E-06   -0.3143885710E-05    0.0000000000E+00
    0.3969828592E-08    0.3710966304E-07    0.5481062823E-07    0.8177896599E-06    0.0000000000E+00
   -0.1015923125E-08   -0.9259618793E-08   -0.1398117778E-07   -0.2006511489E-06    0.0000000000E+00
    0.2318441553E-09    0.2076665505E-08    0.3173941629E-08    0.4442068972E-07    0.0000000000E+00
   -0.4415794916E-10   -0.3907966218E-09   -0.6014034813E-09   -0.8277753752E-08    0.0000000000E+00
    0.6203905347E-11    0.5444787757E-10    0.8411986075E-10    0.1144891711E-08    0.0000000000E+00
   -0.4771277344E-12   -0.4163222652E-11   -0.6446461910E-11   -0.8706882111E-10    0.0000000000E+00
 l,ispin:           3           2
 psi n=1,noccmax(l):
    0.9542181262E-01    0.1892526376E+00    0.3986579811E+00    0.2264378961E+01    0.0000000000E+00
   -0.2605357643E+00   -0.5180184170E+00   -0.1090799869E+01   -0.6189851144E+01    0.0000000000E+00
    0.3894216721E+00    0.7771831485E+00    0.1635632072E+01    0.9268313082E+01    0.0000000000E+00
   -0.4294438694E+00   -0.8618969278E+00   -0.1812429068E+01   -0.1024811465E+02    0.0000000000E+00
    0.3953734545E+00    0.8002804995E+00    0.1680788963E+01    0.9473135202E+01    0.0000000000E+00
   -0.3246348581E+00   -0.6655399822E+00   -0.1395234474E+01   -0.7825722319E+01    0.0000000000E+00
    0.2470997445E+00    0.5164261408E+00    0.1079677041E+01    0.6011955065E+01    0.0000000000E+00
   -0.1785523371E+00   -0.3837187790E+00   -0.7991186345E+00   -0.4403501152E+01    0.0000000000E+00
    0.1239819424E+00    0.2782257910E+00    0.5760431876E+00    0.3123794720E+01    0.0000000000E+00
   -0.8326801245E-01   -0.1993601749E+00   -0.4093255764E+00   -0.2168074514E+01    0.0000000000E+00
    0.5427696406E-01    0.1422414751E+00    0.2888915949E+00    0.1482137210E+01    0.0000000000E+00
   -0.3456725875E-01   -0.1011344497E+00   -0.2029431509E+00   -0.1003114781E+01    0.0000000000E+00
    0.2186724449E-01    0.7121631667E-01    0.1414240546E+00    0.6753357214E+00    0.0000000000E+00
   -0.1440035900E-01   -0.4870348089E-01   -0.9644321753E-01   -0.4552474134E+00    0.0000000000E+00
    0.1017425534E-01    0.3198213646E-01    0.6386090215E-01    0.3085546533E+00    0.0000000000E+00
   -0.7526895678E-02   -0.2032159035E-01   -0.4132291393E-01   -0.2100882059E+00    0.0000000000E+00
    0.5373527945E-02    0.1309524938E-01    0.2703141710E-01    0.1425244169E+00    0.0000000000E+00
   -0.3735455716E-02   -0.8555427074E-02   -0.1787116134E-01   -0.9644655935E-01    0.0000000000E+00
    0.2521279202E-02    0.5699080136E-02    0.1199462259E-01    0.6507941900E-01    0.0000000000E+00
   -0.1740083459E-02   -0.3718392843E-02   -0.7957796798E-02   -0.4410281040E-01    0.0000000000E+00
    0.1194485888E-02    0.2415404835E-02    0.5277765621E-02    0.2996148116E-01    0.0000000000E+00
   -0.8076440721E-03   -0.1557877248E-02   -0.3482604448E-02   -0.2046548364E-01    0.0000000000E+00
    0.4196084060E-03    0.1210519225E-02    0.2622211507E-02    0.1359059480E-01    0.0000000000E+00
   -0.2915174739E-03   -0.7576796478E-03   -0.1755326598E-02   -0.9301124083E-02    0.0000000000E+00
    0.1731649977E-03    0.5074411625E-03    0.1267051466E-02    0.6245813768E-02    0.0000000000E+00
   -0.1372408737E-03   -0.2311647698E-03   -0.7407469931E-03   -0.4502690645E-02    0.0000000000E+00
    0.2130888243E-04    0.2316147782E-03    0.6885016419E-03    0.2888147299E-02    0.0000000000E+00
   -0.4238140493E-04   -0.7064872085E-04   -0.4202959827E-03   -0.2139747483E-02    0.0000000000E+00
   -0.8767397170E-05    0.1216984936E-03    0.5977747458E-03    0.8111865837E-03    0.0000000000E+00
   -0.2835032987E-04    0.1756488511E-04   -0.4417790980E-03    0.2962045380E-03    0.0000000000E+00
   -0.2992330726E-05   -0.4682620581E-04    0.1058614016E-03   -0.4230481971E-03    0.0000000000E+00
    0.6071159478E-06    0.7643111473E-05    0.3228240282E-05    0.1779100910E-03    0.0000000000E+00
   -0.1699645184E-06   -0.1888894515E-05   -0.1988705765E-05   -0.4460346722E-04    0.0000000000E+00
    0.4987892408E-07    0.5109308610E-06    0.6641781926E-06    0.1178917814E-04    0.0000000000E+00
   -0.1439998124E-07   -0.1396782770E-06   -0.1978673494E-06   -0.3143885710E-05    0.0000000000E+00
    0.3969828592E-08    0.3710966304E-07    0.5481062823E-07    0.8177896599E-06    0.0000000000E+00
   -0.1015923125E-08   -0.9259618793E-08   -0.1398117778E-07   -0.2006511489E-06    0.0000000000E+00
    0.2318441553E-09    0.2076665505E-08    0.3173941629E-08    0.4442068972E-07    0.0000000000E+00
   -0.4415794916E-10   -0.3907966218E-09   -0.6014034813E-09   -0.8277753752E-08    0.0000000000E+00
    0.6203905347E-11    0.5444787757E-10    0.8411986075E-10    0.1144891711E-08    0.0000000000E+00
   -0.4771277344E-12   -0.4163222652E-11   -0.6446461910E-11   -0.8706882111E-10    0.0000000000E+00
