   40             4.00000 ng, rij 
     2.680     5.370                                       rcov,rprb 
 r                           (non)relativistic calculation
 PBE                         XC-functional
 92.000 32.000    0.2400000000    0.1510218755E+03   -0.1205891406E+02    0.0000000000E+00    0.0000000000E+00  znuc,zion,rloc,gpot()
   3                                                       lpx, (Projectors for l=0..lpx)
    0.1845108274    0.6451354241E+01    0.2138433629E+02   -0.5221045623E+02   -0.1512658774E+02    0.3905668160E+02   -0.3100027996E+02  r_l(),hsep(), so=+0.5
    0.2119169566    0.8251838015E+01    0.1968507360E+01   -0.1034005385E+02   -0.4811782802E+01    0.1138675638E+02   -0.8092628250E+01  r_l(),hsep(), so=+0.5
   -0.5343483130E+01    0.1313864177E+01    0.7941571977E+01    0.5703920078E+01   -0.1349793850E+02    0.9593056598E+01         hsep(), so=-0.5
    0.5278270189    0.1283392333E+01   -0.8502537170E+00    0.9640970943E+00    0.0000000000E+00   -0.0000000000E+00    0.0000000000E+00  r_l(),hsep(), so=+0.5
    0.4954231286E+00   -0.3041862346E+00    0.3449147695E+00    0.0000000000E+00   -0.0000000000E+00    0.0000000000E+00         hsep(), so=-0.5
    0.2566550264   -0.2527183054E-01   -0.0000000000E+00    0.0000000000E+00    0.0000000000E+00   -0.0000000000E+00    0.0000000000E+00  r_l(),hsep(), so=+0.5
   -0.3356386416E+00   -0.0000000000E+00    0.0000000000E+00    0.0000000000E+00   -0.0000000000E+00    0.0000000000E+00         hsep(), so=-0.5
 ---------------------------------------------
 Additional information (last calculation):
 gaussian exponents:
 xp():   98.209275164798285        69.444444444444457        49.104637582399150        34.722222222222243        24.552318791199578        17.361111111111121        12.276159395599795        8.6805555555555642        6.1380796977998973        4.3402777777777830        3.0690398488999495        2.1701388888888919        1.5345199244499750        1.0850694444444460       0.76725996222498782       0.54253472222222332       0.38362998111249402       0.27126736111111172       0.19181499055624704       0.13563368055555589        9.5907495278123533E-002   6.7816840277777957E-002   4.7953747639061788E-002   3.3908420138888985E-002   2.3976873819530897E-002   1.6954210069444500E-002   1.1988436909765450E-002   8.4771050347222481E-003   5.9942184548827260E-003   4.2385525173611258E-003   2.9971092274413639E-003   2.1192762586805629E-003   1.4985546137206828E-003   1.0596381293402817E-003   7.4927730686034130E-004   5.2981906467014105E-004   3.7463865343017081E-004   2.6490953233507052E-004   1.8731932671508541E-004   1.3245476616753532E-004
 orbital coefficients (one orbital per column)
 l,ispin:           0           1
 psi n=1,noccmax(l):
   -0.1290381292E+00    0.3061739616E-01    0.8607980371E-02    0.5443005272E-02    0.4059976461E-02    0.0000000000E+00    0.0000000000E+00   -0.1960498588E+00    0.1207701452E+00
    0.8438126927E+00   -0.2308342754E+00   -0.6824826389E-01   -0.4110545726E-01   -0.3192455350E-01    0.0000000000E+00    0.0000000000E+00    0.5404599372E+00   -0.3983825176E+00
   -0.2907138473E+01    0.9011773990E+00    0.2766299828E+00    0.1611656332E+00    0.1287620849E+00    0.0000000000E+00    0.0000000000E+00   -0.4441418270E-01    0.3968336212E+00
    0.6737629207E+01   -0.2269516687E+01   -0.7125649102E+00   -0.4084720797E+00   -0.3311385094E+00    0.0000000000E+00    0.0000000000E+00   -0.2726246528E+01    0.6336596115E+00
   -0.1052526898E+02    0.3497042828E+01    0.1096293884E+01    0.6349401264E+00    0.5111980311E+00    0.0000000000E+00    0.0000000000E+00    0.6855675515E+01   -0.2433131100E+01
    0.7472708638E+01   -0.1023555416E+01   -0.2072486529E+00   -0.1941533194E+00   -0.1084870519E+00    0.0000000000E+00    0.0000000000E+00   -0.5483077068E+01    0.1648930630E+01
    0.5384367658E+01   -0.6556850066E+01   -0.2453863247E+01   -0.1180903702E+01   -0.1108323941E+01    0.0000000000E+00    0.0000000000E+00   -0.3204718446E+01    0.3899343236E+01
    0.1560919540E+01    0.2405193656E+01    0.1058779223E+01    0.4111990981E+00    0.4609933021E+00    0.0000000000E+00    0.0000000000E+00   -0.9062418682E+01   -0.2693649234E+00
   -0.1991117383E+02    0.1019678560E+02    0.3412014877E+01    0.1995465276E+01    0.1614250886E+01    0.0000000000E+00    0.0000000000E+00    0.2851978426E+02   -0.1112411115E+02
    0.5455176360E+01   -0.1677142350E+01   -0.4439041772E+00   -0.4632817252E+00   -0.2616458019E+00    0.0000000000E+00    0.0000000000E+00   -0.6449684084E+01    0.2211090859E+01
   -0.2891550472E+01   -0.3463348294E+00   -0.3425208861E+00    0.8098069698E-01   -0.9250185410E-01    0.0000000000E+00    0.0000000000E+00    0.1125460624E+01    0.1083481258E+01
    0.7398360442E+01   -0.4352821244E+01   -0.1342312642E+01   -0.1016565528E+01   -0.7041249607E+00    0.0000000000E+00    0.0000000000E+00   -0.7525337387E+01    0.3489778439E+01
   -0.6878838273E+00   -0.1217177592E+01   -0.8050945883E+00   -0.8932303383E-01   -0.2811811876E+00    0.0000000000E+00    0.0000000000E+00   -0.7275445022E+00    0.1251702616E+01
    0.2839997288E+01   -0.2198195006E+01   -0.6236405235E+00   -0.7342487991E+00   -0.4287739322E+00    0.0000000000E+00    0.0000000000E+00   -0.2371716110E+01    0.1242556516E+01
   -0.1246740303E+01    0.9470599575E+00    0.9186186522E-01    0.5002810319E+00    0.2122465396E+00    0.0000000000E+00    0.0000000000E+00    0.3940443880E+00   -0.2924750853E+00
    0.1014128674E+01    0.2046902737E+00    0.4477685588E+00   -0.2682649194E+00   -0.6963837473E-02    0.0000000000E+00    0.0000000000E+00   -0.4930445308E+00   -0.1878625075E+00
   -0.6912908795E+00    0.1230135651E+01    0.4607354897E+00    0.8550359442E+00    0.5534771973E+00    0.0000000000E+00    0.0000000000E+00    0.2516025126E+00   -0.5204132314E+00
    0.4769792909E+00    0.9878266854E-01    0.4885510424E+00   -0.3450625479E+00   -0.1264700905E+00    0.0000000000E+00    0.0000000000E+00   -0.1510136606E+00   -0.1767467134E+00
   -0.3258679910E+00    0.4149540002E+00   -0.3168377146E+00    0.3182468172E+00    0.1065559683E+00    0.0000000000E+00    0.0000000000E+00    0.8744263986E-01   -0.1689510203E+00
    0.2206923036E+00   -0.1215563940E+00    0.7064505802E+00    0.3576747194E+00    0.6595892571E+00    0.0000000000E+00    0.0000000000E+00   -0.5018602245E-01   -0.3118751119E-01
   -0.1481995838E+00    0.1250940145E+00   -0.5011958194E+00   -0.7146029756E+00   -0.1268915734E+01    0.0000000000E+00    0.0000000000E+00    0.2850661066E-01   -0.3222300805E-01
    0.9871952851E-01   -0.8237139414E-01    0.8769655072E-01    0.6351402734E+00    0.1573279073E+01    0.0000000000E+00    0.0000000000E+00   -0.1603250591E-01    0.6348468658E-02
   -0.6525999563E-01    0.5686854524E-01   -0.1956238837E+00   -0.5565661944E+00   -0.1842523472E+01    0.0000000000E+00    0.0000000000E+00    0.8932143060E-02   -0.6128882583E-02
    0.4282828943E-01   -0.3847511411E-01   -0.4975520525E-01   -0.2117641695E-01    0.1201748321E+01    0.0000000000E+00    0.0000000000E+00   -0.4931689775E-02    0.3299712595E-02
   -0.2790740778E-01    0.2562605031E-01   -0.7005166930E-01   -0.1631293055E+00   -0.1538846615E+01    0.0000000000E+00    0.0000000000E+00    0.2699222930E-02   -0.1872684177E-02
    0.1805291892E-01   -0.1678886094E-01    0.6958871807E-02    0.2912953293E-01    0.9652544923E+00    0.0000000000E+00    0.0000000000E+00   -0.1464472638E-02    0.1034148081E-02
   -0.1158703367E-01    0.1080939841E-01   -0.1019179374E-01    0.2042096658E+00    0.1061869897E+01    0.0000000000E+00    0.0000000000E+00    0.7873219530E-03   -0.5582407446E-03
    0.7370966896E-02   -0.6831234091E-02    0.6056491985E-02    0.1691813034E-01   -0.1188984607E+01    0.0000000000E+00    0.0000000000E+00   -0.4190492316E-03    0.2942483354E-03
   -0.4639198526E-02    0.4230706236E-02   -0.3573140268E-02   -0.1202178016E-01    0.3799564481E+00    0.0000000000E+00    0.0000000000E+00    0.2204747037E-03   -0.1512941438E-03
    0.2881303520E-02   -0.2562070908E-02    0.2057366510E-02    0.7456002001E-02   -0.1626047090E+00    0.0000000000E+00    0.0000000000E+00   -0.1143996939E-03    0.7579662975E-04
   -0.1759244943E-02    0.1512609151E-02   -0.1153164947E-02   -0.4342686981E-02    0.7659898371E-01    0.0000000000E+00    0.0000000000E+00    0.5834499215E-04   -0.3694226917E-04
    0.1050390090E-02   -0.8669532082E-03    0.6275430657E-03    0.2410894588E-02   -0.3725602887E-01    0.0000000000E+00    0.0000000000E+00   -0.2910953823E-04    0.1747394458E-04
   -0.6087556597E-03    0.4795218577E-03   -0.3301864235E-03   -0.1280796098E-02    0.1815253975E-01    0.0000000000E+00    0.0000000000E+00    0.1411362339E-04   -0.7989533159E-05
    0.3389266513E-03   -0.2537610162E-03    0.1667983824E-03    0.6495136851E-03   -0.8684746470E-02    0.0000000000E+00    0.0000000000E+00   -0.6588249388E-05    0.3508096170E-05
   -0.1786537958E-03    0.1268709987E-03   -0.7997623298E-04   -0.3116568184E-03    0.4004061707E-02    0.0000000000E+00    0.0000000000E+00    0.2922094342E-05   -0.1463712422E-05
    0.8732755717E-04   -0.5881364627E-04    0.3574403255E-04    0.1391738932E-03   -0.1739173731E-02    0.0000000000E+00    0.0000000000E+00   -0.1208186150E-05    0.5707013664E-06
   -0.3840850538E-04    0.2457532137E-04   -0.1447845504E-04   -0.5628882257E-04    0.6899004781E-03    0.0000000000E+00    0.0000000000E+00    0.4527486080E-06   -0.2025379941E-06
    0.1452702265E-04   -0.8860736647E-05    0.5087183445E-05    0.1974443193E-04   -0.2387202428E-03    0.0000000000E+00    0.0000000000E+00   -0.1472829726E-06    0.6274842921E-07
   -0.4396430242E-05    0.2568214202E-05   -0.1443841942E-05   -0.5594831840E-05    0.6699723582E-04    0.0000000000E+00    0.0000000000E+00    0.3878726063E-07   -0.1583747194E-07
    0.9359726705E-06   -0.5264902064E-06    0.2910755893E-06    0.1126308306E-05   -0.1339605713E-04    0.0000000000E+00    0.0000000000E+00   -0.7284697820E-08    0.2869418456E-08
   -0.1036170120E-06    0.5644852964E-07   -0.3080131376E-07   -0.1190435860E-06    0.1409088957E-05    0.0000000000E+00    0.0000000000E+00    0.7223657122E-09   -0.2762316264E-09
 l,ispin:           1           1
 psi n=1,noccmax(l):
   -0.1960498588E+00    0.1207701452E+00   -0.3651260966E-01   -0.2251410851E-01    0.2805544510E-01    0.0000000000E+00    0.0000000000E+00    0.3495790493E+01    0.7654360182E+00
    0.5404599372E+00   -0.3983825176E+00    0.1220768695E+00    0.7103281172E-01   -0.9796792841E-01    0.0000000000E+00    0.0000000000E+00   -0.1172519404E+02   -0.2583960246E+01
   -0.4441418270E-01    0.3968336212E+00   -0.1291130380E+00   -0.5238389066E-01    0.1256020539E+00    0.0000000000E+00    0.0000000000E+00    0.1991046885E+02    0.4418531400E+01
   -0.2726246528E+01    0.6336596115E+00   -0.1660973357E+00   -0.1908662060E+00    0.4302938423E-01    0.0000000000E+00    0.0000000000E+00   -0.2088603224E+02   -0.4651795914E+01
    0.6855675515E+01   -0.2433131100E+01    0.6931580887E+00    0.6016750403E+00   -0.3681835253E+00    0.0000000000E+00    0.0000000000E+00    0.1186341038E+02    0.2590529892E+01
   -0.5483077068E+01    0.1648930630E+01   -0.4588906868E+00   -0.4542852888E+00    0.1923027554E+00    0.0000000000E+00    0.0000000000E+00   -0.2553831738E+01   -0.4646006241E+00
   -0.3204718446E+01    0.3899343236E+01   -0.1230893187E+01   -0.7625440211E+00    0.9543019909E+00    0.0000000000E+00    0.0000000000E+00    0.1199316310E+02    0.3075316335E+01
   -0.9062418682E+01   -0.2693649234E+00    0.2446493344E+00    0.4789370899E-01   -0.3195656225E+00    0.0000000000E+00    0.0000000000E+00   -0.1696970554E+02   -0.5008774953E+01
    0.2851978426E+02   -0.1112411115E+02    0.3193979197E+01    0.2459677031E+01   -0.1981665041E+01    0.0000000000E+00    0.0000000000E+00   -0.1477985113E+02   -0.2891098191E+01
   -0.6449684084E+01    0.2211090859E+01   -0.6193763933E+00   -0.5969560351E+00    0.2817779193E+00    0.0000000000E+00    0.0000000000E+00    0.7949389114E+01    0.1869044603E+01
    0.1125460624E+01    0.1083481258E+01   -0.3960540311E+00   -0.1479884307E+00    0.3956115790E+00    0.0000000000E+00    0.0000000000E+00    0.5291927408E+01    0.1673738330E+01
   -0.7525337387E+01    0.3489778439E+01   -0.9998875818E+00   -0.8663430918E+00    0.5502686411E+00    0.0000000000E+00    0.0000000000E+00    0.6306375766E+01    0.1485202533E+01
   -0.7275445022E+00    0.1251702616E+01   -0.4537273147E+00   -0.1995281050E+00    0.4169069491E+00    0.0000000000E+00    0.0000000000E+00    0.2074728063E+01    0.5817594395E+00
   -0.2371716110E+01    0.1242556516E+01   -0.3282435309E+00   -0.3695802390E+00    0.1245062346E+00    0.0000000000E+00    0.0000000000E+00    0.1283264893E+01    0.2836723291E+00
    0.3940443880E+00   -0.2924750853E+00    0.4121491919E-01    0.1573946756E+00    0.5354142756E-01    0.0000000000E+00    0.0000000000E+00    0.1852224027E+00    0.7015567202E-01
   -0.4930445308E+00   -0.1878625075E+00    0.1446144339E+00   -0.1527591939E-01   -0.1691376688E+00    0.0000000000E+00    0.0000000000E+00    0.1729118442E+00   -0.6982085001E-01
    0.2516025126E+00   -0.5204132314E+00    0.1353127100E+00    0.2274306795E+00   -0.5216792593E-01    0.0000000000E+00    0.0000000000E+00   -0.2522512616E-01   -0.8729101408E-01
   -0.1510136606E+00   -0.1767467134E+00    0.1656411432E+00    0.6856013075E-02   -0.1507868409E+00    0.0000000000E+00    0.0000000000E+00    0.2323528051E-01   -0.7625069909E-01
    0.8744263986E-01   -0.1689510203E+00   -0.7476228529E-01    0.3804079241E-01    0.9990573236E-01    0.0000000000E+00    0.0000000000E+00   -0.1035152162E-01   -0.3479385525E-01
   -0.5018602245E-01   -0.3118751119E-01    0.1880180966E+00    0.1070573687E+00   -0.2573174078E+00    0.0000000000E+00    0.0000000000E+00    0.5150891360E-02   -0.2306398831E-01
    0.2850661066E-01   -0.3222300805E-01   -0.1004192316E+00   -0.9873876295E-01    0.2812044020E+00    0.0000000000E+00    0.0000000000E+00   -0.2492149445E-02   -0.1882883403E-01
   -0.1603250591E-01    0.6348468658E-02    0.2299138416E-01    0.6306487165E-01   -0.2746883296E+00    0.0000000000E+00    0.0000000000E+00    0.1191883377E-02   -0.4123666036E-02
    0.8932143060E-02   -0.6128882583E-02   -0.2243833864E-01   -0.5006201406E-01    0.2732458918E+00    0.0000000000E+00    0.0000000000E+00   -0.5630465792E-03   -0.4216970978E-02
   -0.4931689775E-02    0.3299712595E-02   -0.1570358904E-01   -0.2886806359E-01   -0.1549650899E+00    0.0000000000E+00    0.0000000000E+00    0.2627878597E-03   -0.7933049851E-03
    0.2699222930E-02   -0.1872684177E-02   -0.1580786710E-01   -0.1244634018E-01    0.2046380425E+00    0.0000000000E+00    0.0000000000E+00   -0.1211932564E-03   -0.5554499415E-03
   -0.1464472638E-02    0.1034148081E-02   -0.5542778480E-02   -0.2331755136E-01   -0.8875223875E-01    0.0000000000E+00    0.0000000000E+00    0.5522564482E-04    0.4033284633E-04
    0.7873219530E-03   -0.5582407446E-03   -0.1664788261E-02    0.3572156483E-01   -0.1295989647E+00    0.0000000000E+00    0.0000000000E+00   -0.2485624055E-04   -0.4250362194E-04
   -0.4190492316E-03    0.2942483354E-03    0.4775189055E-03    0.1194148786E-02    0.1105965640E+00    0.0000000000E+00    0.0000000000E+00    0.1104143440E-04    0.1816090770E-04
    0.2204747037E-03   -0.1512941438E-03   -0.2148063134E-03   -0.3723368138E-03   -0.2925134623E-01    0.0000000000E+00    0.0000000000E+00   -0.4834426580E-05   -0.7635258531E-05
   -0.1143996939E-03    0.7579662975E-04    0.9954281851E-04    0.1418466605E-03    0.1035855630E-01    0.0000000000E+00    0.0000000000E+00    0.2082281354E-05    0.3113704459E-05
    0.5834499215E-04   -0.3694226917E-04   -0.4567539533E-04   -0.5899676279E-04   -0.4047072452E-02    0.0000000000E+00    0.0000000000E+00   -0.8798007594E-06   -0.1232837151E-05
   -0.2910953823E-04    0.1747394458E-04    0.2053213780E-04    0.2520703201E-04    0.1639298683E-02    0.0000000000E+00    0.0000000000E+00    0.3632135196E-06    0.4742040951E-06
    0.1411362339E-04   -0.7989533159E-05   -0.8986168696E-05   -0.1072607427E-04   -0.6685541088E-03    0.0000000000E+00    0.0000000000E+00   -0.1457016027E-06   -0.1769782995E-06
   -0.6588249388E-05    0.3508096170E-05    0.3801461762E-05    0.4461446064E-05    0.2692605274E-03    0.0000000000E+00    0.0000000000E+00    0.5634701925E-07    0.6381489160E-07
    0.2922094342E-05   -0.1463712422E-05   -0.1537397383E-05   -0.1784698615E-05   -0.1051785997E-03    0.0000000000E+00    0.0000000000E+00   -0.2076934908E-07   -0.2203901486E-07
   -0.1208186150E-05    0.5707013664E-06    0.5842478353E-06    0.6731775755E-06    0.3899311815E-04    0.0000000000E+00    0.0000000000E+00    0.7173967096E-08    0.7180263844E-08
    0.4527486080E-06   -0.2025379941E-06   -0.2030920256E-06   -0.2327662723E-06   -0.1331631197E-04    0.0000000000E+00    0.0000000000E+00   -0.2262926424E-08   -0.2152555633E-08
   -0.1472829726E-06    0.6274842921E-07    0.6189190172E-07    0.7066215547E-07    0.4006795283E-05    0.0000000000E+00    0.0000000000E+00    0.6259157646E-09    0.5702760838E-09
    0.3878726063E-07   -0.1583747194E-07   -0.1542098200E-07   -0.1755639223E-07   -0.9892440650E-06    0.0000000000E+00    0.0000000000E+00   -0.1419089182E-09   -0.1247701301E-09
   -0.7284697820E-08    0.2869418456E-08    0.2766228301E-08    0.3142706604E-08    0.1762892175E-06    0.0000000000E+00    0.0000000000E+00    0.2328203299E-10    0.1988907850E-10
    0.7223657122E-09   -0.2762316264E-09   -0.2642774577E-09   -0.2997825872E-09   -0.1676289837E-07    0.0000000000E+00    0.0000000000E+00   -0.2049678230E-11   -0.1711459304E-11
 l,ispin:           1           2
 psi n=1,noccmax(l):
   -0.2949073987E+00   -0.1830476095E+00   -0.5235398047E-01    0.3031906970E-01   -0.3388242430E-01    0.0000000000E+00    0.0000000000E+00   -0.3481590746E+01    0.8648480100E+00
    0.8725725205E+00    0.6481726360E+00    0.1868514859E+00   -0.1048529995E+00    0.1235018513E+00    0.0000000000E+00    0.0000000000E+00    0.1167805421E+02   -0.2921097146E+01
   -0.2815047622E+00   -0.8073956268E+00   -0.2383104050E+00    0.1146957433E+00   -0.1716406596E+00    0.0000000000E+00    0.0000000000E+00   -0.1983485419E+02    0.4998600886E+01
   -0.4034667134E+01   -0.5779825599E+00   -0.1474373791E+00    0.1675048328E+00   -0.3552136616E-01    0.0000000000E+00    0.0000000000E+00    0.2082393154E+02   -0.5267338109E+01
    0.1216745190E+02    0.3743121577E+01    0.1043889444E+01   -0.7839169609E+00    0.5470763341E+00    0.0000000000E+00    0.0000000000E+00   -0.1187008997E+02    0.2936504862E+01
   -0.1539910544E+02   -0.4461502240E+01   -0.1238026187E+01    0.9333740227E+00   -0.6459604386E+00    0.0000000000E+00    0.0000000000E+00    0.2601860881E+01   -0.5232051329E+00
   -0.3718289527E+00   -0.4667142221E+01   -0.1429994169E+01    0.8073906152E+00   -0.9538295487E+00    0.0000000000E+00    0.0000000000E+00   -0.1189001478E+02    0.3489591272E+01
    0.9175606301E+01    0.9208979993E+01    0.2776695631E+01   -0.1687088252E+01    0.1763850159E+01    0.0000000000E+00    0.0000000000E+00    0.1679749029E+02   -0.5744460230E+01
    0.1856678240E+02    0.7588462513E+01    0.2152974591E+01   -0.1562946185E+01    0.1176417000E+01    0.0000000000E+00    0.0000000000E+00    0.1460972124E+02   -0.3204824074E+01
   -0.1006791271E+02   -0.4538800293E+01   -0.1331380962E+01    0.1027666395E+01   -0.6988302613E+00    0.0000000000E+00    0.0000000000E+00   -0.7855867448E+01    0.2107812841E+01
   -0.1396868400E+01   -0.2996857580E+01   -0.9248788859E+00    0.4645488833E+00   -0.6466987752E+00    0.0000000000E+00    0.0000000000E+00   -0.5229085359E+01    0.1931563939E+01
   -0.7446026760E+01   -0.3675544648E+01   -0.1071548189E+01    0.8499807936E+00   -0.5569515339E+00    0.0000000000E+00    0.0000000000E+00   -0.6174003505E+01    0.1636486826E+01
   -0.3453376892E+00   -0.1148760940E+01   -0.3992418925E+00    0.1273277346E+00   -0.3180429213E+00    0.0000000000E+00    0.0000000000E+00   -0.2064109138E+01    0.7318133281E+00
   -0.1846967631E+01   -0.6275635243E+00   -0.1465284364E+00    0.2313464288E+00   -0.2273573021E-01    0.0000000000E+00    0.0000000000E+00   -0.1359577985E+01    0.3279421705E+00
    0.5274962104E+00    0.6540382100E+00    0.1957667356E+00   -0.2656068539E+00    0.7177931794E-01    0.0000000000E+00    0.0000000000E+00   -0.1856134459E+00    0.2082808725E-01
   -0.4211888818E+00    0.4429810916E+00    0.2232048833E+00   -0.1945678004E-01    0.1744985175E+00    0.0000000000E+00    0.0000000000E+00   -0.1682284374E+00   -0.8814347997E-01
    0.2369073080E+00    0.5305466370E+00    0.1820092311E+00   -0.2619587780E+00    0.1082429287E+00    0.0000000000E+00    0.0000000000E+00    0.2761232085E-01   -0.1064106351E+00
   -0.1386619371E+00    0.1598350695E+00    0.1190966250E+00    0.5572527944E-01    0.6139588270E-01    0.0000000000E+00    0.0000000000E+00   -0.2272203633E-01   -0.8066450105E-01
    0.7993443223E-01    0.1264350629E+00   -0.5546810475E-01   -0.8225471545E-01   -0.2067597675E-01    0.0000000000E+00    0.0000000000E+00    0.1035542584E-01   -0.3804098700E-01
   -0.4560639066E-01    0.8227182845E-02    0.1448326694E+00   -0.3701910001E-01    0.1421519588E+00    0.0000000000E+00    0.0000000000E+00   -0.5111090787E-02   -0.2441457194E-01
    0.2576366921E-01    0.1820918447E-01   -0.1139658845E+00    0.8906573511E-01   -0.2228598252E+00    0.0000000000E+00    0.0000000000E+00    0.2467500926E-02   -0.1781696999E-01
   -0.1441968513E-01   -0.6746208446E-02    0.1632699337E-01   -0.5288126089E-01    0.2178356025E+00    0.0000000000E+00    0.0000000000E+00   -0.1177392757E-02   -0.4056429177E-02
    0.8000993338E-02    0.4380273301E-02   -0.3439653095E-01    0.6549351983E-01   -0.2568743329E+00    0.0000000000E+00    0.0000000000E+00    0.5551317975E-03   -0.3767773464E-02
   -0.4403540915E-02   -0.2486798483E-02   -0.1324843100E-01    0.1738893374E-01    0.1470654528E+00    0.0000000000E+00    0.0000000000E+00   -0.2586990289E-03   -0.5922406617E-03
    0.2404760459E-02    0.1396934842E-02   -0.1430457368E-01    0.1365706536E-01   -0.1868019203E+00    0.0000000000E+00    0.0000000000E+00    0.1191777198E-03   -0.4466456194E-03
   -0.1303057953E-02   -0.7692471686E-03   -0.2135971363E-02    0.4843878191E-02    0.1348078120E+00    0.0000000000E+00    0.0000000000E+00   -0.5427324904E-04    0.5538365118E-04
    0.7003503849E-03    0.4150182524E-03   -0.1309512011E-02   -0.2835845191E-01    0.6537192020E-01    0.0000000000E+00    0.0000000000E+00    0.2442404154E-04   -0.3934588950E-04
   -0.3730318260E-03   -0.2191576926E-03    0.5417971332E-03    0.2710358877E-03   -0.8371118930E-01    0.0000000000E+00    0.0000000000E+00   -0.1085314587E-04    0.1699949190E-04
    0.1966071140E-03    0.1131423907E-03   -0.2626303748E-03   -0.5323621020E-04    0.2304411797E-01    0.0000000000E+00    0.0000000000E+00    0.4755879316E-05   -0.7159791629E-05
   -0.1022982280E-03   -0.5701992339E-04    0.1258275402E-03    0.9703164214E-05   -0.8290709344E-02    0.0000000000E+00    0.0000000000E+00   -0.2051061324E-05    0.2924095153E-05
    0.5237058906E-04    0.2799460775E-04   -0.5885190523E-04    0.1693028116E-06    0.3266455005E-02    0.0000000000E+00    0.0000000000E+00    0.8680742075E-06   -0.1159438600E-05
   -0.2625309754E-04   -0.1334973378E-04    0.2678302425E-04   -0.1519824180E-05   -0.1329902695E-02    0.0000000000E+00    0.0000000000E+00   -0.3591048803E-06    0.4465837209E-06
    0.1280063170E-04    0.6155302262E-05   -0.1182050896E-04    0.1101133079E-05    0.5442106491E-03    0.0000000000E+00    0.0000000000E+00    0.1443872438E-06   -0.1668761249E-06
   -0.6013680998E-05   -0.2724908515E-05    0.5029875624E-05   -0.5919974502E-06   -0.2196916560E-03    0.0000000000E+00    0.0000000000E+00   -0.5597791327E-07    0.6023645305E-07
    0.2685910810E-05    0.1145608011E-05   -0.2042685832E-05    0.2741349879E-06    0.8595662818E-04    0.0000000000E+00    0.0000000000E+00    0.2068613860E-07   -0.2082169070E-07
   -0.1118680002E-05   -0.4497122145E-06    0.7785895486E-06   -0.1131246854E-06   -0.3190410919E-04    0.0000000000E+00    0.0000000000E+00   -0.7163246351E-08    0.6788568554E-08
    0.4223138685E-06    0.1605367459E-06   -0.2712293566E-06    0.4142895832E-07    0.1090450510E-04    0.0000000000E+00    0.0000000000E+00    0.2264939928E-08   -0.2036301063E-08
   -0.1383723794E-06   -0.4998076680E-07    0.8278460149E-07   -0.1305944766E-07   -0.3283072922E-05    0.0000000000E+00    0.0000000000E+00   -0.6278374626E-09    0.5397195439E-09
    0.3668667024E-07    0.1266573898E-07   -0.2064962401E-07    0.3327063087E-08    0.8109145196E-06    0.0000000000E+00    0.0000000000E+00    0.1426179543E-09   -0.1181256748E-09
   -0.6932187302E-08   -0.2302161180E-08    0.3707124241E-08   -0.6056994756E-09   -0.1445549429E-06    0.0000000000E+00    0.0000000000E+00   -0.2343672427E-10    0.1883489345E-10
    0.6910613630E-09    0.2221841135E-09   -0.3543728252E-09    0.5844273347E-10    0.1374845391E-07    0.0000000000E+00    0.0000000000E+00    0.2066102037E-11   -0.1621069620E-11
 l,ispin:           2           1
 psi n=1,noccmax(l):
    0.3495790493E+01    0.7654360182E+00    0.3417246003E+00    0.2910257554E+00    0.3450258354E+00    0.0000000000E+00    0.0000000000E+00   -0.9227441373E+01
   -0.1172519404E+02   -0.2583960246E+01   -0.1154114588E+01   -0.9808551504E+00   -0.1169044150E+01    0.0000000000E+00    0.0000000000E+00    0.2584571779E+02
    0.1991046885E+02    0.4418531400E+01    0.1975070408E+01    0.1665767962E+01    0.2021701439E+01    0.0000000000E+00    0.0000000000E+00   -0.3909227327E+02
   -0.2088603224E+02   -0.4651795914E+01   -0.2082766355E+01   -0.1710186209E+01   -0.2204882943E+01    0.0000000000E+00    0.0000000000E+00    0.4113108195E+02
    0.1186341038E+02    0.2590529892E+01    0.1166260044E+01    0.8411287232E+00    0.1414116804E+01    0.0000000000E+00    0.0000000000E+00   -0.3108665120E+02
   -0.2553831738E+01   -0.4646006241E+00   -0.2190353914E+00    0.3049473084E-01   -0.5547691110E+00    0.0000000000E+00    0.0000000000E+00    0.1702296416E+02
    0.1199316310E+02    0.3075316335E+01    0.1390500895E+01    0.1065945772E+01    0.1602861665E+01    0.0000000000E+00    0.0000000000E+00   -0.1528738446E+02
   -0.1696970554E+02   -0.5008774953E+01   -0.2268734499E+01   -0.1906785278E+01   -0.2378621184E+01    0.0000000000E+00    0.0000000000E+00    0.1805794396E+02
   -0.1477985113E+02   -0.2891098191E+01   -0.1264546759E+01   -0.1315872662E+01   -0.8892577616E+00    0.0000000000E+00    0.0000000000E+00    0.2963744731E+01
    0.7949389114E+01    0.1869044603E+01    0.8228516289E+00    0.8892264317E+00    0.5419766804E+00    0.0000000000E+00    0.0000000000E+00   -0.3828305669E+01
    0.5291927408E+01    0.1673738330E+01    0.7664153001E+00    0.6005047187E+00    0.8759253534E+00    0.0000000000E+00    0.0000000000E+00   -0.4395022424E+01
    0.6306375766E+01    0.1485202533E+01    0.6512571460E+00    0.6853256424E+00    0.4545850543E+00    0.0000000000E+00    0.0000000000E+00   -0.3086943382E+01
    0.2074728063E+01    0.5817594395E+00    0.2748212881E+00    0.1852561694E+00    0.3654901404E+00    0.0000000000E+00    0.0000000000E+00   -0.1608477475E+01
    0.1283264893E+01    0.2836723291E+00    0.1143474888E+00    0.1597887007E+00    0.1402751501E-01    0.0000000000E+00    0.0000000000E+00   -0.8950387515E+00
    0.1852224027E+00    0.7015567202E-01    0.4163158752E-01   -0.6150424594E-02    0.1077523927E+00    0.0000000000E+00    0.0000000000E+00   -0.3858038211E+00
    0.1729118442E+00   -0.6982085001E-01   -0.4679394205E-01   -0.1019090281E-01   -0.1025550775E+00    0.0000000000E+00    0.0000000000E+00   -0.1794666570E+00
   -0.2522512616E-01   -0.8729101408E-01   -0.2819518472E-01   -0.5430957243E-01    0.1700068230E-01    0.0000000000E+00    0.0000000000E+00   -0.6462314570E-01
    0.2323528051E-01   -0.7625069909E-01   -0.5345858306E-01   -0.3098591691E-01   -0.9043854285E-01    0.0000000000E+00    0.0000000000E+00   -0.2605668544E-01
   -0.1035152162E-01   -0.3479385525E-01    0.5038796556E-02   -0.6848161962E-02    0.4337400800E-01    0.0000000000E+00    0.0000000000E+00   -0.7711992851E-02
    0.5150891360E-02   -0.2306398831E-01   -0.3312584601E-01   -0.2797081954E-01   -0.7542802822E-01    0.0000000000E+00    0.0000000000E+00   -0.3572657626E-02
   -0.2492149445E-02   -0.1882883403E-01    0.2629239442E-02    0.1436107784E-02    0.4357377331E-01    0.0000000000E+00    0.0000000000E+00   -0.8606472482E-03
    0.1191883377E-02   -0.4123666036E-02   -0.3686464808E-02   -0.1824818416E-02   -0.3857418420E-01    0.0000000000E+00    0.0000000000E+00   -0.3275537631E-03
   -0.5630465792E-03   -0.4216970978E-02   -0.3371860134E-02   -0.7330697350E-02    0.2166015596E-01    0.0000000000E+00    0.0000000000E+00   -0.6812596483E-04
    0.2627878597E-03   -0.7933049851E-03    0.1270994773E-02    0.8415651363E-02   -0.1052563606E-01    0.0000000000E+00    0.0000000000E+00   -0.2345047376E-04
   -0.1211932564E-03   -0.5554499415E-03    0.1091431226E-02   -0.3477482928E-02    0.1287517711E-01    0.0000000000E+00    0.0000000000E+00   -0.4519245099E-06
    0.5522564482E-04    0.4033284633E-04    0.1667160504E-02    0.1032593423E-01    0.1536387803E-01    0.0000000000E+00    0.0000000000E+00   -0.1060077277E-05
   -0.2485624055E-04   -0.4250362194E-04    0.1008282798E-02   -0.4007167372E-02   -0.2752013426E-01    0.0000000000E+00    0.0000000000E+00    0.3299174446E-06
    0.1104143440E-04    0.1816090770E-04   -0.9676467324E-04   -0.1205111995E-02    0.1257842927E-01    0.0000000000E+00    0.0000000000E+00   -0.1197313038E-06
   -0.4834426580E-05   -0.7635258531E-05    0.2947123961E-04    0.3057909545E-03   -0.2463928616E-02    0.0000000000E+00    0.0000000000E+00    0.4213431915E-07
    0.2082281354E-05    0.3113704459E-05   -0.1030994955E-04   -0.9467661154E-04    0.6922824177E-03    0.0000000000E+00    0.0000000000E+00   -0.1439224807E-07
   -0.8798007594E-06   -0.1232837151E-05    0.3729902079E-05    0.3157918929E-04   -0.2198111293E-03    0.0000000000E+00    0.0000000000E+00    0.4777860252E-08
    0.3632135196E-06    0.4742040951E-06   -0.1352800627E-05   -0.1084298780E-04    0.7328800277E-04    0.0000000000E+00    0.0000000000E+00   -0.1543055021E-08
   -0.1457016027E-06   -0.1769782995E-06    0.4849367797E-06    0.3743967156E-05   -0.2482375102E-04    0.0000000000E+00    0.0000000000E+00    0.4845169333E-09
    0.5634701925E-07    0.6381489160E-07   -0.1699653042E-06   -0.1278670180E-05    0.8366667881E-05    0.0000000000E+00    0.0000000000E+00   -0.1474091692E-09
   -0.2076934908E-07   -0.2203901486E-07    0.5752155576E-07    0.4250023667E-06   -0.2755057512E-05    0.0000000000E+00    0.0000000000E+00    0.4312144844E-10
    0.7173967096E-08    0.7180263844E-08   -0.1846949691E-07   -0.1347495512E-06    0.8676889160E-06    0.0000000000E+00    0.0000000000E+00   -0.1196103972E-10
   -0.2262926424E-08   -0.2152555633E-08    0.5479126436E-08    0.3962119806E-07   -0.2539059146E-06    0.0000000000E+00    0.0000000000E+00    0.3073172674E-11
    0.6259157646E-09    0.5702760838E-09   -0.1440636231E-08   -0.1035275450E-07    0.6611346976E-07    0.0000000000E+00    0.0000000000E+00   -0.7036249699E-12
   -0.1419089182E-09   -0.1247701301E-09    0.3134792401E-09    0.2242831330E-08   -0.1428690369E-07    0.0000000000E+00    0.0000000000E+00    0.1344040208E-12
    0.2328203299E-10    0.1988907850E-10   -0.4977423231E-10   -0.3550112511E-09    0.2257325850E-08    0.0000000000E+00    0.0000000000E+00   -0.1893123167E-13
   -0.2049678230E-11   -0.1711459304E-11    0.4270979405E-11    0.3039567317E-10   -0.1930164734E-09    0.0000000000E+00    0.0000000000E+00    0.1459147834E-14
 l,ispin:           2           2
 psi n=1,noccmax(l):
   -0.3481590746E+01    0.8648480100E+00   -0.3539108918E+00    0.3043343864E+00    0.3603346061E+00    0.0000000000E+00    0.0000000000E+00    0.9697510578E+01
    0.1167805421E+02   -0.2921097146E+01    0.1195821997E+01   -0.1026418381E+01   -0.1221603939E+01    0.0000000000E+00    0.0000000000E+00   -0.2718884972E+02
   -0.1983485419E+02    0.4998600886E+01   -0.2047348946E+01    0.1745221868E+01    0.2114593872E+01    0.0000000000E+00    0.0000000000E+00    0.4117385993E+02
    0.2082393154E+02   -0.5267338109E+01    0.2158880034E+01   -0.1796176117E+01   -0.2310285874E+01    0.0000000000E+00    0.0000000000E+00   -0.4335800628E+02
   -0.1187008997E+02    0.2936504862E+01   -0.1204859061E+01    0.8912961056E+00    0.1488237574E+01    0.0000000000E+00    0.0000000000E+00    0.3271073368E+02
    0.2601860881E+01   -0.5232051329E+00    0.2162397747E+00    0.2108891674E-01   -0.5898407600E+00    0.0000000000E+00    0.0000000000E+00   -0.1766133309E+02
   -0.1189001478E+02    0.3489591272E+01   -0.1441248656E+01    0.1127261943E+01    0.1686105777E+01    0.0000000000E+00    0.0000000000E+00    0.1573770728E+02
    0.1679749029E+02   -0.5744460230E+01    0.2384547973E+01   -0.2029340886E+01   -0.2518527608E+01    0.0000000000E+00    0.0000000000E+00   -0.1930264514E+02
    0.1460972124E+02   -0.3204824074E+01    0.1294911113E+01   -0.1339599998E+01   -0.8932394560E+00    0.0000000000E+00    0.0000000000E+00   -0.2764607081E+01
   -0.7855867448E+01    0.2107812841E+01   -0.8593141624E+00    0.9187548897E+00    0.5553103188E+00    0.0000000000E+00    0.0000000000E+00    0.4366774388E+01
   -0.5229085359E+01    0.1931563939E+01   -0.8083790818E+00    0.6466002851E+00    0.9328042137E+00    0.0000000000E+00    0.0000000000E+00    0.4708262525E+01
   -0.6174003505E+01    0.1636486826E+01   -0.6636871126E+00    0.6946219512E+00    0.4533667925E+00    0.0000000000E+00    0.0000000000E+00    0.3225960098E+01
   -0.2064109138E+01    0.7318133281E+00   -0.3130468368E+00    0.2244616506E+00    0.4116776465E+00    0.0000000000E+00    0.0000000000E+00    0.1665435611E+01
   -0.1359577985E+01    0.3279421705E+00   -0.1242716156E+00    0.1667654070E+00    0.1464645838E-01    0.0000000000E+00    0.0000000000E+00    0.9124434671E+00
   -0.1856134459E+00    0.2082808725E-01   -0.1691030139E-01   -0.2708554832E-01    0.9170097677E-01    0.0000000000E+00    0.0000000000E+00    0.3893181120E+00
   -0.1682284374E+00   -0.8814347997E-01    0.5111026950E-01   -0.1569731978E-01   -0.1116982638E+00    0.0000000000E+00    0.0000000000E+00    0.1783205854E+00
    0.2761232085E-01   -0.1064106351E+00    0.3442564122E-01   -0.5952090055E-01    0.1442753780E-01    0.0000000000E+00    0.0000000000E+00    0.6327994671E-01
   -0.2272203633E-01   -0.8066450105E-01    0.5188445352E-01   -0.2986197561E-01   -0.9094106932E-01    0.0000000000E+00    0.0000000000E+00    0.2498838180E-01
    0.1035542584E-01   -0.3804098700E-01   -0.4568604519E-02   -0.7413995236E-02    0.4373437665E-01    0.0000000000E+00    0.0000000000E+00    0.7296253287E-02
   -0.5111090787E-02   -0.2441457194E-01    0.3314823353E-01   -0.2800943041E-01   -0.7596055555E-01    0.0000000000E+00    0.0000000000E+00    0.3262438632E-02
    0.2467500926E-02   -0.1781696999E-01   -0.4330400997E-02    0.3615015414E-02    0.4659465081E-01    0.0000000000E+00    0.0000000000E+00    0.7294324734E-03
   -0.1177392757E-02   -0.4056429177E-02    0.3734927271E-02   -0.2734523577E-02   -0.4049205431E-01    0.0000000000E+00    0.0000000000E+00    0.2821862886E-03
    0.5551317975E-03   -0.3767773464E-02    0.2643093457E-02   -0.5531862077E-02    0.2500949363E-01    0.0000000000E+00    0.0000000000E+00    0.4657407436E-04
   -0.2586990289E-03   -0.5922406617E-03   -0.1498124585E-02    0.7960554717E-02   -0.1233332156E-01    0.0000000000E+00    0.0000000000E+00    0.1833389004E-04
    0.1191777198E-03   -0.4466456194E-03   -0.1270360864E-02   -0.2642470245E-02    0.1547358617E-01    0.0000000000E+00    0.0000000000E+00   -0.9589476352E-06
   -0.5427324904E-04    0.5538365118E-04   -0.1660009352E-02    0.9567164302E-02    0.1146411653E-01    0.0000000000E+00    0.0000000000E+00    0.1046388718E-05
    0.2442404154E-04   -0.3934588950E-04   -0.9084358491E-03   -0.4110090081E-02   -0.2530089666E-01    0.0000000000E+00    0.0000000000E+00   -0.3638017637E-06
   -0.1085314587E-04    0.1699949190E-04    0.9170647065E-04   -0.1034940442E-02    0.1208554063E-01    0.0000000000E+00    0.0000000000E+00    0.1322138022E-06
    0.4755879316E-05   -0.7159791629E-05   -0.2811035282E-04    0.2625353679E-03   -0.2427933985E-02    0.0000000000E+00    0.0000000000E+00   -0.4662135713E-07
   -0.2051061324E-05    0.2924095153E-05    0.9866962910E-05   -0.8109823617E-04    0.6905388232E-03    0.0000000000E+00    0.0000000000E+00    0.1595734724E-07
    0.8680742075E-06   -0.1159438600E-05   -0.3577344091E-05    0.2699814653E-04   -0.2207912810E-03    0.0000000000E+00    0.0000000000E+00   -0.5308385881E-08
   -0.3591048803E-06    0.4465837209E-06    0.1299393621E-05   -0.9257506030E-05    0.7393279907E-04    0.0000000000E+00    0.0000000000E+00    0.1717817058E-08
    0.1443872438E-06   -0.1668761249E-06   -0.4662794854E-06    0.3193649974E-05   -0.2511192783E-04    0.0000000000E+00    0.0000000000E+00   -0.5403764212E-09
   -0.5597791327E-07    0.6023645305E-07    0.1635480413E-06   -0.1090090530E-05    0.8479400810E-05    0.0000000000E+00    0.0000000000E+00    0.1646655149E-09
    0.2068613860E-07   -0.2082169070E-07   -0.5537930406E-07    0.3621897189E-06   -0.2795639732E-05    0.0000000000E+00    0.0000000000E+00   -0.4823385390E-10
   -0.7163246351E-08    0.6788568554E-08    0.1778844531E-07   -0.1148080826E-06    0.8812108584E-06    0.0000000000E+00    0.0000000000E+00    0.1339372400E-10
    0.2264939928E-08   -0.2036301063E-08   -0.5278532391E-08    0.3375290688E-07   -0.2580110080E-06    0.0000000000E+00    0.0000000000E+00   -0.3444270987E-11
   -0.6278374626E-09    0.5397195439E-09    0.1388165804E-08   -0.8818647125E-08    0.6720889063E-07    0.0000000000E+00    0.0000000000E+00    0.7891282361E-12
    0.1426179543E-09   -0.1181256748E-09   -0.3021041486E-09    0.1910381622E-08   -0.1452756755E-07    0.0000000000E+00    0.0000000000E+00   -0.1508158392E-12
   -0.2343672427E-10    0.1883489345E-10    0.4797290169E-10   -0.3023794994E-09    0.2295781334E-08    0.0000000000E+00    0.0000000000E+00    0.2125139889E-13
    0.2066102037E-11   -0.1621069620E-11   -0.4116707000E-11    0.2588894255E-10   -0.1963301632E-09    0.0000000000E+00    0.0000000000E+00   -0.1638471997E-14
 l,ispin:           3           1
 psi n=1,noccmax(l):
   -0.9227441373E+01   -0.1058433425E+01   -0.1319996545E+01    0.9747852393E+00   -0.5801172100E+00    0.0000000000E+00    0.0000000000E+00
    0.2584571779E+02    0.2962605597E+01    0.3692424280E+01   -0.2753534455E+01    0.1508509089E+01    0.0000000000E+00    0.0000000000E+00
   -0.3909227327E+02   -0.4481224339E+01   -0.5584637121E+01    0.4176636888E+01   -0.2231517036E+01    0.0000000000E+00    0.0000000000E+00
    0.4113108195E+02    0.4727760476E+01    0.5903504927E+01   -0.4305314297E+01    0.2833008954E+01    0.0000000000E+00    0.0000000000E+00
   -0.3108665120E+02   -0.3610715432E+01   -0.4544718239E+01    0.2953408004E+01   -0.3734099098E+01    0.0000000000E+00    0.0000000000E+00
    0.1702296416E+02    0.2032544158E+01    0.2611852844E+01   -0.1158750567E+01    0.4461872319E+01    0.0000000000E+00    0.0000000000E+00
   -0.1528738446E+02   -0.1810165133E+01   -0.2308821268E+01    0.1222549727E+01   -0.3098341263E+01    0.0000000000E+00    0.0000000000E+00
    0.1805794396E+02    0.2094757615E+01    0.2623091259E+01   -0.1935152373E+01    0.1185131983E+01    0.0000000000E+00    0.0000000000E+00
    0.2963744731E+01    0.2482573003E+00    0.2263732483E+00   -0.9546356003E+00   -0.3299250206E+01    0.0000000000E+00    0.0000000000E+00
   -0.3828305669E+01   -0.3732569429E+00   -0.4010209501E+00    0.9394032868E+00    0.2593156194E+01    0.0000000000E+00    0.0000000000E+00
   -0.4395022424E+01   -0.5227707316E+00   -0.6656215562E+00    0.4052903467E+00   -0.6761844820E+00    0.0000000000E+00    0.0000000000E+00
   -0.3086943382E+01   -0.3165137681E+00   -0.3575076480E+00    0.6286917058E+00    0.1415145301E+01    0.0000000000E+00    0.0000000000E+00
   -0.1608477475E+01   -0.1941165317E+00   -0.2507409012E+00    0.1239987094E+00   -0.3805693507E+00    0.0000000000E+00    0.0000000000E+00
   -0.8950387515E+00   -0.8866538893E-01   -0.9554812511E-01    0.2117489564E+00    0.5690966320E+00    0.0000000000E+00    0.0000000000E+00
   -0.3858038211E+00   -0.4828445425E-01   -0.6584140652E-01    0.2382686692E-02   -0.2317147972E+00    0.0000000000E+00    0.0000000000E+00
   -0.1794666570E+00   -0.1520503899E-01   -0.1236081003E-01    0.6080298338E-01    0.2215696629E+00    0.0000000000E+00    0.0000000000E+00
   -0.6462314570E-01   -0.8167871572E-02   -0.1356677686E-01   -0.1690972971E-01   -0.1249129733E+00    0.0000000000E+00    0.0000000000E+00
   -0.2605668544E-01   -0.1273839425E-02    0.1991426442E-02    0.1819104766E-01    0.9053578374E-01    0.0000000000E+00    0.0000000000E+00
   -0.7711992851E-02    0.4672906055E-03   -0.1419643965E-02   -0.1248572272E-01   -0.6192816190E-01    0.0000000000E+00    0.0000000000E+00
   -0.3572657626E-02   -0.1721556648E-02   -0.7311853280E-03    0.1022572218E-01    0.4387060595E-01    0.0000000000E+00    0.0000000000E+00
   -0.8606472482E-03    0.1646799768E-02    0.1869965537E-02   -0.9511427123E-02   -0.3399699557E-01    0.0000000000E+00    0.0000000000E+00
   -0.3275537631E-03   -0.8530819903E-04   -0.4711628408E-04    0.5475241714E-02    0.2310958807E-01    0.0000000000E+00    0.0000000000E+00
   -0.6812596483E-04    0.1012225045E-03    0.2864098904E-03   -0.4731774981E-02   -0.1862110249E-01    0.0000000000E+00    0.0000000000E+00
   -0.2345047376E-04    0.3132241672E-03    0.7314283249E-03    0.1950470806E-02    0.1227594158E-01    0.0000000000E+00    0.0000000000E+00
   -0.4519245099E-06    0.1699406246E-03    0.4905003132E-04   -0.2374827316E-02   -0.1201025269E-01    0.0000000000E+00    0.0000000000E+00
   -0.1060077277E-05    0.1681552045E-03    0.6089640761E-03    0.5851429358E-03    0.9952938498E-02    0.0000000000E+00    0.0000000000E+00
    0.3299174446E-06    0.7639116406E-04   -0.3415136421E-03    0.9765564682E-03   -0.4253657175E-02    0.0000000000E+00    0.0000000000E+00
   -0.1197313038E-06   -0.6322430740E-05   -0.3854351736E-04   -0.5733032357E-03    0.6611329986E-03    0.0000000000E+00    0.0000000000E+00
    0.4213431915E-07    0.1623727874E-05    0.8628601732E-05    0.1108171880E-03    0.7978135445E-04    0.0000000000E+00    0.0000000000E+00
   -0.1439224807E-07   -0.4796313375E-06   -0.2281290792E-05   -0.2812332169E-04   -0.3828390296E-04    0.0000000000E+00    0.0000000000E+00
    0.4777860252E-08    0.1463508036E-06    0.6431004848E-06    0.7799780730E-05    0.1295249330E-04    0.0000000000E+00    0.0000000000E+00
   -0.1543055021E-08   -0.4473125104E-07   -0.1860191652E-06   -0.2236629298E-05   -0.4067852998E-05    0.0000000000E+00    0.0000000000E+00
    0.4845169333E-09    0.1351770558E-07    0.5411194261E-07    0.6469025615E-06    0.1234090328E-05    0.0000000000E+00    0.0000000000E+00
   -0.1474091692E-09   -0.4001262467E-08   -0.1560085342E-07   -0.1857129360E-06   -0.3639129783E-06    0.0000000000E+00    0.0000000000E+00
    0.4312144844E-10    0.1147367631E-08    0.4392868041E-08    0.5211959415E-07    0.1037394548E-06    0.0000000000E+00    0.0000000000E+00
   -0.1196103972E-10   -0.3136521219E-09   -0.1185839394E-08   -0.1403287660E-07   -0.2819202356E-07    0.0000000000E+00    0.0000000000E+00
    0.3073172674E-11    0.7973258515E-10    0.2988329651E-09    0.3529100810E-08    0.7129659037E-08    0.0000000000E+00    0.0000000000E+00
   -0.7036249699E-12   -0.1811366111E-10   -0.6748022444E-10   -0.7956576501E-09   -0.1612846198E-08    0.0000000000E+00    0.0000000000E+00
    0.1344040208E-12    0.3440403051E-11    0.1276324007E-10    0.1503089519E-09    0.3053035207E-09    0.0000000000E+00    0.0000000000E+00
   -0.1893123167E-13   -0.4825925476E-12   -0.1785128744E-11   -0.2100363216E-10   -0.4271387323E-10    0.0000000000E+00    0.0000000000E+00
    0.1459147834E-14    0.3708503689E-13    0.1369020169E-12    0.1609662250E-11    0.3275845963E-11    0.0000000000E+00    0.0000000000E+00
 l,ispin:           3           2
 psi n=1,noccmax(l):
    0.9697510578E+01   -0.9919209359E+00   -0.1273165756E+01    0.9466506367E+00    0.5382409935E+00    0.0000000000E+00    0.0000000000E+00
   -0.2718884972E+02    0.2778902651E+01    0.3564572537E+01   -0.2678314354E+01   -0.1390735959E+01    0.0000000000E+00    0.0000000000E+00
    0.4117385993E+02   -0.4208304783E+01   -0.5397432902E+01    0.4069788012E+01    0.2047374331E+01    0.0000000000E+00    0.0000000000E+00
   -0.4335800628E+02    0.4444330082E+01    0.5710780832E+01   -0.4198457129E+01   -0.2619124593E+01    0.0000000000E+00    0.0000000000E+00
    0.3271073368E+02   -0.3390989619E+01   -0.4390952468E+01    0.2865932156E+01    0.3533226172E+01    0.0000000000E+00    0.0000000000E+00
   -0.1766133309E+02    0.1888069984E+01    0.2495763553E+01   -0.1078499146E+01   -0.4315994387E+01    0.0000000000E+00    0.0000000000E+00
    0.1573770728E+02   -0.1668742538E+01   -0.2190948971E+01    0.1133837491E+01    0.3010805927E+01    0.0000000000E+00    0.0000000000E+00
   -0.1930264514E+02    0.1997613599E+01    0.2572717892E+01   -0.1927287612E+01   -0.1049601766E+01    0.0000000000E+00    0.0000000000E+00
   -0.2764607081E+01    0.1917020052E+00    0.1703482756E+00   -0.8937231345E+00    0.3155396311E+01    0.0000000000E+00    0.0000000000E+00
    0.4366774388E+01   -0.3786519823E+00   -0.4247268187E+00    0.9721138067E+00   -0.2575147991E+01    0.0000000000E+00    0.0000000000E+00
    0.4708262525E+01   -0.5005013539E+00   -0.6548523733E+00    0.4057680367E+00    0.6289406540E+00    0.0000000000E+00    0.0000000000E+00
    0.3225960098E+01   -0.2922306019E+00   -0.3405992650E+00    0.6153944917E+00   -0.1378165610E+01    0.0000000000E+00    0.0000000000E+00
    0.1665435611E+01   -0.1803501077E+00   -0.2397335112E+00    0.1163880641E+00    0.3676259121E+00    0.0000000000E+00    0.0000000000E+00
    0.9124434671E+00   -0.7928738486E-01   -0.8783624111E-01    0.2044347850E+00   -0.5500177498E+00    0.0000000000E+00    0.0000000000E+00
    0.3893181120E+00   -0.4394530308E-01   -0.6179242503E-01   -0.8388383261E-03    0.2260551807E+00    0.0000000000E+00    0.0000000000E+00
    0.1783205854E+00   -0.1276751139E-01   -0.1016876139E-01    0.5839912154E-01   -0.2134829664E+00    0.0000000000E+00    0.0000000000E+00
    0.6327994671E-01   -0.7221671439E-02   -0.1255017528E-01   -0.1770446837E-01    0.1217665441E+00    0.0000000000E+00    0.0000000000E+00
    0.2498838180E-01   -0.7686587461E-03    0.2485996831E-02    0.1751523535E-01   -0.8717687929E-01    0.0000000000E+00    0.0000000000E+00
    0.7296253287E-02    0.6096574599E-03   -0.1251025803E-02   -0.1253277081E-01    0.6012903300E-01    0.0000000000E+00    0.0000000000E+00
    0.3262438632E-02   -0.1622406431E-02   -0.6159892463E-03    0.9986091021E-02   -0.4232027893E-01    0.0000000000E+00    0.0000000000E+00
    0.7294324734E-03    0.1689561649E-02    0.1927997157E-02   -0.9497211603E-02    0.3306901799E-01    0.0000000000E+00    0.0000000000E+00
    0.2821862886E-03   -0.7318397763E-04   -0.4230243766E-04    0.5419741542E-02   -0.2240673715E-01    0.0000000000E+00    0.0000000000E+00
    0.4657407436E-04    0.1125873491E-03    0.3159682790E-03   -0.4740290468E-02    0.1817337485E-01    0.0000000000E+00    0.0000000000E+00
    0.1833389004E-04    0.3158186450E-03    0.7234324870E-03    0.1950333456E-02   -0.1195162000E-01    0.0000000000E+00    0.0000000000E+00
   -0.9589476352E-06    0.1713828754E-03    0.5716373599E-04   -0.2374968236E-02    0.1174403548E-01    0.0000000000E+00    0.0000000000E+00
    0.1046388718E-05    0.1676307038E-03    0.5965940052E-03    0.6234534453E-03   -0.9843557330E-02    0.0000000000E+00    0.0000000000E+00
   -0.3638017637E-06    0.7542899846E-04   -0.3406338613E-03    0.9477782659E-03    0.4253350712E-02    0.0000000000E+00    0.0000000000E+00
    0.1322138022E-06   -0.6270533446E-05   -0.3724569086E-04   -0.5654774168E-03   -0.6784223421E-03    0.0000000000E+00    0.0000000000E+00
   -0.4662135713E-07    0.1611177110E-05    0.8337925944E-05    0.1096128649E-03   -0.7201765532E-04    0.0000000000E+00    0.0000000000E+00
    0.1595734724E-07   -0.4760328530E-06   -0.2203156228E-05   -0.2784962244E-04    0.3598425140E-04    0.0000000000E+00    0.0000000000E+00
   -0.5308385881E-08    0.1452728507E-06    0.6207485524E-06    0.7728579168E-05   -0.1227718381E-04    0.0000000000E+00    0.0000000000E+00
    0.1717817058E-08   -0.4440588786E-07   -0.1794839972E-06   -0.2217026015E-05    0.3869299891E-05    0.0000000000E+00    0.0000000000E+00
   -0.5403764212E-09    0.1342025345E-07    0.5219684705E-07    0.6413846555E-06   -0.1176001738E-05    0.0000000000E+00    0.0000000000E+00
    0.1646655149E-09   -0.3972601794E-08   -0.1504600553E-07   -0.1841580802E-06    0.3471515411E-06    0.0000000000E+00    0.0000000000E+00
   -0.4823385390E-10    0.1139187630E-08    0.4236133163E-08    0.5168884125E-07   -0.9902586455E-07    0.0000000000E+00    0.0000000000E+00
    0.1339372400E-10   -0.3114236240E-09   -0.1143441606E-08   -0.1391794514E-07    0.2692223090E-07    0.0000000000E+00    0.0000000000E+00
   -0.3444270987E-11    0.7916749641E-10    0.2881344765E-09    0.3500380374E-08   -0.6810368074E-08    0.0000000000E+00    0.0000000000E+00
    0.7891282361E-12   -0.1798551677E-10   -0.6506233088E-10   -0.7892114148E-09    0.1540890799E-08    0.0000000000E+00    0.0000000000E+00
   -0.1508158392E-12    0.3416096061E-11    0.1230567450E-10    0.1490950253E-09   -0.2917171517E-09    0.0000000000E+00    0.0000000000E+00
    0.2125139889E-13   -0.4791861992E-12   -0.1721109940E-11   -0.2083438003E-10    0.4081627857E-10    0.0000000000E+00    0.0000000000E+00
   -0.1638471997E-14    0.3682345434E-13    0.1319913672E-12    0.1596711594E-11   -0.3130480527E-11    0.0000000000E+00    0.0000000000E+00
