Ag GTH-BLYP-q11
    1    0   10
     0.57000000    1     0.27329871
    3
     0.53113691    3     9.45447859    -4.73986410     0.59512748
                                        7.08711317    -1.53661256
                                                       1.21964841
     0.62572123    2     3.90619533    -1.71774975
                                        2.03246891
                         0.25589684    -0.42619674
                                        0.50428278
     0.40832785    2    -2.77610164    -0.36178338
                                        0.41022380
                        -0.05040151     0.09143388
                                       -0.10367628
