Au GTH-BLYP-q19
    3    6   10
     0.49000000    2     9.10574107    -0.31170627
    3  SOC
     0.28881911    3    -5.84394846    25.76364500   -14.96878334
                                      -57.60745060    38.64923240
                                                     -30.67687719
     0.35793393    3    -6.87735522     7.88320706     0.00000000
                                       -9.32753639     0.00000000
                                                       0.00000000
                         0.67624200     1.56654531    -1.38797606
                                       -4.16432987     3.28455083
                                                      -2.33434772
     0.33407191    2    -8.71118504     9.49731666
                                      -10.76894486
                         0.18654363     0.03506514
                                       -0.03976013
