Ba GTH-BLYP-q10
    4    6
     0.54000000    2    24.53545105    -2.47807384
    4  SOC
     0.48569784    2     0.09387924     1.15171729
                                       -1.48686063
     0.39622579    3     0.84537359    -1.74106987     0.00000000
                                        2.06006165     0.00000000
                                                       0.00000000
                         1.36342030    -2.06088251     0.55122185
                                        3.35616939    -1.30442898
                                                       0.92706460
     0.66014281    1     0.42755776
                         0.01819811
     0.30049122    1   -19.65179380
                         0.00609554
