Bi GTH-BLYP-q15
    2    3   10
     0.51000000    1    13.61415171
    3  SOC
     0.47534187    2    10.01031001    -4.17527106
                                        5.39025176
     0.54300464    3     5.84572146    -3.45677684     0.00000000
                                        4.09011352     0.00000000
                                                       0.00000000
                         1.72170626    -2.48209866     1.23864533
                                        4.99901431    -2.93116983
                                                       2.08319797
     0.39904006    2    -5.95513083     0.85300728
                                       -0.96721934
                        -0.16917488     0.34986026
                                       -0.39670425
