Ce GTH-BLYP-q12
    4    6    1    1
     0.52864798    2    19.13548995    -0.59690386
    4  SOC
     0.52094620    2    -0.55473220     1.70057992
                                       -2.19543924
     0.45984533    3    -0.92453341     1.99827739     0.00000000
                                       -2.36439369     0.00000000
                                                       0.00000000
                         0.71156537    -0.31578226     0.11098421
                                        0.55841040    -0.26263659
                                                       0.18665722
     0.67639660    1     0.10451755
                         0.01512306
     0.30436847    1   -17.54504586
                         0.00795063
