Cs GTH-BLYP-q9
    3    6
     0.54000000    2    33.07782844    -2.80842052
    4  SOC
     0.45607453    2    -3.56881717     2.63732767
                                       -3.40477539
     0.36820141    3    -5.01061387     0.77988492     0.00000000
                                       -0.92277228     0.00000000
                                                       0.00000000
                         1.57437238    -4.51408532     0.71637516
                                        6.53379317    -1.69525304
                                                       1.20482534
     0.75684499    1     0.20052308
                         0.01094188
     0.58463791    1    -1.70870691
                         0.00200941
