Cu GTH-BLYP-q11
    1    0   10
     0.53000000    0
    3  SOC
     0.43078178    3    10.29852604    -6.05837033     1.70054574
                                       10.58726032    -4.39079021
                                                       3.48508169
     0.55080544    2     2.74458701    -0.86295510
                                        1.02106225
                         0.09860631    -0.13039301
                                        0.15428309
     0.26558610    1   -12.66158247
                         0.01049591
