Gd GTH-BLYP-q18
    4    6    1    7
     0.52166157    2    18.16996137    -0.54313383
    4  SOC
     0.45763555    2    -2.89847533     3.94756205
                                       -5.09628069
     0.45903313    3    -3.22259659     2.93618073    -0.30453227
                                       -3.98113568     0.72065489
                                                      -0.51217326
                         0.59368030    -0.26004061     0.29188596
                                        0.79362981    -0.69072824
                                                       0.49090423
     0.48380572    1    -0.84857548
                         0.05010468
     0.27560057    1   -22.19038178
                         0.01468493
