Rh GTH-BLYP-q17
    3    6    8
     0.42000000    2    27.21859006    -5.26666561
    3  SOC
     0.33775970    2    -0.37805742     3.85156484
                                       -4.97234883
     0.40476998    2    -0.26519119    -0.79135076
                                        0.93633885
                        -0.04835942     0.40590578
                                       -0.48027419
     0.43219447    2     1.68856873    -3.13689837
                                        3.55690842
                        -0.02151269     0.05113252
                                       -0.05797883
