Ru GTH-BLYP-q16
    3    6    7
     0.43000000    2    26.85974124    -5.05749455
    3  SOC
     0.33894617    2    -0.50446833     3.70095133
                                       -4.77790762
     0.42823486    2     0.15024145    -1.32523126
                                        1.56803477
                        -0.17985594     0.51895455
                                       -0.61403530
     0.43752832    2     1.52972881    -2.96335285
                                        3.36012630
                        -0.01539633     0.04229415
                                       -0.04795706
