W GTH-BLYP-q14
    4    6    4
     0.54000000    2     6.68380890    -0.31709158
    3
     0.39238521    3    -1.92936041     4.30955402     2.23540296
                                       -1.92772713    -5.77178561
                                                       4.58121281
     0.39242369    3    -5.22265341     6.11414396     0.00000000
                                       -7.23435270     0.00000000
                                                       0.00000000
                         0.29105938     1.69959972    -1.52790172
                                       -4.55471685     3.61567538
                                                      -2.56967970
     0.37281208    2    -6.46250589     7.70934709
                                       -8.74157793
                         0.14792529     0.02425254
                                       -0.02749979
