Xe GTH-BLYP-q8
    2    6
     0.56000000    1     8.59949070
    3  SOC
     0.49592925    3     2.81672987     1.44752782    -1.40786958
                                       -4.15865041     3.63510361
                                                      -2.88527404
     0.48311258    2     2.11273917     0.00000000
                                        0.00000000
                         0.60477974    -0.44942572
                                        0.53176769
     0.69721940    1     0.50983839
                         0.01549055
