Zr GTH-BLYP-q12
    4    6    2
     0.47000000    2     7.68287419    -1.83482397
    3  SOC
     0.26098833    2    22.58608773    -8.39346102
                                       10.83591158
     0.28950143    2     8.50003567    -5.29014738
                                        6.25938680
                         1.00471258    -1.39881333
                                        1.65509826
     0.57680903    2     0.04082300     0.26426022
                                       -0.29964293
                        -0.00243928     0.01088738
                                       -0.01234513
