   40             4.00000 ng, rij 
     2.929     8.000                                       rcov,rprb 
 r                           (non)relativistic calculation
 PADE                        XC-functional
 11.000  9.000    0.1800000000   -0.8853705963E+01    0.3963078284E+01    0.0000000000E+00    0.0000000000E+00  znuc,zion,rloc,gpot()
   1                                                       lpx, (Projectors for l=0..lpx)
    0.1401328429    0.3878472127E+02   -0.0000000000E+00    0.0000000000E+00    0.0000000000E+00   -0.0000000000E+00    0.0000000000E+00  r_l(),hsep(), so=+0.5
    0.1483037303   -0.7631652146E+01   -0.0000000000E+00    0.0000000000E+00    0.0000000000E+00   -0.0000000000E+00    0.0000000000E+00  r_l(),hsep(), so=+0.5
   -0.7678717476E+01   -0.0000000000E+00    0.0000000000E+00    0.0000000000E+00   -0.0000000000E+00    0.0000000000E+00         hsep(), so=-0.5
 ---------------------------------------------
 Additional information (last calculation):
 gaussian exponents:
 xp():   174.59426695964143        123.45679012345680        87.297133479820715        61.728395061728428        43.648566739910358        30.864197530864214        21.824283369955186        15.432098765432112        10.912141684977593        7.7160493827160561        5.4560708424887991        3.8580246913580298        2.7280354212443996        1.9290123456790149        1.3640177106222007       0.96450617283950812       0.68200885531110056       0.48225308641975412       0.34100442765555034       0.24112654320987706       0.17050221382777517       0.12056327160493853        8.5251106913887639E-002   6.0281635802469306E-002   4.2625553456943813E-002   3.0140817901234667E-002   2.1312776728471910E-002   1.5070408950617330E-002   1.0656388364235955E-002   7.5352044753086702E-003   5.3281941821179818E-003   3.7676022376543351E-003   2.6640970910589913E-003   1.8838011188271676E-003   1.3320485455294954E-003   9.4190055941358410E-004   6.6602427276474794E-004   4.7095027970679205E-004   3.3301213638237408E-004   2.3547513985339608E-004
 orbital coefficients (one orbital per column)
 l,ispin:           0           1
 psi n=1,noccmax(l):
    0.2982246518E-03    0.1700901607E-03   -0.9165182557E-04    0.1637294363E-03    0.0000000000E+00
   -0.2250884193E-02   -0.1023889014E-02    0.5474661156E-03   -0.9477220203E-03    0.0000000000E+00
    0.7190868193E-02    0.3103884820E-02   -0.1656039732E-02    0.2836162578E-02    0.0000000000E+00
   -0.1747741476E-01   -0.6980949739E-02    0.3707584008E-02   -0.6156065434E-02    0.0000000000E+00
    0.3300067284E-01    0.1268571765E-01   -0.6715123263E-02    0.1082632575E-01    0.0000000000E+00
   -0.2490261530E-01   -0.1458353812E-01    0.7886034712E-02   -0.1441240341E-01    0.0000000000E+00
    0.4115396182E+00    0.9571164514E-01   -0.4829692197E-01    0.4984168155E-01    0.0000000000E+00
    0.1095234945E+01    0.1907545892E+00   -0.9289825575E-01    0.6093365466E-01    0.0000000000E+00
    0.7298220458E+00    0.1682461143E+00   -0.8480738702E-01    0.8520063170E-01    0.0000000000E+00
    0.1080792961E+01    0.2031931574E+00   -0.9912011073E-01    0.6019240257E-01    0.0000000000E+00
    0.3755711308E+00    0.9259968144E-01   -0.4764236553E-01    0.6110949628E-01    0.0000000000E+00
   -0.3673501696E-01   -0.3127402962E-01    0.1777217868E-01   -0.4008936913E-01    0.0000000000E+00
   -0.4976535865E+00   -0.7671134731E-01    0.3523377132E-01    0.4325780596E-03    0.0000000000E+00
   -0.6703570817E+00   -0.1823063174E+00    0.9454983129E-01   -0.1084581173E+00    0.0000000000E+00
   -0.7528634720E+00   -0.1456393907E+00    0.6781247993E-01   -0.1952659471E-01    0.0000000000E+00
   -0.6458059390E+00   -0.1867641654E+00    0.1004359388E+00   -0.1199407306E+00    0.0000000000E+00
   -0.5318803086E+00   -0.1992193023E+00    0.9570214878E-01   -0.3733986675E-01    0.0000000000E+00
   -0.3058723470E+00   -0.8459563992E-01    0.4856642910E-01   -0.8161835196E-01    0.0000000000E+00
   -0.1691657194E+00   -0.8770512670E-01    0.4128049659E-01    0.7885951054E-02    0.0000000000E+00
   -0.5686064982E-01   -0.3849059146E-01    0.3093928730E-01   -0.6700884333E-01    0.0000000000E+00
   -0.2047127239E-01   -0.2852105149E-01    0.7448418306E-02    0.2822053486E-01    0.0000000000E+00
    0.1511493355E-03    0.1361210435E-01    0.8495563441E-02   -0.3207692144E-01    0.0000000000E+00
   -0.2072942125E-02    0.3122246602E-01   -0.3873762896E-01    0.3794237788E-01    0.0000000000E+00
    0.1295340184E-02    0.6164512255E-01   -0.1618413073E-01    0.4253954497E-01    0.0000000000E+00
   -0.8861667021E-03    0.7141340127E-01   -0.1110696005E+00    0.4253878799E-01    0.0000000000E+00
    0.5974606064E-03    0.6650754575E-01   -0.1802037980E-01    0.1436763029E+00    0.0000000000E+00
   -0.3979956832E-03    0.3921022328E-01   -0.1176359826E+00   -0.2686770125E-01    0.0000000000E+00
    0.2616682793E-03    0.1808345887E-01    0.6712827526E-01    0.5887202547E-01    0.0000000000E+00
   -0.1695539907E-03    0.3724018196E-02   -0.6379318986E-01    0.8322793848E-01    0.0000000000E+00
    0.1080519204E-03    0.9599235284E-03    0.8894855064E-01   -0.3311649990E+00    0.0000000000E+00
   -0.6750693570E-04   -0.3649314008E-03    0.2755546926E-01   -0.1910829902E+00    0.0000000000E+00
    0.4115428523E-04    0.2207712825E-03    0.1444281603E-01    0.4083284846E+00    0.0000000000E+00
   -0.2431376362E-04   -0.1271071773E-03   -0.9284196776E-02   -0.1639009008E+00    0.0000000000E+00
    0.1378330855E-04    0.6917955643E-04    0.5132355868E-02    0.7447024444E-01    0.0000000000E+00
   -0.7391314413E-05   -0.3523948324E-04   -0.2598341459E-02   -0.3390549577E-01    0.0000000000E+00
    0.3672870830E-05    0.1652847952E-04    0.1203451403E-02    0.1471714153E-01    0.0000000000E+00
   -0.1640980908E-05   -0.6953230439E-05   -0.4993008772E-03   -0.5852280969E-02    0.0000000000E+00
    0.6299279295E-06    0.2515549820E-05    0.1782995425E-03    0.2030355683E-02    0.0000000000E+00
   -0.1932748201E-06   -0.7300394120E-06   -0.5115980690E-04   -0.5709765092E-03    0.0000000000E+00
    0.4166017585E-07    0.1496645259E-06    0.1038943249E-04    0.1143190357E-03    0.0000000000E+00
   -0.4662422907E-08   -0.1603681861E-07   -0.1104788384E-05   -0.1203440727E-04    0.0000000000E+00
 l,ispin:           1           1
 psi n=1,noccmax(l):
   -0.1706702982E-01    0.2437948939E-02   -0.4972692937E-03    0.5924898759E-02
    0.4751738809E-01   -0.7244582500E-02   -0.1558917971E-04   -0.2401821390E-01
   -0.1023751711E+00    0.1586077040E-01    0.7719643309E-03    0.5575462598E-01
    0.1486805827E+00   -0.2375800965E-01   -0.3267467569E-02   -0.9258586697E-01
   -0.2317244939E+00    0.3623096898E-01    0.2470462297E-02    0.1304192677E+00
    0.3699995777E+00   -0.5535306021E-01    0.4041501679E-02   -0.1657170288E+00
    0.2337631924E+00   -0.2010143205E-01    0.4713572669E-01    0.1359710503E+00
    0.3719267793E+01   -0.4841803988E+00    0.2687188564E+00   -0.4479415025E+00
    0.3768981992E+01   -0.4563464142E+00    0.3239328185E+00   -0.1155285522E+00
    0.2586027523E+01   -0.3489218211E+00    0.1837889603E+00   -0.3673705127E+00
    0.2699010593E+01   -0.3421101006E+00    0.2511922926E+00   -0.5460424278E-01
    0.2203363280E+01   -0.3027505089E+00    0.1574607734E+00   -0.3286188767E+00
    0.1832356772E+01   -0.2309116461E+00    0.1777991267E+00   -0.1287331030E-02
    0.1331045049E+01   -0.1921957997E+00    0.9152538643E-01   -0.2471223114E+00
    0.9494079559E+00   -0.1157291060E+00    0.1011924991E+00    0.5292354066E-01
    0.6082076041E+00   -0.9569399352E-01    0.3472546638E-01   -0.1737656385E+00
    0.3896073028E+00   -0.5406590852E-01    0.5858653969E-01    0.7479682739E-01
    0.2012639712E+00   -0.2260340534E-01   -0.8524913414E-02   -0.1135253486E+00
    0.1041954180E+00   -0.1047774381E-01    0.2754926788E-01    0.8646059704E-01
    0.4171676324E-01   -0.3016957302E-02   -0.1722073668E-01   -0.8760502685E-01
    0.1647347347E-01    0.3179223696E-02    0.1480818966E-01    0.8140838952E-01
    0.3537680009E-02    0.6129239556E-02   -0.1953052085E-01   -0.6744065068E-01
    0.1124504089E-02    0.9869845203E-02    0.5493709579E-02    0.7254440802E-01
   -0.1398559671E-03    0.1055516626E-01   -0.1851491216E-01   -0.4828483160E-01
    0.1297323220E-03    0.1274674139E-01   -0.3891812706E-02    0.6227256613E-01
   -0.7238090700E-04    0.1095894652E-01   -0.1341789617E-01   -0.3043766309E-01
    0.4099752939E-04    0.8315508254E-02   -0.7033417058E-02    0.4323517318E-01
   -0.2285267655E-04    0.4635348519E-02   -0.6683823731E-03   -0.2785474368E-01
    0.1252523813E-04    0.2021082965E-02   -0.4605789556E-02    0.3489893021E-01
   -0.6736019541E-05    0.7262292739E-03    0.3499796747E-02   -0.4201919985E-01
    0.3544279068E-05   -0.3070674061E-04    0.5965424084E-02   -0.7844479108E-02
   -0.1816959059E-05    0.3258362338E-04    0.6113647841E-03    0.2217356030E-01
    0.9020434381E-06   -0.1730284771E-04   -0.3773339980E-03   -0.7140247356E-02
   -0.4298968817E-06    0.8238002937E-05    0.1844181520E-03    0.2674179924E-02
    0.1941832983E-06   -0.3615051816E-05   -0.8114984747E-04   -0.1019129533E-02
   -0.8158979990E-07    0.1455935685E-05    0.3254226093E-04    0.3746171779E-03
    0.3100995932E-07   -0.5275612258E-06   -0.1171715347E-04   -0.1275398407E-03
   -0.1021309630E-07    0.1656119740E-06    0.3654527915E-05    0.3832215188E-04
    0.2718404535E-08   -0.4214376406E-07   -0.9245798115E-06   -0.9452112227E-05
   -0.5151706145E-09    0.7673739345E-08    0.1675267475E-06    0.1682885439E-05
    0.5146918803E-10   -0.7409245414E-09   -0.1611096380E-07   -0.1598797408E-06
 l,ispin:           1           2
 psi n=1,noccmax(l):
   -0.1715663848E-01    0.2443296403E-02   -0.5019561158E-03    0.5922100664E-02
    0.4776834215E-01   -0.7259626761E-02    0.4941305894E-06   -0.2400187098E-01
   -0.1029202162E+00    0.1589369213E-01    0.7354370795E-03    0.5571511127E-01
    0.1494816387E+00   -0.2380682778E-01   -0.3209274874E-02   -0.9251572105E-01
   -0.2329966110E+00    0.3630982371E-01    0.2383491363E-02    0.1303275350E+00
    0.3722602457E+00   -0.5550737221E-01    0.4181555066E-02   -0.1656364722E+00
    0.2362450832E+00   -0.2033816999E-01    0.4721841080E-01    0.1356610730E+00
    0.3746560345E+01   -0.4863306063E+00    0.2700281269E+00   -0.4488936580E+00
    0.3797168083E+01   -0.4585096242E+00    0.3251245843E+00   -0.1168673854E+00
    0.2604953373E+01   -0.3505122619E+00    0.1847786103E+00   -0.3680321991E+00
    0.2713676353E+01   -0.3431136559E+00    0.2516847262E+00   -0.5527745920E-01
    0.2212424948E+01   -0.3032456843E+00    0.1577664622E+00   -0.3286492613E+00
    0.1837972598E+01   -0.2310531434E+00    0.1777795860E+00   -0.1461915625E-02
    0.1333637573E+01   -0.1921502351E+00    0.9150808377E-01   -0.2468788789E+00
    0.9502942232E+00   -0.1155206405E+00    0.1009834326E+00    0.5294255597E-01
    0.6080671470E+00   -0.9551693991E-01    0.3464143648E-01   -0.1734933427E+00
    0.3888676951E+00   -0.5380878263E-01    0.5836187537E-01    0.7485058221E-01
    0.2005111680E+00   -0.2237393526E-01   -0.8632383387E-02   -0.1132617048E+00
    0.1035942590E+00   -0.1030670756E-01    0.2739725735E-01    0.8646079978E-01
    0.4132320624E-01   -0.2875059252E-02   -0.1727787180E-01   -0.8741067287E-01
    0.1626736046E-01    0.3281942403E-02    0.1470717098E-01    0.8137889814E-01
    0.3457227695E-02    0.6216278860E-02   -0.1956040234E-01   -0.6729121240E-01
    0.1103589241E-02    0.9928348257E-02    0.5429067002E-02    0.7249775387E-01
   -0.1428259071E-03    0.1060215761E-01   -0.1852842834E-01   -0.4816892541E-01
    0.1294907520E-03    0.1276908053E-01   -0.3920697848E-02    0.6220523548E-01
   -0.7234766216E-04    0.1096672742E-01   -0.1340929251E-01   -0.3036661739E-01
    0.4097139488E-04    0.8309817762E-02   -0.7022657691E-02    0.4313549242E-01
   -0.2283573702E-04    0.4627107984E-02   -0.6531910827E-03   -0.2780311782E-01
    0.1251498698E-04    0.2015065565E-02   -0.4589328826E-02    0.3479411299E-01
   -0.6730203610E-05    0.7222376043E-03    0.3518436588E-02   -0.4201489293E-01
    0.3541185108E-05   -0.3074700846E-04    0.5950885729E-02   -0.7746095957E-02
   -0.1815421982E-05    0.3244492423E-04    0.6085369398E-03    0.2211537108E-01
    0.9013366745E-06   -0.1722296029E-04   -0.3760782481E-03   -0.7123953343E-02
   -0.4296007874E-06    0.8199087759E-05    0.1838737548E-03    0.2668514646E-02
    0.1940732345E-06   -0.3597833403E-05   -0.8092456321E-04   -0.1017068141E-02
   -0.8155517027E-07    0.1448981450E-05    0.3245512840E-04    0.3738823796E-03
    0.3100159929E-07   -0.5250400172E-06   -0.1168649258E-04   -0.1272948971E-03
   -0.1021196626E-07    0.1648208802E-06    0.3645109259E-05    0.3824962888E-04
    0.2718525333E-08   -0.4194261890E-07   -0.9222214382E-06   -0.9434409124E-05
   -0.5152679437E-09    0.7637146827E-08    0.1671024672E-06    0.1679756585E-05
    0.5148555163E-10   -0.7373943597E-09   -0.1607036343E-07   -0.1595840345E-06
 l,ispin:           2           1
 psi n=1,noccmax(l):
    0.4840732022E-02   -0.2095840859E-01   -0.5975579140E-01    0.1488448926E+00    0.0000000000E+00
   -0.1679138214E-01    0.7259288554E-01    0.2070657849E+00   -0.5157470021E+00    0.0000000000E+00
    0.3142791981E-01   -0.1359327234E+00   -0.3876897917E+00    0.9656676438E+00    0.0000000000E+00
   -0.4293679578E-01    0.1857201586E+00    0.5296886360E+00   -0.1319389563E+01    0.0000000000E+00
    0.4847716322E-01   -0.2100852147E+00   -0.5988568115E+00    0.1491850273E+01    0.0000000000E+00
   -0.4847711928E-01    0.2106991862E+00    0.6001105775E+00   -0.1495232079E+01    0.0000000000E+00
    0.4512416945E-01   -0.1949040920E+00   -0.5561725528E+00    0.1385432549E+01    0.0000000000E+00
   -0.3712660002E-01    0.1742128333E+00    0.4854663700E+00   -0.1213953413E+01    0.0000000000E+00
    0.3778050312E-01   -0.1407114686E+00   -0.4205275322E+00    0.1040358286E+01    0.0000000000E+00
   -0.2790314935E-01    0.1205555293E+00    0.3440760618E+00   -0.8574116460E+00    0.0000000000E+00
    0.2668174481E-01   -0.9391356220E-01   -0.2861353388E+00    0.7061548602E+00    0.0000000000E+00
   -0.1525617049E-01    0.8301111798E-01    0.2226083640E+00   -0.5606575961E+00    0.0000000000E+00
    0.1943357030E-01   -0.5832781095E-01   -0.1882672101E+00    0.4611771037E+00    0.0000000000E+00
   -0.9057044166E-02    0.5389853727E-01    0.1415797451E+00   -0.3582747584E+00    0.0000000000E+00
    0.1337051527E-01   -0.3580747619E-01   -0.1210402447E+00    0.2951460381E+00    0.0000000000E+00
   -0.5735995297E-02    0.3395687352E-01    0.8959052152E-01   -0.2271579543E+00    0.0000000000E+00
    0.8167898632E-02   -0.2271230543E-01   -0.7607350316E-01    0.1864356859E+00    0.0000000000E+00
   -0.2297540799E-02    0.2271859121E-01    0.5466087746E-01   -0.1416373236E+00    0.0000000000E+00
    0.5033190903E-02   -0.1425266552E-01   -0.4768155471E-01    0.1177834114E+00    0.0000000000E+00
   -0.1706048373E-02    0.1381131230E-01    0.3468555690E-01   -0.9023684660E-01    0.0000000000E+00
    0.3048076308E-02   -0.8851586696E-02   -0.2986045674E-01    0.7489697066E-01    0.0000000000E+00
   -0.9068486961E-03    0.8619849184E-02    0.2153589770E-01   -0.5749373905E-01    0.0000000000E+00
    0.2061228954E-02   -0.5040747003E-02   -0.1901387092E-01    0.4867214457E-01    0.0000000000E+00
   -0.2387188563E-03    0.5402585920E-02    0.1299366934E-01   -0.3692455312E-01    0.0000000000E+00
    0.1533718014E-02   -0.2264753108E-02   -0.1246472430E-01    0.3306055340E-01    0.0000000000E+00
    0.3588260063E-03    0.3345977053E-02    0.7345040734E-02   -0.2426252681E-01    0.0000000000E+00
    0.1016852034E-02   -0.5092976968E-03   -0.8090530904E-02    0.2386175192E-01    0.0000000000E+00
    0.4288104859E-03    0.1468716600E-02    0.4700337865E-02   -0.1942520380E-01    0.0000000000E+00
    0.3750712212E-03    0.7884659387E-05   -0.5364169253E-02    0.2302894311E-01    0.0000000000E+00
    0.2714589414E-03    0.8748559862E-03    0.2734084917E-02   -0.2548331377E-01    0.0000000000E+00
    0.9438302057E-04   -0.8430361916E-03    0.1889149807E-02    0.1464430066E-01    0.0000000000E+00
   -0.7358578810E-05   -0.6417901820E-04   -0.1729600302E-02   -0.3545700841E-02    0.0000000000E+00
    0.1274775266E-05    0.2270194654E-04    0.4247173129E-03    0.1221135043E-03    0.0000000000E+00
   -0.2190287870E-06   -0.8131159726E-05   -0.1275014789E-03    0.3768584530E-04    0.0000000000E+00
    0.2780371819E-07    0.2824788058E-05    0.3988943128E-04   -0.2247580904E-04    0.0000000000E+00
    0.7261949961E-09   -0.9265567228E-06   -0.1223674034E-04    0.8629620609E-05    0.0000000000E+00
   -0.2126399807E-08    0.2790870888E-06    0.3525704005E-05   -0.2771911063E-05    0.0000000000E+00
    0.8976272594E-09   -0.7412706153E-07   -0.9087017144E-06    0.7584403594E-06    0.0000000000E+00
   -0.2451045023E-09    0.1623335007E-07    0.1949384156E-06   -0.1685244451E-06    0.0000000000E+00
    0.4426541851E-10   -0.2587529976E-08   -0.3063282521E-07    0.2705765985E-07    0.0000000000E+00
   -0.4109051781E-11    0.2225281062E-09    0.2608491033E-08   -0.2335364270E-08    0.0000000000E+00
 l,ispin:           2           2
 psi n=1,noccmax(l):
    0.4840732022E-02   -0.2095840859E-01   -0.5975579140E-01    0.1488448926E+00    0.0000000000E+00
   -0.1679138214E-01    0.7259288554E-01    0.2070657849E+00   -0.5157470021E+00    0.0000000000E+00
    0.3142791981E-01   -0.1359327234E+00   -0.3876897917E+00    0.9656676438E+00    0.0000000000E+00
   -0.4293679578E-01    0.1857201586E+00    0.5296886360E+00   -0.1319389563E+01    0.0000000000E+00
    0.4847716322E-01   -0.2100852147E+00   -0.5988568115E+00    0.1491850273E+01    0.0000000000E+00
   -0.4847711928E-01    0.2106991862E+00    0.6001105775E+00   -0.1495232079E+01    0.0000000000E+00
    0.4512416945E-01   -0.1949040920E+00   -0.5561725528E+00    0.1385432549E+01    0.0000000000E+00
   -0.3712660002E-01    0.1742128333E+00    0.4854663700E+00   -0.1213953413E+01    0.0000000000E+00
    0.3778050312E-01   -0.1407114686E+00   -0.4205275322E+00    0.1040358286E+01    0.0000000000E+00
   -0.2790314935E-01    0.1205555293E+00    0.3440760618E+00   -0.8574116460E+00    0.0000000000E+00
    0.2668174481E-01   -0.9391356220E-01   -0.2861353388E+00    0.7061548602E+00    0.0000000000E+00
   -0.1525617049E-01    0.8301111798E-01    0.2226083640E+00   -0.5606575961E+00    0.0000000000E+00
    0.1943357030E-01   -0.5832781095E-01   -0.1882672101E+00    0.4611771037E+00    0.0000000000E+00
   -0.9057044166E-02    0.5389853727E-01    0.1415797451E+00   -0.3582747584E+00    0.0000000000E+00
    0.1337051527E-01   -0.3580747619E-01   -0.1210402447E+00    0.2951460381E+00    0.0000000000E+00
   -0.5735995297E-02    0.3395687352E-01    0.8959052152E-01   -0.2271579543E+00    0.0000000000E+00
    0.8167898632E-02   -0.2271230543E-01   -0.7607350316E-01    0.1864356859E+00    0.0000000000E+00
   -0.2297540799E-02    0.2271859121E-01    0.5466087746E-01   -0.1416373236E+00    0.0000000000E+00
    0.5033190903E-02   -0.1425266552E-01   -0.4768155471E-01    0.1177834114E+00    0.0000000000E+00
   -0.1706048373E-02    0.1381131230E-01    0.3468555690E-01   -0.9023684660E-01    0.0000000000E+00
    0.3048076308E-02   -0.8851586696E-02   -0.2986045674E-01    0.7489697066E-01    0.0000000000E+00
   -0.9068486961E-03    0.8619849184E-02    0.2153589770E-01   -0.5749373905E-01    0.0000000000E+00
    0.2061228954E-02   -0.5040747003E-02   -0.1901387092E-01    0.4867214457E-01    0.0000000000E+00
   -0.2387188563E-03    0.5402585920E-02    0.1299366934E-01   -0.3692455312E-01    0.0000000000E+00
    0.1533718014E-02   -0.2264753108E-02   -0.1246472430E-01    0.3306055340E-01    0.0000000000E+00
    0.3588260063E-03    0.3345977053E-02    0.7345040734E-02   -0.2426252681E-01    0.0000000000E+00
    0.1016852034E-02   -0.5092976968E-03   -0.8090530904E-02    0.2386175192E-01    0.0000000000E+00
    0.4288104859E-03    0.1468716600E-02    0.4700337865E-02   -0.1942520380E-01    0.0000000000E+00
    0.3750712212E-03    0.7884659387E-05   -0.5364169253E-02    0.2302894311E-01    0.0000000000E+00
    0.2714589414E-03    0.8748559862E-03    0.2734084917E-02   -0.2548331377E-01    0.0000000000E+00
    0.9438302057E-04   -0.8430361916E-03    0.1889149807E-02    0.1464430066E-01    0.0000000000E+00
   -0.7358578810E-05   -0.6417901820E-04   -0.1729600302E-02   -0.3545700841E-02    0.0000000000E+00
    0.1274775266E-05    0.2270194654E-04    0.4247173129E-03    0.1221135043E-03    0.0000000000E+00
   -0.2190287870E-06   -0.8131159726E-05   -0.1275014789E-03    0.3768584530E-04    0.0000000000E+00
    0.2780371819E-07    0.2824788058E-05    0.3988943128E-04   -0.2247580904E-04    0.0000000000E+00
    0.7261949961E-09   -0.9265567228E-06   -0.1223674034E-04    0.8629620609E-05    0.0000000000E+00
   -0.2126399807E-08    0.2790870888E-06    0.3525704005E-05   -0.2771911063E-05    0.0000000000E+00
    0.8976272594E-09   -0.7412706153E-07   -0.9087017144E-06    0.7584403594E-06    0.0000000000E+00
   -0.2451045023E-09    0.1623335007E-07    0.1949384156E-06   -0.1685244451E-06    0.0000000000E+00
    0.4426541851E-10   -0.2587529976E-08   -0.3063282521E-07    0.2705765985E-07    0.0000000000E+00
   -0.4109051781E-11    0.2225281062E-09    0.2608491033E-08   -0.2335364270E-08    0.0000000000E+00
 l,ispin:           3           1
 psi n=1,noccmax(l):
    0.6175089765E-01   -0.2235872552E+00   -0.5332102036E+00   -0.2652995452E+01    0.0000000000E+00
   -0.1689033032E+00    0.6115625821E+00    0.1458460502E+01    0.7256636983E+01    0.0000000000E+00
    0.2530806895E+00   -0.9163508447E+00   -0.2185334788E+01   -0.1087333440E+02    0.0000000000E+00
   -0.2800548503E+00    0.1014016355E+01    0.2418270221E+01    0.1203248299E+02    0.0000000000E+00
    0.2591111922E+00   -0.9381859387E+00   -0.2237445506E+01   -0.1113297788E+02    0.0000000000E+00
   -0.2142874863E+00    0.7758930896E+00    0.1850416508E+01    0.9207477746E+01    0.0000000000E+00
    0.1648659123E+00   -0.5969297675E+00   -0.1423652695E+01   -0.7084197131E+01    0.0000000000E+00
   -0.1209598307E+00    0.4381473681E+00    0.1044748100E+01    0.5199359796E+01    0.0000000000E+00
    0.8617032138E-01   -0.3115463847E+00   -0.7436145369E+00   -0.3700026666E+01    0.0000000000E+00
   -0.6004180263E-01    0.2172223131E+00    0.5183114954E+00    0.2579529455E+01    0.0000000000E+00
    0.4135039797E-01   -0.1492972291E+00   -0.3566213762E+00   -0.1774617912E+01    0.0000000000E+00
   -0.2810269680E-01    0.1019248271E+00    0.2428959796E+00    0.1209783446E+01    0.0000000000E+00
    0.1916591929E-01   -0.6887366586E-01   -0.1649258260E+00   -0.8206429744E+00    0.0000000000E+00
   -0.1285568584E-01    0.4666074839E-01    0.1111505071E+00    0.5541483192E+00    0.0000000000E+00
    0.8768827361E-02   -0.3124936991E-01   -0.7515098701E-01   -0.3739600030E+00    0.0000000000E+00
   -0.5830301979E-02    0.2115041485E-01    0.5038530076E-01    0.2516358158E+00    0.0000000000E+00
    0.3976065702E-02   -0.1412701338E-01   -0.3401516691E-01   -0.1696277310E+00    0.0000000000E+00
   -0.2591958234E-02    0.9645212327E-02    0.2265689585E-01    0.1140007516E+00    0.0000000000E+00
    0.1808868044E-02   -0.6376049104E-02   -0.1539211000E-01   -0.7709347109E-01    0.0000000000E+00
   -0.1177481078E-02    0.4364926237E-02    0.1024733479E-01    0.5194576299E-01    0.0000000000E+00
    0.8282113429E-03   -0.2881066348E-02   -0.6982248910E-02   -0.3529843459E-01    0.0000000000E+00
   -0.5285735581E-03    0.1997822447E-02    0.4622288142E-02    0.2388551517E-01    0.0000000000E+00
    0.3898309736E-03   -0.1288317350E-02   -0.3203456001E-02   -0.1643364502E-01    0.0000000000E+00
   -0.2284437117E-03    0.9286553333E-03    0.2072898241E-02    0.1117858141E-01    0.0000000000E+00
    0.1898970460E-03   -0.5485538435E-03   -0.1518040848E-02   -0.7929276800E-02    0.0000000000E+00
   -0.7451902887E-04    0.4521704288E-03    0.8932636786E-03    0.5388723150E-02    0.0000000000E+00
    0.9052731192E-04   -0.1977191429E-03   -0.7695970786E-03   -0.4131679376E-02    0.0000000000E+00
   -0.2022721724E-05    0.2155283079E-03    0.3919683775E-03    0.2923607036E-02    0.0000000000E+00
    0.2817614179E-04   -0.7431756687E-04   -0.3905539679E-03   -0.2672303895E-02    0.0000000000E+00
    0.1816976239E-04    0.1526972439E-03   -0.1178608799E-04    0.1917742403E-02    0.0000000000E+00
    0.2029287663E-04   -0.5760726365E-04    0.2338487921E-03   -0.7243796627E-03    0.0000000000E+00
   -0.1603126362E-05   -0.1070168712E-04   -0.1138815759E-03    0.8720337114E-04    0.0000000000E+00
    0.3804003794E-06    0.2508477390E-05    0.2163792054E-04    0.2287329521E-04    0.0000000000E+00
   -0.1018409604E-06   -0.6672233340E-06   -0.5268095115E-05   -0.8843221260E-05    0.0000000000E+00
    0.2774409934E-07    0.1814238126E-06    0.1362756108E-05    0.2673985076E-05    0.0000000000E+00
   -0.7364826078E-08   -0.4812090533E-07   -0.3501781793E-06   -0.7382881326E-06    0.0000000000E+00
    0.1838285524E-08    0.1200089308E-07    0.8549033414E-07    0.1871040872E-06    0.0000000000E+00
   -0.4126029894E-09   -0.2690749349E-08   -0.1888820352E-07   -0.4220294659E-07    0.0000000000E+00
    0.7771579733E-10    0.5062288004E-09    0.3517198507E-08    0.7952422197E-08    0.0000000000E+00
   -0.1083693792E-10   -0.7051026112E-10   -0.4863578319E-09   -0.1107310411E-08    0.0000000000E+00
    0.8292177398E-12    0.5389781065E-11    0.3698716610E-10    0.8455609473E-10    0.0000000000E+00
 l,ispin:           3           2
 psi n=1,noccmax(l):
    0.6175089765E-01   -0.2235872552E+00   -0.5332102036E+00   -0.2652995452E+01    0.0000000000E+00
   -0.1689033032E+00    0.6115625821E+00    0.1458460502E+01    0.7256636983E+01    0.0000000000E+00
    0.2530806895E+00   -0.9163508447E+00   -0.2185334788E+01   -0.1087333440E+02    0.0000000000E+00
   -0.2800548503E+00    0.1014016355E+01    0.2418270221E+01    0.1203248299E+02    0.0000000000E+00
    0.2591111922E+00   -0.9381859387E+00   -0.2237445506E+01   -0.1113297788E+02    0.0000000000E+00
   -0.2142874863E+00    0.7758930896E+00    0.1850416508E+01    0.9207477746E+01    0.0000000000E+00
    0.1648659123E+00   -0.5969297675E+00   -0.1423652695E+01   -0.7084197131E+01    0.0000000000E+00
   -0.1209598307E+00    0.4381473681E+00    0.1044748100E+01    0.5199359796E+01    0.0000000000E+00
    0.8617032138E-01   -0.3115463847E+00   -0.7436145369E+00   -0.3700026666E+01    0.0000000000E+00
   -0.6004180263E-01    0.2172223131E+00    0.5183114954E+00    0.2579529455E+01    0.0000000000E+00
    0.4135039797E-01   -0.1492972291E+00   -0.3566213762E+00   -0.1774617912E+01    0.0000000000E+00
   -0.2810269680E-01    0.1019248271E+00    0.2428959796E+00    0.1209783446E+01    0.0000000000E+00
    0.1916591929E-01   -0.6887366586E-01   -0.1649258260E+00   -0.8206429744E+00    0.0000000000E+00
   -0.1285568584E-01    0.4666074839E-01    0.1111505071E+00    0.5541483192E+00    0.0000000000E+00
    0.8768827361E-02   -0.3124936991E-01   -0.7515098701E-01   -0.3739600030E+00    0.0000000000E+00
   -0.5830301979E-02    0.2115041485E-01    0.5038530076E-01    0.2516358158E+00    0.0000000000E+00
    0.3976065702E-02   -0.1412701338E-01   -0.3401516691E-01   -0.1696277310E+00    0.0000000000E+00
   -0.2591958234E-02    0.9645212327E-02    0.2265689585E-01    0.1140007516E+00    0.0000000000E+00
    0.1808868044E-02   -0.6376049104E-02   -0.1539211000E-01   -0.7709347109E-01    0.0000000000E+00
   -0.1177481078E-02    0.4364926237E-02    0.1024733479E-01    0.5194576299E-01    0.0000000000E+00
    0.8282113429E-03   -0.2881066348E-02   -0.6982248910E-02   -0.3529843459E-01    0.0000000000E+00
   -0.5285735581E-03    0.1997822447E-02    0.4622288142E-02    0.2388551517E-01    0.0000000000E+00
    0.3898309736E-03   -0.1288317350E-02   -0.3203456001E-02   -0.1643364502E-01    0.0000000000E+00
   -0.2284437117E-03    0.9286553333E-03    0.2072898241E-02    0.1117858141E-01    0.0000000000E+00
    0.1898970460E-03   -0.5485538435E-03   -0.1518040848E-02   -0.7929276800E-02    0.0000000000E+00
   -0.7451902887E-04    0.4521704288E-03    0.8932636786E-03    0.5388723150E-02    0.0000000000E+00
    0.9052731192E-04   -0.1977191429E-03   -0.7695970786E-03   -0.4131679376E-02    0.0000000000E+00
   -0.2022721724E-05    0.2155283079E-03    0.3919683775E-03    0.2923607036E-02    0.0000000000E+00
    0.2817614179E-04   -0.7431756687E-04   -0.3905539679E-03   -0.2672303895E-02    0.0000000000E+00
    0.1816976239E-04    0.1526972439E-03   -0.1178608799E-04    0.1917742403E-02    0.0000000000E+00
    0.2029287663E-04   -0.5760726365E-04    0.2338487921E-03   -0.7243796627E-03    0.0000000000E+00
   -0.1603126362E-05   -0.1070168712E-04   -0.1138815759E-03    0.8720337114E-04    0.0000000000E+00
    0.3804003794E-06    0.2508477390E-05    0.2163792054E-04    0.2287329521E-04    0.0000000000E+00
   -0.1018409604E-06   -0.6672233340E-06   -0.5268095115E-05   -0.8843221260E-05    0.0000000000E+00
    0.2774409934E-07    0.1814238126E-06    0.1362756108E-05    0.2673985076E-05    0.0000000000E+00
   -0.7364826078E-08   -0.4812090533E-07   -0.3501781793E-06   -0.7382881326E-06    0.0000000000E+00
    0.1838285524E-08    0.1200089308E-07    0.8549033414E-07    0.1871040872E-06    0.0000000000E+00
   -0.4126029894E-09   -0.2690749349E-08   -0.1888820352E-07   -0.4220294659E-07    0.0000000000E+00
    0.7771579733E-10    0.5062288004E-09    0.3517198507E-08    0.7952422197E-08    0.0000000000E+00
   -0.1083693792E-10   -0.7051026112E-10   -0.4863578319E-09   -0.1107310411E-08    0.0000000000E+00
    0.8292177398E-12    0.5389781065E-11    0.3698716610E-10    0.8455609473E-10    0.0000000000E+00
