   40             4.00000 ng, rij 
     2.929     8.000                                       rcov,rprb 
 r                           (non)relativistic calculation
 PBE                         XC-functional
 11.000  9.000    0.1800000000   -0.8879923931E+01    0.3944438277E+01    0.0000000000E+00    0.0000000000E+00  znuc,zion,rloc,gpot()
   1                                                       lpx, (Projectors for l=0..lpx)
    0.1402441202    0.3869439882E+02   -0.0000000000E+00    0.0000000000E+00    0.0000000000E+00   -0.0000000000E+00    0.0000000000E+00  r_l(),hsep(), so=+0.5
    0.1480039602   -0.7517423523E+01   -0.0000000000E+00    0.0000000000E+00    0.0000000000E+00   -0.0000000000E+00    0.0000000000E+00  r_l(),hsep(), so=+0.5
   -0.7564954117E+01   -0.0000000000E+00    0.0000000000E+00    0.0000000000E+00   -0.0000000000E+00    0.0000000000E+00         hsep(), so=-0.5
 ---------------------------------------------
 Additional information (last calculation):
 gaussian exponents:
 xp():   174.59426695964143        123.45679012345680        87.297133479820715        61.728395061728428        43.648566739910358        30.864197530864214        21.824283369955186        15.432098765432112        10.912141684977593        7.7160493827160561        5.4560708424887991        3.8580246913580298        2.7280354212443996        1.9290123456790149        1.3640177106222007       0.96450617283950812       0.68200885531110056       0.48225308641975412       0.34100442765555034       0.24112654320987706       0.17050221382777517       0.12056327160493853        8.5251106913887639E-002   6.0281635802469306E-002   4.2625553456943813E-002   3.0140817901234667E-002   2.1312776728471910E-002   1.5070408950617330E-002   1.0656388364235955E-002   7.5352044753086702E-003   5.3281941821179818E-003   3.7676022376543351E-003   2.6640970910589913E-003   1.8838011188271676E-003   1.3320485455294954E-003   9.4190055941358410E-004   6.6602427276474794E-004   4.7095027970679205E-004   3.3301213638237408E-004   2.3547513985339608E-004
 orbital coefficients (one orbital per column)
 l,ispin:           0           1
 psi n=1,noccmax(l):
   -0.8451627290E-02    0.8919793550E-02    0.3747283051E-02    0.2778514454E-02    0.0000000000E+00
    0.4371359496E-01   -0.5027388056E-01   -0.2113151703E-01   -0.1567231207E-01    0.0000000000E+00
   -0.3847101256E-01    0.1334759336E+00    0.5503673950E-01    0.4034112100E-01    0.0000000000E+00
   -0.1645780236E+00   -0.2371220932E+00   -0.9428714544E-01   -0.6752793150E-01    0.0000000000E+00
    0.4705384663E+00    0.3722368157E+00    0.1448488336E+00    0.1022569934E+00    0.0000000000E+00
   -0.5760197721E+00   -0.5833414608E+00   -0.2297518908E+00   -0.1635381192E+00    0.0000000000E+00
    0.8990055996E+00    0.7794753634E+00    0.3055306644E+00    0.2168121120E+00    0.0000000000E+00
    0.7121484162E+00   -0.1363504662E+01   -0.5703312248E+00   -0.4218861576E+00    0.0000000000E+00
    0.1044287881E+01    0.1345694541E+01    0.5396207179E+00    0.3888559241E+00    0.0000000000E+00
    0.8540405260E+00   -0.2079333406E+01   -0.8769359395E+00   -0.6520342405E+00    0.0000000000E+00
    0.5718501302E+00    0.2217313941E+01    0.9206650206E+00    0.6783185389E+00    0.0000000000E+00
   -0.2094327892E+00   -0.2783225390E+01   -0.1173736385E+01   -0.8729962336E+00    0.0000000000E+00
   -0.3328759583E+00    0.3489221294E+01    0.1496962648E+01    0.1124585641E+01    0.0000000000E+00
   -0.8904896767E+00   -0.3888891452E+01   -0.1675277912E+01   -0.1261124135E+01    0.0000000000E+00
   -0.4615798344E+00    0.4744052309E+01    0.2094309292E+01    0.1597007696E+01    0.0000000000E+00
   -0.1092807672E+01   -0.4467603579E+01   -0.1979089960E+01   -0.1509499829E+01    0.0000000000E+00
   -0.4195464325E-01    0.4156487114E+01    0.1878740055E+01    0.1444743289E+01    0.0000000000E+00
   -0.7163037190E+00   -0.2732867294E+01   -0.1231606824E+01   -0.9405648346E+00    0.0000000000E+00
    0.1372424241E+00    0.1913419302E+01    0.8791901109E+00    0.6752441587E+00    0.0000000000E+00
   -0.2655852367E+00   -0.1229353697E+01   -0.5777037576E+00   -0.4499310994E+00    0.0000000000E+00
    0.1269637687E+00    0.8632215090E+00    0.4409710241E+00    0.3691188120E+00    0.0000000000E+00
   -0.1016286485E+00   -0.4495504544E+00   -0.2007361652E+00   -0.1879882432E+00    0.0000000000E+00
    0.6826313674E-01    0.2435727674E+00   -0.7851467253E-02    0.6129755807E-02    0.0000000000E+00
   -0.4687081258E-01   -0.3060399892E+00   -0.4194825500E-02   -0.1680313857E-01    0.0000000000E+00
    0.3181780644E-01    0.1191001987E+00   -0.5006583717E-01   -0.6362923152E-03    0.0000000000E+00
   -0.2138517132E-01   -0.1894921518E+00   -0.9053764962E-01   -0.2266124746E+00    0.0000000000E+00
    0.1421271171E-01    0.4432314848E-01   -0.8954657385E-01    0.8604398019E-01    0.0000000000E+00
   -0.9328715920E-02   -0.7715213516E-01    0.4597083786E-01   -0.1088107761E+00    0.0000000000E+00
    0.6037550212E-02    0.3428974164E-01   -0.4875215031E-01   -0.4658108812E-01    0.0000000000E+00
   -0.3844361370E-02   -0.2592633330E-01    0.8318106748E-01    0.3035574288E+00    0.0000000000E+00
    0.2400468650E-02    0.1592587749E-01    0.3200541764E-01    0.2197971737E+00    0.0000000000E+00
   -0.1462869738E-02   -0.9567932255E-02    0.1117588941E-01   -0.4274874184E+00    0.0000000000E+00
    0.8640732550E-03    0.5489617888E-02   -0.7415577967E-02    0.1726741541E+00    0.0000000000E+00
   -0.4897878146E-03   -0.2984329669E-02    0.4121617898E-02   -0.7874679289E-01    0.0000000000E+00
    0.2626444301E-03    0.1520037288E-02   -0.2087694844E-02    0.3593308450E-01    0.0000000000E+00
   -0.1305179950E-03   -0.7131196053E-03    0.9662841607E-03   -0.1561932212E-01    0.0000000000E+00
    0.5831829556E-04    0.3000823153E-03   -0.4005580480E-03    0.6216722456E-02    0.0000000000E+00
   -0.2238929564E-04   -0.1085894555E-03    0.1429307323E-03   -0.2158094120E-02    0.0000000000E+00
    0.6870354936E-05    0.3151891283E-04   -0.4098716945E-04    0.6071433176E-03    0.0000000000E+00
   -0.1481087202E-05   -0.6462313299E-05    0.8319949451E-05   -0.1215931540E-03    0.0000000000E+00
    0.1657770368E-06    0.6924891602E-06   -0.8844449156E-06    0.1280250554E-04    0.0000000000E+00
 l,ispin:           1           1
 psi n=1,noccmax(l):
   -0.6133213257E-01    0.7158929721E-02   -0.4383379827E-02    0.9918859246E-02
   -0.1325954925E+00    0.1789874450E-01   -0.1301541066E-01   -0.1384977024E-01
    0.1208449877E+01   -0.1530285713E+00    0.1031589179E+00   -0.3451306444E-01
   -0.1782327421E+01    0.2314201882E+00   -0.1566043170E+00    0.4170013156E-01
    0.7558781089E+00   -0.1192486938E+00    0.8531276865E-01    0.6409383706E-01
    0.1709798394E+00    0.2235252991E-01   -0.2346394934E-01   -0.1526133522E+00
    0.2679068873E+00   -0.9607591816E-01    0.7251301142E-01    0.1280547682E+00
    0.3565531052E+01   -0.3472027146E+00    0.2172516780E+00   -0.4069260964E+00
    0.3905874839E+01   -0.5953315908E+00    0.3985968605E+00   -0.1588424772E+00
    0.2295211921E+01   -0.1092473319E+00    0.6282187430E-01   -0.2654045580E+00
    0.2956711915E+01   -0.6247653913E+00    0.4171251006E+00   -0.1844777421E+00
    0.1943218215E+01    0.1027688781E+00   -0.7390103206E-01   -0.1251606040E+00
    0.2056226096E+01   -0.7432849369E+00    0.4928953039E+00   -0.2720076051E+00
    0.1191604325E+01    0.4856867095E+00   -0.3236160768E+00    0.1255094840E+00
    0.9977955423E+00   -0.9301211206E+00    0.6165423871E+00   -0.4081001732E+00
    0.7127496039E+00    0.7854184802E+00   -0.5242476950E+00    0.3347068272E+00
    0.2040897966E+00   -0.8317701533E+00    0.5586913028E+00   -0.3794453532E+00
    0.3701515779E+00    0.5381012594E+00   -0.3688261005E+00    0.2157040297E+00
   -0.1226815786E-01   -0.3599636394E+00    0.2532390076E+00   -0.1197006531E+00
    0.1121624950E+00    0.2227516024E+00   -0.1648962013E+00    0.4902921810E-01
   -0.2714459909E-01   -0.1383879367E+00    0.1111947363E+00   -0.1085090737E-01
    0.3000756123E-01    0.6913105449E-01   -0.6298041178E-01   -0.2403753198E-01
   -0.1464990377E-01   -0.2127236108E-01    0.1882249305E-01    0.6121471480E-01
    0.9153787620E-02    0.4021274526E-01   -0.2694865440E-01   -0.4614981627E-01
   -0.5278693607E-02   -0.9775626701E-02    0.6626966052E-02    0.5524999217E-01
    0.3034649118E-02    0.2151653949E-01   -0.2207108671E-01   -0.2177145231E-01
   -0.1718579727E-02    0.1956632785E-02   -0.3773473061E-02    0.3851032764E-01
    0.9583054915E-03    0.8687786388E-02   -0.2606028105E-02   -0.2454954828E-01
   -0.5253515256E-03    0.6108363493E-05   -0.3421913406E-02    0.3199431193E-01
    0.2825697016E-03    0.1984861862E-02    0.3321673473E-02   -0.4076747954E-01
   -0.1486889441E-03   -0.6546878385E-03    0.6006216524E-02   -0.7886768520E-02
    0.7622546382E-04    0.3505956434E-03    0.4644986798E-03    0.2219113184E-01
   -0.3784130604E-04   -0.1707370128E-03   -0.3092286023E-03   -0.7219746824E-02
    0.1803307259E-04    0.7835937564E-04    0.1540516099E-03    0.2719956770E-02
   -0.8144616266E-05   -0.3372178566E-04   -0.6834685509E-04   -0.1040371611E-02
    0.3421670556E-05    0.1342695301E-04    0.2752541496E-04    0.3833275381E-03
   -0.1300292944E-05   -0.4831007304E-05   -0.9935199906E-05   -0.1307084506E-03
    0.4281865801E-06    0.1509685346E-05    0.3103423121E-05    0.3931520579E-04
   -0.1139532575E-06   -0.3830298437E-06   -0.7859102607E-06   -0.9703900601E-05
    0.2159260606E-07    0.6960491428E-07    0.1424912055E-06    0.1728547802E-05
   -0.2156994017E-08   -0.6711509617E-08   -0.1370913245E-07   -0.1642721490E-06
 l,ispin:           1           2
 psi n=1,noccmax(l):
   -0.6200291415E-01    0.7241432396E-02   -0.4440477627E-02    0.9965358888E-02
   -0.1317032888E+00    0.1764739738E-01   -0.1282264887E-01   -0.1400596956E-01
    0.1211412242E+01   -0.1527484150E+00    0.1028762562E+00   -0.3429056357E-01
   -0.1787542234E+01    0.2310783594E+00   -0.1562194462E+00    0.4141273044E-01
    0.7562135104E+00   -0.1185550157E+00    0.8469222280E-01    0.6455054069E-01
    0.1756285158E+00    0.2129574097E-01   -0.2260194767E-01   -0.1532552349E+00
    0.2665661301E+00   -0.9523523584E-01    0.7174590005E-01    0.1286014262E+00
    0.3596829263E+01   -0.3503468550E+00    0.2194140022E+00   -0.4087056984E+00
    0.3930089355E+01   -0.5963445125E+00    0.3988605270E+00   -0.1591928054E+00
    0.2317247946E+01   -0.1116051115E+00    0.6457273934E-01   -0.2668470571E+00
    0.2968570565E+01   -0.6250834800E+00    0.4168937844E+00   -0.1843385045E+00
    0.1954347586E+01    0.1020515278E+00   -0.7311784387E-01   -0.1257752470E+00
    0.2060437827E+01   -0.7435834782E+00    0.4925605423E+00   -0.2717049648E+00
    0.1194634091E+01    0.4865340307E+00   -0.3236775488E+00    0.1255684167E+00
    0.9993559650E+00   -0.9313742495E+00    0.6167112532E+00   -0.4081758721E+00
    0.7107777270E+00    0.7876227382E+00   -0.5250834256E+00    0.3354001337E+00
    0.2055691893E+00   -0.8335707648E+00    0.5592977917E+00   -0.3799291716E+00
    0.3675744293E+00    0.5398894488E+00   -0.3696012503E+00    0.2164098627E+00
   -0.1167762442E-01   -0.3607876623E+00    0.2535099238E+00   -0.1199855879E+00
    0.1110616239E+00    0.2235062988E+00   -0.1652177391E+00    0.4939200414E-01
   -0.2690407892E-01   -0.1387163167E+00    0.1113007568E+00   -0.1103104297E-01
    0.2965351852E-01    0.6947913284E-01   -0.6316680914E-01   -0.2375587564E-01
   -0.1450638619E-01   -0.2135983237E-01    0.1884484811E-01    0.6108195355E-01
    0.9052911743E-02    0.4032768352E-01   -0.2698008618E-01   -0.4602168402E-01
   -0.5221258471E-02   -0.9796803971E-02    0.6605513673E-02    0.5518872302E-01
    0.3001124816E-02    0.2155680901E-01   -0.2207633973E-01   -0.2170109315E-01
   -0.1699382101E-02    0.1933912050E-02   -0.3754157455E-02    0.3841158930E-01
    0.9475000097E-03    0.8690047943E-02   -0.2595750494E-02   -0.2449959787E-01
   -0.5193869507E-03   -0.5629291091E-05   -0.3402193593E-02    0.3189507872E-01
    0.2793487174E-03    0.1983903788E-02    0.3337316377E-02   -0.4076064632E-01
   -0.1469926144E-03   -0.6564097014E-03    0.5993184792E-02   -0.7797456238E-02
    0.7535790715E-04    0.3512951568E-03    0.4613905774E-03    0.2213797891E-01
   -0.3741299347E-04   -0.1710615056E-03   -0.3078171534E-03   -0.7204886021E-02
    0.1783067956E-04    0.7850589774E-04    0.1534325399E-03    0.2714799824E-02
   -0.8054202422E-05   -0.3378455610E-04   -0.6808886410E-04   -0.1038498242E-02
    0.3384174441E-05    0.1345196062E-04    0.2742516970E-04    0.3826606068E-03
   -0.1286245132E-05   -0.4840029605E-05   -0.9899811696E-05   -0.1304863420E-03
    0.4236285660E-06    0.1512514463E-05    0.3092527575E-05    0.3924949009E-04
   -0.1127578400E-06   -0.3837500680E-06   -0.7831776312E-06   -0.9687867441E-05
    0.2136919347E-07    0.6973619110E-07    0.1419990163E-06    0.1725715153E-05
   -0.2134952535E-08   -0.6724199928E-08   -0.1366199365E-07   -0.1640045090E-06
 l,ispin:           2           1
 psi n=1,noccmax(l):
    0.5212503174E-01    0.3066164629E-01    0.1223043482E+00   -0.2184416600E+00    0.0000000000E+00
   -0.1808659777E+00   -0.1065631068E+00   -0.4241674161E+00    0.7573506933E+00    0.0000000000E+00
    0.3394218093E+00    0.2004778424E+00    0.7953990377E+00   -0.1419506413E+01    0.0000000000E+00
   -0.4621791702E+00   -0.2721546631E+00   -0.1084703692E+01    0.1937201208E+01    0.0000000000E+00
    0.5172529405E+00    0.3015792787E+00    0.1219238234E+01   -0.2182223542E+01    0.0000000000E+00
   -0.5126936074E+00   -0.2957139644E+00   -0.1214362150E+01    0.2178640673E+01    0.0000000000E+00
    0.4701109855E+00    0.2685837289E+00    0.1118688950E+01   -0.2011289103E+01    0.0000000000E+00
   -0.4051766746E+00   -0.2269989325E+00   -0.9727467454E+00    0.1756166186E+01    0.0000000000E+00
    0.3423728867E+00    0.1913698344E+00    0.8246040688E+00   -0.1490104007E+01    0.0000000000E+00
   -0.2710620566E+00   -0.1442394222E+00   -0.6668988329E+00    0.1216807010E+01    0.0000000000E+00
    0.2124030139E+00    0.1081404465E+00    0.5335490132E+00   -0.9817182887E+00    0.0000000000E+00
   -0.1492512576E+00   -0.6209677568E-01   -0.4013888530E+00    0.7598354839E+00    0.0000000000E+00
    0.1052005531E+00    0.3396901545E-01    0.3040137773E+00   -0.5901947177E+00    0.0000000000E+00
   -0.5103397311E-01    0.1023455625E-01   -0.1989408619E+00    0.4220975164E+00    0.0000000000E+00
    0.1549523768E-01   -0.3620938423E-01    0.1258960084E+00   -0.3001944714E+00    0.0000000000E+00
    0.2071461289E-01    0.6640700977E-01   -0.5564980216E-01    0.1885159924E+00    0.0000000000E+00
   -0.2878727476E-01   -0.6659746857E-01    0.2785454823E-01   -0.1316124096E+00    0.0000000000E+00
    0.2714985049E-01    0.5793890191E-01   -0.1563746393E-01    0.9706285698E-01    0.0000000000E+00
   -0.1271905902E-01   -0.3579145730E-01    0.2418764978E-01   -0.9069928754E-01    0.0000000000E+00
    0.8550362745E-02    0.2673404871E-01   -0.2068190227E-01    0.7376498901E-01    0.0000000000E+00
   -0.2800930959E-02   -0.1663537598E-01    0.2140026006E-01   -0.6446174575E-01    0.0000000000E+00
    0.1702948146E-03    0.1073234452E-01   -0.1947580561E-01    0.5431027559E-01    0.0000000000E+00
    0.2200008047E-02   -0.5017898927E-02    0.1988058227E-01   -0.4945126860E-01    0.0000000000E+00
    0.8216233207E-03    0.6361693225E-02   -0.1294543856E-01    0.3730995724E-01    0.0000000000E+00
    0.4228685562E-03   -0.3526918853E-02    0.1167608221E-01   -0.3247717446E-01    0.0000000000E+00
    0.4787125810E-03    0.3806619175E-02   -0.6912002053E-02    0.2364206116E-01    0.0000000000E+00
    0.9149020145E-03   -0.7017721469E-03    0.7985831385E-02   -0.2362177282E-01    0.0000000000E+00
    0.5127151609E-03    0.1594696602E-02   -0.4605505910E-02    0.1923254992E-01    0.0000000000E+00
    0.3591769115E-03   -0.3154523184E-04    0.5308624920E-02   -0.2282962365E-01    0.0000000000E+00
    0.2918091034E-03    0.9091102444E-03   -0.2670066076E-02    0.2533773221E-01    0.0000000000E+00
    0.8523074647E-04   -0.8509536583E-03   -0.1931709226E-02   -0.1458656255E-01    0.0000000000E+00
   -0.4034347887E-05   -0.6639301431E-04    0.1743152179E-02    0.3537433765E-02    0.0000000000E+00
   -0.7213537083E-07    0.2333587191E-04   -0.4283915464E-03   -0.1234269886E-03    0.0000000000E+00
    0.2990616093E-06   -0.8339808578E-05    0.1287059909E-03   -0.3709188756E-04    0.0000000000E+00
   -0.1597505678E-06    0.2894295768E-05   -0.4028915762E-04    0.2227644374E-04    0.0000000000E+00
    0.6388506271E-07   -0.9488241642E-06    0.1236413804E-04   -0.8568228349E-05    0.0000000000E+00
   -0.2149315134E-07    0.2856983082E-06   -0.3563328853E-05    0.2754443759E-05    0.0000000000E+00
    0.6106465439E-08   -0.7586684460E-07    0.9185559149E-06   -0.7540051953E-06    0.0000000000E+00
   -0.1396079173E-08    0.1661201309E-07   -0.1970746295E-06    0.1675854341E-06    0.0000000000E+00
    0.2289152147E-09   -0.2647635822E-08    0.3097082162E-07   -0.2691163836E-07    0.0000000000E+00
   -0.2006329569E-10    0.2276824113E-09   -0.2637402613E-08    0.2323028205E-08    0.0000000000E+00
 l,ispin:           2           2
 psi n=1,noccmax(l):
    0.5212503174E-01    0.3066164629E-01    0.1223043482E+00   -0.2184416600E+00    0.0000000000E+00
   -0.1808659777E+00   -0.1065631068E+00   -0.4241674161E+00    0.7573506933E+00    0.0000000000E+00
    0.3394218093E+00    0.2004778424E+00    0.7953990377E+00   -0.1419506413E+01    0.0000000000E+00
   -0.4621791702E+00   -0.2721546631E+00   -0.1084703692E+01    0.1937201208E+01    0.0000000000E+00
    0.5172529405E+00    0.3015792787E+00    0.1219238234E+01   -0.2182223542E+01    0.0000000000E+00
   -0.5126936074E+00   -0.2957139644E+00   -0.1214362150E+01    0.2178640673E+01    0.0000000000E+00
    0.4701109855E+00    0.2685837289E+00    0.1118688950E+01   -0.2011289103E+01    0.0000000000E+00
   -0.4051766746E+00   -0.2269989325E+00   -0.9727467454E+00    0.1756166186E+01    0.0000000000E+00
    0.3423728867E+00    0.1913698344E+00    0.8246040688E+00   -0.1490104007E+01    0.0000000000E+00
   -0.2710620566E+00   -0.1442394222E+00   -0.6668988329E+00    0.1216807010E+01    0.0000000000E+00
    0.2124030139E+00    0.1081404465E+00    0.5335490132E+00   -0.9817182887E+00    0.0000000000E+00
   -0.1492512576E+00   -0.6209677568E-01   -0.4013888530E+00    0.7598354839E+00    0.0000000000E+00
    0.1052005531E+00    0.3396901545E-01    0.3040137773E+00   -0.5901947177E+00    0.0000000000E+00
   -0.5103397311E-01    0.1023455625E-01   -0.1989408619E+00    0.4220975164E+00    0.0000000000E+00
    0.1549523768E-01   -0.3620938423E-01    0.1258960084E+00   -0.3001944714E+00    0.0000000000E+00
    0.2071461289E-01    0.6640700977E-01   -0.5564980216E-01    0.1885159924E+00    0.0000000000E+00
   -0.2878727476E-01   -0.6659746857E-01    0.2785454823E-01   -0.1316124096E+00    0.0000000000E+00
    0.2714985049E-01    0.5793890191E-01   -0.1563746393E-01    0.9706285698E-01    0.0000000000E+00
   -0.1271905902E-01   -0.3579145730E-01    0.2418764978E-01   -0.9069928754E-01    0.0000000000E+00
    0.8550362745E-02    0.2673404871E-01   -0.2068190227E-01    0.7376498901E-01    0.0000000000E+00
   -0.2800930959E-02   -0.1663537598E-01    0.2140026006E-01   -0.6446174575E-01    0.0000000000E+00
    0.1702948146E-03    0.1073234452E-01   -0.1947580561E-01    0.5431027559E-01    0.0000000000E+00
    0.2200008047E-02   -0.5017898927E-02    0.1988058227E-01   -0.4945126860E-01    0.0000000000E+00
    0.8216233207E-03    0.6361693225E-02   -0.1294543856E-01    0.3730995724E-01    0.0000000000E+00
    0.4228685562E-03   -0.3526918853E-02    0.1167608221E-01   -0.3247717446E-01    0.0000000000E+00
    0.4787125810E-03    0.3806619175E-02   -0.6912002053E-02    0.2364206116E-01    0.0000000000E+00
    0.9149020145E-03   -0.7017721469E-03    0.7985831385E-02   -0.2362177282E-01    0.0000000000E+00
    0.5127151609E-03    0.1594696602E-02   -0.4605505910E-02    0.1923254992E-01    0.0000000000E+00
    0.3591769115E-03   -0.3154523184E-04    0.5308624920E-02   -0.2282962365E-01    0.0000000000E+00
    0.2918091034E-03    0.9091102444E-03   -0.2670066076E-02    0.2533773221E-01    0.0000000000E+00
    0.8523074647E-04   -0.8509536583E-03   -0.1931709226E-02   -0.1458656255E-01    0.0000000000E+00
   -0.4034347887E-05   -0.6639301431E-04    0.1743152179E-02    0.3537433765E-02    0.0000000000E+00
   -0.7213537083E-07    0.2333587191E-04   -0.4283915464E-03   -0.1234269886E-03    0.0000000000E+00
    0.2990616093E-06   -0.8339808578E-05    0.1287059909E-03   -0.3709188756E-04    0.0000000000E+00
   -0.1597505678E-06    0.2894295768E-05   -0.4028915762E-04    0.2227644374E-04    0.0000000000E+00
    0.6388506271E-07   -0.9488241642E-06    0.1236413804E-04   -0.8568228349E-05    0.0000000000E+00
   -0.2149315134E-07    0.2856983082E-06   -0.3563328853E-05    0.2754443759E-05    0.0000000000E+00
    0.6106465439E-08   -0.7586684460E-07    0.9185559149E-06   -0.7540051953E-06    0.0000000000E+00
   -0.1396079173E-08    0.1661201309E-07   -0.1970746295E-06    0.1675854341E-06    0.0000000000E+00
    0.2289152147E-09   -0.2647635822E-08    0.3097082162E-07   -0.2691163836E-07    0.0000000000E+00
   -0.2006329569E-10    0.2276824113E-09   -0.2637402613E-08    0.2323028205E-08    0.0000000000E+00
 l,ispin:           3           1
 psi n=1,noccmax(l):
    0.1238108900E+00   -0.1346641919E+00   -0.6617272424E+00   -0.2841009515E+01    0.0000000000E+00
   -0.3386533565E+00    0.3683333980E+00    0.1810000715E+01    0.7770941102E+01    0.0000000000E+00
    0.5074433267E+00   -0.5518831469E+00   -0.2712140560E+01   -0.1164412487E+02    0.0000000000E+00
   -0.5614981319E+00    0.6107508779E+00    0.3001198966E+01    0.1288547741E+02    0.0000000000E+00
    0.5193897574E+00   -0.5652643018E+00   -0.2776551515E+01   -0.1192194147E+02    0.0000000000E+00
   -0.4293840754E+00    0.4677272875E+00    0.2295946234E+01    0.9859586727E+01    0.0000000000E+00
    0.3301853783E+00   -0.3600946369E+00   -0.1766089990E+01   -0.7585494246E+01    0.0000000000E+00
   -0.2420929844E+00    0.2646288525E+00    0.1295669771E+01    0.5566767222E+01    0.0000000000E+00
    0.1721009561E+00   -0.1884892387E+00   -0.9216019171E+00   -0.3960748198E+01    0.0000000000E+00
   -0.1196093678E+00    0.1319638329E+00    0.6416725713E+00    0.2760365111E+01    0.0000000000E+00
    0.8186579345E-01   -0.9138596967E-01   -0.4404713918E+00   -0.1897722995E+01    0.0000000000E+00
   -0.5510151102E-01    0.6344511985E-01    0.2986872283E+00    0.1291951250E+01    0.0000000000E+00
    0.3661119717E-01   -0.4419268055E-01   -0.2008116438E+00   -0.8738698055E+00    0.0000000000E+00
   -0.2350020717E-01    0.3185500430E-01    0.1328111118E+00    0.5867847504E+00    0.0000000000E+00
    0.1455044341E-01   -0.2357406793E-01   -0.8655237946E-01   -0.3918383112E+00    0.0000000000E+00
   -0.8317582373E-02    0.1830540984E-01    0.5482833126E-01    0.2594894986E+00    0.0000000000E+00
    0.4647591899E-02   -0.1387761963E-01   -0.3468211814E-01   -0.1719055891E+00    0.0000000000E+00
   -0.2653958284E-02    0.1011836669E-01    0.2221172594E-01    0.1143728995E+00    0.0000000000E+00
    0.1820832876E-02   -0.6744950148E-02   -0.1502236423E-01   -0.7725679533E-01    0.0000000000E+00
   -0.1191765413E-02    0.4601109215E-02    0.1001132308E-01    0.5206556972E-01    0.0000000000E+00
    0.8595785957E-03   -0.3009769898E-02   -0.6855277057E-02   -0.3540705006E-01    0.0000000000E+00
   -0.6505658816E-03    0.1908625006E-02    0.4786199023E-02    0.2428302227E-01    0.0000000000E+00
    0.4936801535E-03   -0.1169234863E-02   -0.3427443945E-02   -0.1688998884E-01    0.0000000000E+00
   -0.2167192983E-03    0.9633733900E-03    0.2090831758E-02    0.1135386397E-01    0.0000000000E+00
    0.1536998504E-03   -0.6290773727E-03   -0.1439529935E-02   -0.7926802036E-02    0.0000000000E+00
   -0.8175758665E-04    0.4609201229E-03    0.8847293855E-03    0.5420431702E-02    0.0000000000E+00
    0.9699025425E-04   -0.1975306342E-03   -0.7722447895E-03   -0.4165937967E-02    0.0000000000E+00
    0.2716700091E-06    0.2187028789E-03    0.3906414911E-03    0.2944482463E-02    0.0000000000E+00
    0.3041317246E-04   -0.7117678064E-04   -0.3928339791E-03   -0.2687599396E-02    0.0000000000E+00
    0.1883800227E-04    0.1496875891E-03   -0.7899253862E-05    0.1924462494E-02    0.0000000000E+00
    0.1924899606E-04   -0.5841453287E-04    0.2324586310E-03   -0.7249843798E-03    0.0000000000E+00
   -0.1566915743E-05   -0.1010432343E-04   -0.1138243747E-03    0.8641866960E-04    0.0000000000E+00
    0.3716467580E-06    0.2374601982E-05    0.2166753560E-04    0.2328959724E-04    0.0000000000E+00
   -0.9931135889E-07   -0.6324397309E-06   -0.5279834888E-05   -0.8964659356E-05    0.0000000000E+00
    0.2700853043E-07    0.1721195974E-06    0.1366447034E-05    0.2707587011E-05    0.0000000000E+00
   -0.7160180577E-08   -0.4568208451E-07   -0.3512293434E-06   -0.7471863648E-06    0.0000000000E+00
    0.1785547076E-08    0.1139782224E-07    0.8576306040E-07    0.1893077809E-06    0.0000000000E+00
   -0.4005122477E-09   -0.2556349283E-08   -0.1895080923E-07   -0.4269318375E-07    0.0000000000E+00
    0.7540663391E-10    0.4810512223E-09    0.3529150398E-08    0.8043999060E-08    0.0000000000E+00
   -0.1051202835E-10   -0.6701394773E-10   -0.4880381554E-09   -0.1119990126E-08    0.0000000000E+00
    0.8042113398E-12    0.5123089158E-11    0.3711639092E-10    0.8552074612E-10    0.0000000000E+00
 l,ispin:           3           2
 psi n=1,noccmax(l):
    0.1238108900E+00   -0.1346641919E+00   -0.6617272424E+00   -0.2841009515E+01    0.0000000000E+00
   -0.3386533565E+00    0.3683333980E+00    0.1810000715E+01    0.7770941102E+01    0.0000000000E+00
    0.5074433267E+00   -0.5518831469E+00   -0.2712140560E+01   -0.1164412487E+02    0.0000000000E+00
   -0.5614981319E+00    0.6107508779E+00    0.3001198966E+01    0.1288547741E+02    0.0000000000E+00
    0.5193897574E+00   -0.5652643018E+00   -0.2776551515E+01   -0.1192194147E+02    0.0000000000E+00
   -0.4293840754E+00    0.4677272875E+00    0.2295946234E+01    0.9859586727E+01    0.0000000000E+00
    0.3301853783E+00   -0.3600946369E+00   -0.1766089990E+01   -0.7585494246E+01    0.0000000000E+00
   -0.2420929844E+00    0.2646288525E+00    0.1295669771E+01    0.5566767222E+01    0.0000000000E+00
    0.1721009561E+00   -0.1884892387E+00   -0.9216019171E+00   -0.3960748198E+01    0.0000000000E+00
   -0.1196093678E+00    0.1319638329E+00    0.6416725713E+00    0.2760365111E+01    0.0000000000E+00
    0.8186579345E-01   -0.9138596967E-01   -0.4404713918E+00   -0.1897722995E+01    0.0000000000E+00
   -0.5510151102E-01    0.6344511985E-01    0.2986872283E+00    0.1291951250E+01    0.0000000000E+00
    0.3661119717E-01   -0.4419268055E-01   -0.2008116438E+00   -0.8738698055E+00    0.0000000000E+00
   -0.2350020717E-01    0.3185500430E-01    0.1328111118E+00    0.5867847504E+00    0.0000000000E+00
    0.1455044341E-01   -0.2357406793E-01   -0.8655237946E-01   -0.3918383112E+00    0.0000000000E+00
   -0.8317582373E-02    0.1830540984E-01    0.5482833126E-01    0.2594894986E+00    0.0000000000E+00
    0.4647591899E-02   -0.1387761963E-01   -0.3468211814E-01   -0.1719055891E+00    0.0000000000E+00
   -0.2653958284E-02    0.1011836669E-01    0.2221172594E-01    0.1143728995E+00    0.0000000000E+00
    0.1820832876E-02   -0.6744950148E-02   -0.1502236423E-01   -0.7725679533E-01    0.0000000000E+00
   -0.1191765413E-02    0.4601109215E-02    0.1001132308E-01    0.5206556972E-01    0.0000000000E+00
    0.8595785957E-03   -0.3009769898E-02   -0.6855277057E-02   -0.3540705006E-01    0.0000000000E+00
   -0.6505658816E-03    0.1908625006E-02    0.4786199023E-02    0.2428302227E-01    0.0000000000E+00
    0.4936801535E-03   -0.1169234863E-02   -0.3427443945E-02   -0.1688998884E-01    0.0000000000E+00
   -0.2167192983E-03    0.9633733900E-03    0.2090831758E-02    0.1135386397E-01    0.0000000000E+00
    0.1536998504E-03   -0.6290773727E-03   -0.1439529935E-02   -0.7926802036E-02    0.0000000000E+00
   -0.8175758665E-04    0.4609201229E-03    0.8847293855E-03    0.5420431702E-02    0.0000000000E+00
    0.9699025425E-04   -0.1975306342E-03   -0.7722447895E-03   -0.4165937967E-02    0.0000000000E+00
    0.2716700091E-06    0.2187028789E-03    0.3906414911E-03    0.2944482463E-02    0.0000000000E+00
    0.3041317246E-04   -0.7117678064E-04   -0.3928339791E-03   -0.2687599396E-02    0.0000000000E+00
    0.1883800227E-04    0.1496875891E-03   -0.7899253862E-05    0.1924462494E-02    0.0000000000E+00
    0.1924899606E-04   -0.5841453287E-04    0.2324586310E-03   -0.7249843798E-03    0.0000000000E+00
   -0.1566915743E-05   -0.1010432343E-04   -0.1138243747E-03    0.8641866960E-04    0.0000000000E+00
    0.3716467580E-06    0.2374601982E-05    0.2166753560E-04    0.2328959724E-04    0.0000000000E+00
   -0.9931135889E-07   -0.6324397309E-06   -0.5279834888E-05   -0.8964659356E-05    0.0000000000E+00
    0.2700853043E-07    0.1721195974E-06    0.1366447034E-05    0.2707587011E-05    0.0000000000E+00
   -0.7160180577E-08   -0.4568208451E-07   -0.3512293434E-06   -0.7471863648E-06    0.0000000000E+00
    0.1785547076E-08    0.1139782224E-07    0.8576306040E-07    0.1893077809E-06    0.0000000000E+00
   -0.4005122477E-09   -0.2556349283E-08   -0.1895080923E-07   -0.4269318375E-07    0.0000000000E+00
    0.7540663391E-10    0.4810512223E-09    0.3529150398E-08    0.8043999060E-08    0.0000000000E+00
   -0.1051202835E-10   -0.6701394773E-10   -0.4880381554E-09   -0.1119990126E-08    0.0000000000E+00
    0.8042113398E-12    0.5123089158E-11    0.3711639092E-10    0.8552074612E-10    0.0000000000E+00
