   40             4.00000 ng, rij 
     2.670     5.340                                       rcov,rprb 
 r                           (non)relativistic calculation
 PBE                         XC-functional
 94.000 16.000    0.4700000000    0.4705386065E+02   -0.3397843739E+01    0.0000000000E+00    0.0000000000E+00  znuc,zion,rloc,gpot()
   3                                                       lpx, (Projectors for l=0..lpx)
    0.4659878637   -0.2271318978E+01    0.1355049286E+01   -0.8251410774E+00    0.5682262274E+00   -0.1467153810E+01    0.1164517235E+01  r_l(),hsep(), so=+0.5
    0.3709594882    0.5182897813E+01   -0.9283880393E+01    0.1792803414E+02    0.4170471323E+01   -0.9869136431E+01    0.7014047689E+01  r_l(),hsep(), so=+0.5
   -0.3987652003E+01    0.4962424992E+01   -0.9712874208E+01   -0.2307270661E+01    0.5459998925E+01   -0.3880450241E+01         hsep(), so=-0.5
    0.6713873268    0.4705905858E+00    0.4265606373E+00   -0.4836742995E+00    0.0000000000E+00   -0.0000000000E+00    0.0000000000E+00  r_l(),hsep(), so=+0.5
    0.3349339007E+00    0.4139759396E+00   -0.4694045936E+00    0.0000000000E+00   -0.0000000000E+00    0.0000000000E+00         hsep(), so=-0.5
    0.3164566891   -0.1699214210E+02   -0.0000000000E+00    0.0000000000E+00    0.0000000000E+00   -0.0000000000E+00    0.0000000000E+00  r_l(),hsep(), so=+0.5
   -0.1712568261E+02   -0.0000000000E+00    0.0000000000E+00    0.0000000000E+00   -0.0000000000E+00    0.0000000000E+00         hsep(), so=-0.5
 ---------------------------------------------
 Additional information (last calculation):
 gaussian exponents:
 xp():   25.608212990006251        18.107741059302860        12.804106495003131        9.0538705296514319        6.4020532475015655        4.5269352648257160        3.2010266237507841        2.2634676324128589        1.6005133118753920        1.1317338162064294       0.80025665593769635       0.56586690810321505       0.40012832796884817       0.28293345405160747       0.20006416398442420       0.14146672702580382       0.10003208199221211        7.0733363512901909E-002   5.0016040996106077E-002   3.5366681756450961E-002   2.5008020498053042E-002   1.7683340878225484E-002   1.2504010249026525E-002   8.8416704391127438E-003   6.2520051245132623E-003   4.4208352195563736E-003   3.1260025622566311E-003   2.2104176097781873E-003   1.5630012811283162E-003   1.1052088048890938E-003   7.8150064056415822E-004   5.5260440244454714E-004   3.9075032028207933E-004   2.7630220122227357E-004   1.9537516014103964E-004   1.3815110061113681E-004   9.7687580070519831E-005   6.9075550305568406E-005   4.8843790035259936E-005   3.4537775152784223E-005
 orbital coefficients (one orbital per column)
 l,ispin:           0           1
 psi n=1,noccmax(l):
   -0.6259776643E-01   -0.2200786948E-01   -0.1109685843E-01   -0.1007533351E-01    0.0000000000E+00    0.0000000000E+00    0.0000000000E+00    0.5456070683E-01    0.1822900007E-01
    0.2991259274E+00    0.1060454318E+00    0.5264525832E-01    0.4812034134E-01    0.0000000000E+00    0.0000000000E+00    0.0000000000E+00   -0.2785112473E+00   -0.9233662940E-01
   -0.5996718655E+00   -0.2136627708E+00   -0.1004440220E+00   -0.9381375234E-01    0.0000000000E+00    0.0000000000E+00    0.0000000000E+00    0.6506675888E+00    0.2164941836E+00
    0.4859174167E+00    0.1697196842E+00    0.5623288533E-01    0.6099904755E-01    0.0000000000E+00    0.0000000000E+00    0.0000000000E+00   -0.8327555420E+00   -0.2844193284E+00
    0.4898298279E+00    0.2034304097E+00    0.1783377317E+00    0.1376914603E+00    0.0000000000E+00    0.0000000000E+00    0.0000000000E+00    0.4815111622E+00    0.1846428279E+00
   -0.2489334764E+01   -0.1008720510E+01   -0.6614268368E+00   -0.5557790510E+00    0.0000000000E+00    0.0000000000E+00    0.0000000000E+00    0.1749532501E+00    0.3843392993E-01
    0.3766584229E+01    0.1593759969E+01    0.1030813007E+01    0.8762221931E+00    0.0000000000E+00    0.0000000000E+00    0.0000000000E+00    0.3620655742E+00    0.3080327925E-01
    0.7830498518E+00    0.2024495483E+00   -0.6877756937E-01   -0.1982577036E-01    0.0000000000E+00    0.0000000000E+00    0.0000000000E+00   -0.2898586581E+01   -0.7777089469E+00
   -0.4841300310E+01   -0.2015877018E+01   -0.9206064250E+00   -0.8676939058E+00    0.0000000000E+00    0.0000000000E+00    0.0000000000E+00    0.3070713873E+01    0.9820489626E+00
   -0.1524200850E+00    0.5672588366E-01   -0.2075521879E+00   -0.1230541920E+00    0.0000000000E+00    0.0000000000E+00    0.0000000000E+00    0.2552368768E+00   -0.1196007336E-01
   -0.5762678907E-01   -0.1009176770E+00    0.2251789179E+00    0.1414425235E+00    0.0000000000E+00    0.0000000000E+00    0.0000000000E+00    0.1740031211E+00    0.1070477417E+00
    0.1043149417E+01    0.5268880974E+00   -0.3392453197E-01    0.1310197407E-01    0.0000000000E+00    0.0000000000E+00    0.0000000000E+00   -0.5354272284E+00   -0.2350922517E+00
    0.6407901276E+00    0.3121046687E+00    0.5633934389E+00    0.4933692851E+00    0.0000000000E+00    0.0000000000E+00    0.0000000000E+00   -0.3021741266E+00   -0.4719366952E-01
    0.5064315311E+00    0.6330674589E+00    0.1392995000E-01    0.2335640261E-02    0.0000000000E+00    0.0000000000E+00    0.0000000000E+00   -0.3252207839E+00   -0.2251895798E+00
    0.1114693032E+00   -0.4934907986E+00   -0.1269988892E+00   -0.1329759855E+00    0.0000000000E+00    0.0000000000E+00    0.0000000000E+00   -0.8473098270E-01    0.1257562387E+00
    0.8580636892E-01    0.7443012553E+00    0.7353799362E+00    0.8760263244E+00    0.0000000000E+00    0.0000000000E+00    0.0000000000E+00   -0.8699682509E-01   -0.1975451767E+00
   -0.2028562516E-01   -0.4200955739E+00   -0.9177096863E+00   -0.1325442673E+01    0.0000000000E+00    0.0000000000E+00    0.0000000000E+00   -0.4289496896E-02    0.8116426330E-01
    0.1817063241E-01    0.3154222584E-01    0.7045063496E+00    0.1445053096E+01    0.0000000000E+00    0.0000000000E+00    0.0000000000E+00   -0.1284176280E-01   -0.9907348195E-02
   -0.1181873155E-01   -0.1367188464E+00   -0.5084972413E+00   -0.1467003221E+01    0.0000000000E+00    0.0000000000E+00    0.0000000000E+00    0.4316763535E-02    0.9695432689E-02
    0.7843886743E-02   -0.8316271527E-01   -0.5866015802E-01    0.7079219605E+00    0.0000000000E+00    0.0000000000E+00    0.0000000000E+00   -0.2843531511E-02    0.1860868367E-01
   -0.5162771323E-02   -0.6327298116E-01   -0.1673229792E+00   -0.9787427812E+00    0.0000000000E+00    0.0000000000E+00    0.0000000000E+00    0.1584459637E-02    0.1501243852E-01
    0.3363446801E-02   -0.8739843733E-02   -0.8033353932E-02    0.2024923568E+00    0.0000000000E+00    0.0000000000E+00    0.0000000000E+00   -0.8772850603E-03    0.8243877120E-02
   -0.2164878374E-02   -0.4269891918E-02    0.2059539622E+00    0.1708218430E+01    0.0000000000E+00    0.0000000000E+00    0.0000000000E+00    0.4757615788E-03    0.1923885088E-02
    0.1374709764E-02    0.2237498393E-02    0.4706935464E-01   -0.1433596091E+01    0.0000000000E+00    0.0000000000E+00    0.0000000000E+00   -0.2525689604E-03   -0.2735141104E-03
   -0.8602106528E-03   -0.1310514613E-02   -0.2501306058E-01    0.4246467036E+00    0.0000000000E+00    0.0000000000E+00    0.0000000000E+00    0.1312102003E-03    0.9912544603E-04
    0.5298583373E-03    0.7611422652E-03    0.1414064907E-01   -0.1823511125E+00    0.0000000000E+00    0.0000000000E+00    0.0000000000E+00   -0.6671350354E-04   -0.4140673175E-04
   -0.3209528737E-03   -0.4352586325E-03   -0.7975770073E-02    0.8795118816E-01    0.0000000000E+00    0.0000000000E+00    0.0000000000E+00    0.3321492365E-04    0.1809591884E-04
    0.1909844547E-03    0.2448362155E-03    0.4438835401E-02   -0.4439830023E-01    0.0000000000E+00    0.0000000000E+00    0.0000000000E+00   -0.1620366776E-04   -0.8030006144E-05
   -0.1115089210E-03   -0.1354827915E-03   -0.2433031095E-02    0.2282505787E-01    0.0000000000E+00    0.0000000000E+00    0.0000000000E+00    0.7750026714E-05    0.3573760557E-05
    0.6378250440E-04    0.7373877697E-04    0.1312955486E-02   -0.1179348223E-01    0.0000000000E+00    0.0000000000E+00    0.0000000000E+00   -0.3634732750E-05   -0.1585015106E-05
   -0.3566231191E-04   -0.3942805611E-04   -0.6968122565E-03    0.6073769971E-02    0.0000000000E+00    0.0000000000E+00    0.0000000000E+00    0.1670452469E-05    0.6973666994E-06
    0.1942551931E-04    0.2065421350E-04    0.3627158418E-03   -0.3095814283E-02    0.0000000000E+00    0.0000000000E+00    0.0000000000E+00   -0.7507948058E-06   -0.3029635046E-06
   -0.1025492915E-04   -0.1054647098E-04   -0.1842422271E-03    0.1549369121E-02    0.0000000000E+00    0.0000000000E+00    0.0000000000E+00    0.3286967141E-06    0.1291865624E-06
    0.5204776674E-05    0.5206128695E-05    0.9056382875E-04   -0.7536236177E-03    0.0000000000E+00    0.0000000000E+00    0.0000000000E+00   -0.1392015878E-06   -0.5360980427E-07
   -0.2508660153E-05   -0.2452940976E-05   -0.4252666707E-04    0.3512493143E-03    0.0000000000E+00    0.0000000000E+00    0.0000000000E+00    0.5638955357E-07    0.2138190390E-07
    0.1127028744E-05    0.1082038213E-05    0.1870971215E-04   -0.1537128161E-03    0.0000000000E+00    0.0000000000E+00    0.0000000000E+00   -0.2147058940E-07   -0.8045595582E-08
   -0.4586985172E-06   -0.4340533563E-06   -0.7489904190E-05    0.6130159549E-04    0.0000000000E+00    0.0000000000E+00    0.0000000000E+00    0.7477963836E-08    0.2777280565E-08
    0.1618447913E-06    0.1514230060E-06    0.2608800917E-05   -0.2129420920E-04    0.0000000000E+00    0.0000000000E+00    0.0000000000E+00   -0.2283013599E-08   -0.8422348694E-09
   -0.4609698589E-07   -0.4275227713E-07   -0.7356785189E-06    0.5993363384E-05    0.0000000000E+00    0.0000000000E+00    0.0000000000E+00    0.5697378819E-09    0.2091347129E-09
    0.9319916411E-08    0.8585927456E-08    0.1476126821E-06   -0.1200904771E-05    0.0000000000E+00    0.0000000000E+00    0.0000000000E+00   -0.1023365056E-09   -0.3742552406E-10
   -0.9884985348E-09   -0.9060390386E-09   -0.1556645800E-07    0.1265169450E-06    0.0000000000E+00    0.0000000000E+00    0.0000000000E+00    0.9787569501E-11    0.3569609925E-11
 l,ispin:           1           1
 psi n=1,noccmax(l):
    0.5456070683E-01    0.1822900007E-01    0.1125077262E-01   -0.1510448272E-01    0.0000000000E+00    0.0000000000E+00    0.0000000000E+00    0.4825532575E-02   -0.6851421974E-02
   -0.2785112473E+00   -0.9233662940E-01   -0.5882966477E-01    0.7531201681E-01    0.0000000000E+00    0.0000000000E+00    0.0000000000E+00   -0.3414153473E-01    0.3399409431E-01
    0.6506675888E+00    0.2164941836E+00    0.1377935344E+00   -0.1767629049E+00    0.0000000000E+00    0.0000000000E+00    0.0000000000E+00    0.8921029697E-01   -0.7909562881E-01
   -0.8327555420E+00   -0.2844193284E+00   -0.1695959768E+00    0.2399773307E+00    0.0000000000E+00    0.0000000000E+00    0.0000000000E+00   -0.1167627751E+00    0.1070355745E+00
    0.4815111622E+00    0.1846428279E+00    0.7232085442E-01   -0.1804275720E+00    0.0000000000E+00    0.0000000000E+00    0.0000000000E+00    0.4762402140E-01   -0.7590477136E-01
    0.1749532501E+00    0.3843392993E-01    0.1195251093E+00    0.2330419360E-01    0.0000000000E+00    0.0000000000E+00    0.0000000000E+00    0.1667219213E+00   -0.4137531228E-01
    0.3620655742E+00    0.3080327925E-01   -0.8937844965E-01   -0.5928737389E-01    0.0000000000E+00    0.0000000000E+00    0.0000000000E+00   -0.3798072585E+00    0.1679993246E+00
   -0.2898586581E+01   -0.7777089469E+00   -0.4762077834E+00    0.5933472541E+00    0.0000000000E+00    0.0000000000E+00    0.0000000000E+00   -0.6088216289E-01    0.5835545309E-01
    0.3070713873E+01    0.9820489626E+00    0.6491941782E+00   -0.7688987699E+00    0.0000000000E+00    0.0000000000E+00    0.0000000000E+00    0.5273366013E+00   -0.3191837721E+00
    0.2552368768E+00   -0.1196007336E-01    0.9383242992E-01    0.7388589219E-01    0.0000000000E+00    0.0000000000E+00    0.0000000000E+00   -0.1432311157E-02    0.3340573338E-01
    0.1740031211E+00    0.1070477417E+00   -0.2369454566E-01   -0.1286375621E+00    0.0000000000E+00    0.0000000000E+00    0.0000000000E+00    0.6216507348E-01   -0.5414206890E-01
   -0.5354272284E+00   -0.2350922517E+00   -0.7889518290E-01    0.2149227526E+00    0.0000000000E+00    0.0000000000E+00    0.0000000000E+00   -0.7392155282E-01    0.6382875626E-01
   -0.3021741266E+00   -0.4719366952E-01   -0.1407789682E+00    0.7622034851E-02    0.0000000000E+00    0.0000000000E+00    0.0000000000E+00   -0.6785807794E-01    0.1623692262E-01
   -0.3252207839E+00   -0.2251895798E+00   -0.8804868730E-01    0.2009822390E+00    0.0000000000E+00    0.0000000000E+00    0.0000000000E+00   -0.7718827040E-01    0.6560685098E-01
   -0.8473098270E-01    0.1257562387E+00    0.4170458672E-01   -0.1595318794E+00    0.0000000000E+00    0.0000000000E+00    0.0000000000E+00   -0.3270157102E-01   -0.6997437874E-02
   -0.8699682509E-01   -0.1975451767E+00   -0.1574218053E+00    0.2972025106E+00    0.0000000000E+00    0.0000000000E+00    0.0000000000E+00   -0.1749091524E-01    0.3077635355E-01
   -0.4289496896E-02    0.8116426330E-01    0.1103787930E+00   -0.2817168277E+00    0.0000000000E+00    0.0000000000E+00    0.0000000000E+00   -0.2060846622E-01    0.3040221854E-02
   -0.1284176280E-01   -0.9907348195E-02   -0.6026743311E-01    0.2505336709E+00    0.0000000000E+00    0.0000000000E+00    0.0000000000E+00   -0.4496973409E-02    0.1805163429E-02
    0.4316763535E-02    0.9695432689E-02    0.3311198732E-01   -0.2168099996E+00    0.0000000000E+00    0.0000000000E+00    0.0000000000E+00   -0.4664854925E-02    0.5166913371E-02
   -0.2843531511E-02    0.1860868367E-01    0.3845596813E-01    0.9242010104E-01    0.0000000000E+00    0.0000000000E+00    0.0000000000E+00   -0.1525043569E-02   -0.5488260177E-03
    0.1584459637E-02    0.1501243852E-01    0.8960860852E-02   -0.1372990744E+00    0.0000000000E+00    0.0000000000E+00    0.0000000000E+00   -0.8158184668E-03   -0.7910604254E-03
   -0.8772850603E-03    0.8243877120E-02    0.3205570729E-01   -0.5339505076E-02    0.0000000000E+00    0.0000000000E+00    0.0000000000E+00   -0.9186497694E-04   -0.1543054446E-02
    0.4757615788E-03    0.1923885088E-02   -0.3455833187E-01    0.2012592155E+00    0.0000000000E+00    0.0000000000E+00    0.0000000000E+00   -0.3789894691E-04   -0.1368977540E-02
   -0.2525689604E-03   -0.2735141104E-03   -0.6216147485E-02   -0.1328516862E+00    0.0000000000E+00    0.0000000000E+00    0.0000000000E+00    0.1343596197E-04    0.6369870378E-04
    0.1312102003E-03    0.9912544603E-04    0.2080178377E-02    0.3159826207E-01    0.0000000000E+00    0.0000000000E+00    0.0000000000E+00   -0.5539536196E-05   -0.1743446809E-04
   -0.6671350354E-04   -0.4140673175E-04   -0.8569692319E-03   -0.1106167055E-01    0.0000000000E+00    0.0000000000E+00    0.0000000000E+00    0.2258372348E-05    0.5615788487E-05
    0.3321492365E-04    0.1809591884E-04    0.3745013089E-03    0.4385501448E-02    0.0000000000E+00    0.0000000000E+00    0.0000000000E+00   -0.9032388445E-06   -0.1926255349E-05
   -0.1620366776E-04   -0.8030006144E-05   -0.1664816723E-03   -0.1830045342E-02    0.0000000000E+00    0.0000000000E+00    0.0000000000E+00    0.3546971087E-06    0.6812112126E-06
    0.7750026714E-05    0.3573760557E-05    0.7416017754E-04    0.7810890091E-03    0.0000000000E+00    0.0000000000E+00    0.0000000000E+00   -0.1370295754E-06   -0.2447307455E-06
   -0.3634732750E-05   -0.1585015106E-05   -0.3288508517E-04   -0.3362856716E-03    0.0000000000E+00    0.0000000000E+00    0.0000000000E+00    0.5215598946E-07    0.8854335392E-07
    0.1670452469E-05    0.6973666994E-06    0.1445536004E-04    0.1448023307E-03    0.0000000000E+00    0.0000000000E+00    0.0000000000E+00   -0.1956315681E-07   -0.3205416945E-07
   -0.7507948058E-06   -0.3029635046E-06   -0.6271990804E-05   -0.6192140356E-04    0.0000000000E+00    0.0000000000E+00    0.0000000000E+00    0.7221138426E-08    0.1154161385E-07
    0.3286967141E-06    0.1291865624E-06    0.2670797208E-05    0.2609835434E-04    0.0000000000E+00    0.0000000000E+00    0.0000000000E+00   -0.2613608558E-08   -0.4105356339E-08
   -0.1392015878E-06   -0.5360980427E-07   -0.1106893790E-05   -0.1073776648E-04    0.0000000000E+00    0.0000000000E+00    0.0000000000E+00    0.9215080878E-09    0.1429957536E-08
    0.5638955357E-07    0.2138190390E-07    0.4409710353E-06    0.4255704690E-05    0.0000000000E+00    0.0000000000E+00    0.0000000000E+00   -0.3131373864E-09   -0.4817898683E-09
   -0.2147058940E-07   -0.8045595582E-08   -0.1657676701E-06   -0.1593913956E-05    0.0000000000E+00    0.0000000000E+00    0.0000000000E+00    0.1008447328E-09    0.1542354475E-09
    0.7477963836E-08    0.2777280565E-08    0.5717614757E-07    0.5483339138E-06    0.0000000000E+00    0.0000000000E+00    0.0000000000E+00   -0.2998439780E-10   -0.4566790424E-10
   -0.2283013599E-08   -0.8422348694E-09   -0.1732808467E-07   -0.1658723317E-06    0.0000000000E+00    0.0000000000E+00    0.0000000000E+00    0.7897723331E-11    0.1199350010E-10
    0.5697378819E-09    0.2091347129E-09    0.4300558889E-08    0.4111257512E-07    0.0000000000E+00    0.0000000000E+00    0.0000000000E+00   -0.1720875415E-11   -0.2607967470E-11
   -0.1023365056E-09   -0.3742552406E-10   -0.7693028588E-09   -0.7347496798E-08    0.0000000000E+00    0.0000000000E+00    0.0000000000E+00    0.2735292270E-12    0.4139344032E-12
    0.9787569501E-11    0.3569609925E-11    0.7335349438E-10    0.7001210705E-09    0.0000000000E+00    0.0000000000E+00    0.0000000000E+00   -0.2348974074E-13   -0.3551137982E-13
 l,ispin:           1           2
 psi n=1,noccmax(l):
   -0.1025855538E+00   -0.3009284658E-01    0.1806289079E-01   -0.2084856597E-01    0.0000000000E+00    0.0000000000E+00    0.0000000000E+00    0.4879417717E-02   -0.6372048360E-02
    0.5054216238E+00    0.1490088367E+00   -0.9108301411E-01    0.1025223123E+00    0.0000000000E+00    0.0000000000E+00    0.0000000000E+00   -0.4277467843E-01    0.3558714529E-01
   -0.1174480448E+01   -0.3483943517E+00    0.2128114173E+00   -0.2400437695E+00    0.0000000000E+00    0.0000000000E+00    0.0000000000E+00    0.1210397251E+00   -0.8847873738E-01
    0.1591074493E+01    0.4767515994E+00   -0.2810139567E+00    0.3340378474E+00    0.0000000000E+00    0.0000000000E+00    0.0000000000E+00   -0.1693992541E+00    0.1246226275E+00
   -0.1186409653E+01   -0.3662517891E+00    0.1829551614E+00   -0.2738722332E+00    0.0000000000E+00    0.0000000000E+00    0.0000000000E+00    0.9333089317E-01   -0.9335365856E-01
   -0.4575941004E+00   -0.1104863176E+00    0.1678050928E+00   -0.2496579660E-01    0.0000000000E+00    0.0000000000E+00    0.0000000000E+00    0.1690890194E+00   -0.3660651084E-01
    0.3053313544E+01    0.8948739894E+00   -0.7317960814E+00    0.5297279142E+00    0.0000000000E+00    0.0000000000E+00    0.0000000000E+00   -0.4700552070E+00    0.1957458858E+00
   -0.1660782738E+01   -0.5308667552E+00    0.4888046408E+00   -0.3024701691E+00    0.0000000000E+00    0.0000000000E+00    0.0000000000E+00    0.6396109042E-02    0.1903611991E-01
   -0.2482547266E+01   -0.7734426815E+00    0.4287494852E+00   -0.5458057885E+00    0.0000000000E+00    0.0000000000E+00    0.0000000000E+00    0.6108553381E+00   -0.3310747426E+00
    0.2956156785E+00    0.1588961899E+00   -0.4082991127E-03    0.1502568936E+00    0.0000000000E+00    0.0000000000E+00    0.0000000000E+00   -0.1547136703E-01    0.3888044285E-01
    0.2969625500E+00    0.7028738063E-01   -0.1642909631E+00    0.1184368176E-01    0.0000000000E+00    0.0000000000E+00    0.0000000000E+00    0.4190471747E-01   -0.3943844382E-01
    0.7521152507E+00    0.2786845749E+00   -0.8370859316E-01    0.2063756935E+00    0.0000000000E+00    0.0000000000E+00    0.0000000000E+00   -0.1020380069E+00    0.7274336001E-01
    0.3558917702E+00    0.1141224525E+00   -0.1996242614E+00    0.7470843872E-01    0.0000000000E+00    0.0000000000E+00    0.0000000000E+00   -0.8300462615E-01    0.2138405835E-01
    0.2787893913E+00    0.1660720605E+00   -0.8581890150E-02    0.1046206147E+00    0.0000000000E+00    0.0000000000E+00    0.0000000000E+00   -0.8605629741E-01    0.6545872930E-01
    0.5576763700E-01   -0.1070614990E+00   -0.6357124534E-02   -0.8491779577E-01    0.0000000000E+00    0.0000000000E+00    0.0000000000E+00   -0.3430957526E-01   -0.7790906748E-02
    0.5215061861E-01    0.1640410460E+00   -0.9699879672E-01    0.2019990211E+00    0.0000000000E+00    0.0000000000E+00    0.0000000000E+00   -0.2082564000E-01    0.3200721709E-01
   -0.6737680864E-02   -0.1019436417E+00    0.1150256912E+00   -0.2528942596E+00    0.0000000000E+00    0.0000000000E+00    0.0000000000E+00   -0.1947190762E-01    0.8116098131E-03
    0.8363582968E-02    0.7389043867E-02   -0.6118742240E-01    0.2246666356E+00    0.0000000000E+00    0.0000000000E+00    0.0000000000E+00   -0.4726113672E-02    0.1941098274E-02
   -0.4312831683E-02   -0.2451942117E-01    0.5761828541E-01   -0.2329590674E+00    0.0000000000E+00    0.0000000000E+00    0.0000000000E+00   -0.4261776124E-02    0.4418467716E-02
    0.2485706762E-02   -0.1704724277E-01    0.2490322706E-01    0.1095958528E+00    0.0000000000E+00    0.0000000000E+00    0.0000000000E+00   -0.1285796049E-02   -0.9201477382E-03
   -0.1394773604E-02   -0.1421381605E-01    0.1300691956E-01   -0.1471292408E+00    0.0000000000E+00    0.0000000000E+00    0.0000000000E+00   -0.6414341530E-03   -0.1019028809E-02
    0.7697510265E-03   -0.4449096904E-02    0.1140214933E-01    0.6954222900E-01    0.0000000000E+00    0.0000000000E+00    0.0000000000E+00   -0.4762299993E-04   -0.1613988586E-02
   -0.4172293175E-03   -0.1216717120E-02   -0.2931911643E-01    0.1242308022E+00    0.0000000000E+00    0.0000000000E+00    0.0000000000E+00   -0.2902733481E-04   -0.1230266964E-02
    0.2219560462E-03    0.3415757793E-03   -0.2892959720E-02   -0.1058763335E+00    0.0000000000E+00    0.0000000000E+00    0.0000000000E+00    0.1111590938E-04    0.6552132529E-04
   -0.1158341686E-03   -0.1560434971E-03    0.1083113617E-02    0.2707615788E-01    0.0000000000E+00    0.0000000000E+00    0.0000000000E+00   -0.4632457931E-05   -0.1808751996E-04
    0.5929155867E-04    0.7377714314E-04   -0.4771739633E-03   -0.9766456591E-02    0.0000000000E+00    0.0000000000E+00    0.0000000000E+00    0.1896981991E-05    0.5880299603E-05
   -0.2976578336E-04   -0.3475256793E-04    0.2173470148E-03    0.3933443400E-02    0.0000000000E+00    0.0000000000E+00    0.0000000000E+00   -0.7607642986E-06   -0.2033565418E-05
    0.1465622680E-04    0.1618146595E-04   -0.9920488617E-04   -0.1656816263E-02    0.0000000000E+00    0.0000000000E+00    0.0000000000E+00    0.2993385740E-06    0.7239209821E-06
   -0.7077517662E-05   -0.7434770617E-05    0.4496156499E-04    0.7113729159E-03    0.0000000000E+00    0.0000000000E+00    0.0000000000E+00   -0.1158203476E-06   -0.2613851820E-06
    0.3350597256E-05    0.3369083326E-05   -0.2016867478E-04   -0.3074836837E-03    0.0000000000E+00    0.0000000000E+00    0.0000000000E+00    0.4413676620E-07    0.9491897973E-07
   -0.1553371266E-05   -0.1504211358E-05    0.8935018331E-05    0.1327578183E-03    0.0000000000E+00    0.0000000000E+00    0.0000000000E+00   -0.1657105080E-07   -0.3445351479E-07
    0.7036472918E-06    0.6601072897E-06   -0.3897500291E-05   -0.5687701406E-04    0.0000000000E+00    0.0000000000E+00    0.0000000000E+00    0.6121267679E-08    0.1242881023E-07
   -0.3101456881E-06   -0.2834412093E-06    0.1665760795E-05    0.2400364192E-04    0.0000000000E+00    0.0000000000E+00    0.0000000000E+00   -0.2216806409E-08   -0.4426731227E-08
    0.1320951335E-06    0.1181904432E-06   -0.6921119212E-06   -0.9885031823E-05    0.0000000000E+00    0.0000000000E+00    0.0000000000E+00    0.7819508045E-09    0.1543301752E-08
   -0.5376190831E-07   -0.4729734980E-07    0.2762113163E-06    0.3920292859E-05    0.0000000000E+00    0.0000000000E+00    0.0000000000E+00   -0.2658043619E-09   -0.5203059747E-09
    0.2054754807E-07    0.1783849284E-07   -0.1039583885E-06   -0.1468968287E-05    0.0000000000E+00    0.0000000000E+00    0.0000000000E+00    0.8562317575E-10    0.1666379533E-09
   -0.7177949478E-08   -0.6167686342E-08    0.3588739438E-07    0.5055160829E-06    0.0000000000E+00    0.0000000000E+00    0.0000000000E+00   -0.2546341501E-10   -0.4935494222E-10
    0.2196559694E-08    0.1872514314E-08   -0.1088261649E-07   -0.1529554359E-06    0.0000000000E+00    0.0000000000E+00    0.0000000000E+00    0.6707879747E-11    0.1296447228E-10
   -0.5491556942E-09   -0.4653280836E-09    0.2702003330E-08    0.3791730703E-07    0.0000000000E+00    0.0000000000E+00    0.0000000000E+00   -0.1461769116E-11   -0.2819502809E-11
    0.9877595220E-10    0.8331805609E-10   -0.4834846094E-09   -0.6777246193E-08    0.0000000000E+00    0.0000000000E+00    0.0000000000E+00    0.2323630262E-12    0.4475527112E-12
   -0.9456910000E-11   -0.7949838505E-11    0.4610976810E-10    0.6458375304E-09    0.0000000000E+00    0.0000000000E+00    0.0000000000E+00   -0.1995567487E-13   -0.3839806789E-13
 l,ispin:           2           1
 psi n=1,noccmax(l):
    0.4825532575E-02   -0.6851421974E-02    0.5942211731E-02   -0.6238689181E-02    0.0000000000E+00    0.0000000000E+00    0.0000000000E+00    0.3465468389E+01
   -0.3414153473E-01    0.3399409431E-01   -0.1079352676E-01    0.3196584919E-01    0.0000000000E+00    0.0000000000E+00    0.0000000000E+00   -0.8417054048E+01
    0.8921029697E-01   -0.7909562881E-01    0.5293110373E-02   -0.7594158806E-01    0.0000000000E+00    0.0000000000E+00    0.0000000000E+00    0.8924860112E+01
   -0.1167627751E+00    0.1070355745E+00   -0.7785426065E-02    0.1044005240E+00    0.0000000000E+00    0.0000000000E+00    0.0000000000E+00   -0.4827469235E+01
    0.4762402140E-01   -0.7590477136E-01    0.5094486336E-01   -0.7634279631E-01    0.0000000000E+00    0.0000000000E+00    0.0000000000E+00    0.2081309814E+01
    0.1667219213E+00   -0.4137531228E-01   -0.1612098225E+00   -0.3458243343E-01    0.0000000000E+00    0.0000000000E+00    0.0000000000E+00   -0.4177659367E+01
   -0.3798072585E+00    0.1679993246E+00    0.2745019260E+00    0.1619108585E+00    0.0000000000E+00    0.0000000000E+00    0.0000000000E+00    0.6912476515E+01
   -0.6088216289E-01    0.5835545309E-01   -0.5629107539E-01    0.3873277237E-01    0.0000000000E+00    0.0000000000E+00    0.0000000000E+00    0.4569513553E+01
    0.5273366013E+00   -0.3191837721E+00   -0.2079664156E+00   -0.2955878559E+00    0.0000000000E+00    0.0000000000E+00    0.0000000000E+00    0.1501378420E+01
   -0.1432311157E-02    0.3340573338E-01   -0.3897105502E-01    0.3484322993E-01    0.0000000000E+00    0.0000000000E+00    0.0000000000E+00    0.1106584356E+01
    0.6216507348E-01   -0.5414206890E-01    0.1130055904E-01   -0.4473101419E-01    0.0000000000E+00    0.0000000000E+00    0.0000000000E+00    0.3577368143E+00
   -0.7392155282E-01    0.6382875626E-01    0.1306667567E-01    0.6115869670E-01    0.0000000000E+00    0.0000000000E+00    0.0000000000E+00    0.2066541434E+00
   -0.6785807794E-01    0.1623692262E-01    0.5179804664E-01    0.1425250475E-01    0.0000000000E+00    0.0000000000E+00    0.0000000000E+00    0.5683545453E-01
   -0.7718827040E-01    0.6560685098E-01    0.3553471261E-01    0.6899199558E-01    0.0000000000E+00    0.0000000000E+00    0.0000000000E+00    0.3154629098E-01
   -0.3270157102E-01   -0.6997437874E-02    0.8551760510E-02   -0.2250277480E-01    0.0000000000E+00    0.0000000000E+00    0.0000000000E+00    0.5986344049E-02
   -0.1749091524E-01    0.3077635355E-01    0.2166035200E-01    0.5294260920E-01    0.0000000000E+00    0.0000000000E+00    0.0000000000E+00    0.4601741756E-02
   -0.2060846622E-01    0.3040221854E-02    0.8894744485E-02   -0.1801176563E-01    0.0000000000E+00    0.0000000000E+00    0.0000000000E+00    0.7144966535E-03
   -0.4496973409E-02    0.1805163429E-02   -0.5514206281E-02    0.1605988729E-01    0.0000000000E+00    0.0000000000E+00    0.0000000000E+00    0.5364487815E-03
   -0.4664854925E-02    0.5166913371E-02    0.1406356296E-01    0.6174003656E-03    0.0000000000E+00    0.0000000000E+00    0.0000000000E+00    0.4683478099E-04
   -0.1525043569E-02   -0.5488260177E-03   -0.1083046839E-01   -0.6456293583E-02    0.0000000000E+00    0.0000000000E+00    0.0000000000E+00    0.6354750582E-04
   -0.8158184668E-03   -0.7910604254E-03    0.5790200220E-02    0.4232507175E-02    0.0000000000E+00    0.0000000000E+00    0.0000000000E+00   -0.5556254761E-05
   -0.9186497694E-04   -0.1543054446E-02   -0.1140499365E-01   -0.3175899033E-01    0.0000000000E+00    0.0000000000E+00    0.0000000000E+00    0.5723025579E-05
   -0.3789894691E-04   -0.1368977540E-02    0.2557429684E-02    0.3501776331E-01    0.0000000000E+00    0.0000000000E+00    0.0000000000E+00   -0.1843061607E-05
    0.1343596197E-04    0.6369870378E-04    0.2265822141E-02   -0.1323653426E-01    0.0000000000E+00    0.0000000000E+00    0.0000000000E+00    0.6802958889E-06
   -0.5539536196E-05   -0.1743446809E-04   -0.5557688988E-03    0.1915112193E-02    0.0000000000E+00    0.0000000000E+00    0.0000000000E+00   -0.2418114061E-06
    0.2258372348E-05    0.5615788487E-05    0.1757110651E-03   -0.4701561325E-03    0.0000000000E+00    0.0000000000E+00    0.0000000000E+00    0.8346985126E-07
   -0.9032388445E-06   -0.1926255349E-05   -0.6048761580E-04    0.1397135414E-03    0.0000000000E+00    0.0000000000E+00    0.0000000000E+00   -0.2809503542E-07
    0.3546971087E-06    0.6812112126E-06    0.2156710686E-04   -0.4541487123E-04    0.0000000000E+00    0.0000000000E+00    0.0000000000E+00    0.9259030919E-08
   -0.1370295754E-06   -0.2447307455E-06   -0.7806089533E-05    0.1547196529E-04    0.0000000000E+00    0.0000000000E+00    0.0000000000E+00   -0.2998307105E-08
    0.5215598946E-07    0.8854335392E-07    0.2839723610E-05   -0.5404767023E-05    0.0000000000E+00    0.0000000000E+00    0.0000000000E+00    0.9563780812E-09
   -0.1956315681E-07   -0.3205416945E-07   -0.1031733760E-05    0.1910338436E-05    0.0000000000E+00    0.0000000000E+00    0.0000000000E+00   -0.3007973332E-09
    0.7221138426E-08    0.1154161385E-07    0.3723039932E-06   -0.6764736593E-06    0.0000000000E+00    0.0000000000E+00    0.0000000000E+00    0.9321865628E-10
   -0.2613608558E-08   -0.4105356339E-08   -0.1325900607E-06    0.2378071452E-06    0.0000000000E+00    0.0000000000E+00    0.0000000000E+00   -0.2838404444E-10
    0.9215080878E-09    0.1429957536E-08    0.4621106148E-07   -0.8214149335E-07    0.0000000000E+00    0.0000000000E+00    0.0000000000E+00    0.8443355826E-11
   -0.3131373864E-09   -0.4817898683E-09   -0.1557341884E-07    0.2751062886E-07    0.0000000000E+00    0.0000000000E+00    0.0000000000E+00   -0.2430109374E-11
    0.1008447328E-09    0.1542354475E-09    0.4985687396E-08   -0.8769353819E-08    0.0000000000E+00    0.0000000000E+00    0.0000000000E+00    0.6662761107E-12
   -0.2998439780E-10   -0.4566790424E-10   -0.1476118921E-08    0.2588579277E-08    0.0000000000E+00    0.0000000000E+00    0.0000000000E+00   -0.1697805548E-12
    0.7897723331E-11    0.1199350010E-10    0.3876203485E-09   -0.6783291750E-09    0.0000000000E+00    0.0000000000E+00    0.0000000000E+00    0.3864639048E-13
   -0.1720875415E-11   -0.2607967470E-11   -0.8427694018E-10    0.1472690692E-09    0.0000000000E+00    0.0000000000E+00    0.0000000000E+00   -0.7351826248E-14
    0.2735292270E-12    0.4139344032E-12    0.1337480005E-10   -0.2334801995E-10    0.0000000000E+00    0.0000000000E+00    0.0000000000E+00    0.1032540309E-14
   -0.2348974074E-13   -0.3551137982E-13   -0.1147305680E-11    0.2001404126E-11    0.0000000000E+00    0.0000000000E+00    0.0000000000E+00   -0.7942297179E-16
 l,ispin:           2           2
 psi n=1,noccmax(l):
    0.4879417717E-02   -0.6372048360E-02    0.5756840423E-02   -0.9365440143E-02    0.0000000000E+00    0.0000000000E+00    0.0000000000E+00   -0.3593582979E+01
   -0.4277467843E-01    0.3558714529E-01   -0.7152900433E-02    0.4577341613E-01    0.0000000000E+00    0.0000000000E+00    0.0000000000E+00    0.8732066294E+01
    0.1210397251E+00   -0.8847873738E-01   -0.7413776783E-02   -0.1076569395E+00    0.0000000000E+00    0.0000000000E+00    0.0000000000E+00   -0.9266986574E+01
   -0.1693992541E+00    0.1246226275E+00    0.1394635035E-01    0.1521637824E+00    0.0000000000E+00    0.0000000000E+00    0.0000000000E+00    0.5025524532E+01
    0.9333089317E-01   -0.9335365856E-01    0.2867326148E-01   -0.1282898753E+00    0.0000000000E+00    0.0000000000E+00    0.0000000000E+00   -0.2180698310E+01
    0.1690890194E+00   -0.3660651084E-01   -0.1507696768E+00    0.6049884867E-02    0.0000000000E+00    0.0000000000E+00    0.0000000000E+00    0.4356024422E+01
   -0.4700552070E+00    0.1957458858E+00    0.2946908186E+00    0.1536188784E+00    0.0000000000E+00    0.0000000000E+00    0.0000000000E+00   -0.7176655710E+01
    0.6396109042E-02    0.1903611991E-01   -0.8754909596E-01    0.3216356721E-01    0.0000000000E+00    0.0000000000E+00    0.0000000000E+00   -0.4783265415E+01
    0.6108553381E+00   -0.3310747426E+00   -0.2234864642E+00   -0.3312695499E+00    0.0000000000E+00    0.0000000000E+00    0.0000000000E+00   -0.1569604603E+01
   -0.1547136703E-01    0.3888044285E-01   -0.3052298874E-01    0.6054706513E-01    0.0000000000E+00    0.0000000000E+00    0.0000000000E+00   -0.1136598920E+01
    0.4190471747E-01   -0.3943844382E-01    0.2212794329E-01   -0.4798943408E-01    0.0000000000E+00    0.0000000000E+00    0.0000000000E+00   -0.3614245558E+00
   -0.1020380069E+00    0.7274336001E-01    0.2330094701E-01    0.8248813955E-01    0.0000000000E+00    0.0000000000E+00    0.0000000000E+00   -0.2070535216E+00
   -0.8300462615E-01    0.2138405835E-01    0.5540533260E-01    0.9099382204E-02    0.0000000000E+00    0.0000000000E+00    0.0000000000E+00   -0.5521291348E-01
   -0.8605629741E-01    0.6545872930E-01    0.3620350584E-01    0.7620476189E-01    0.0000000000E+00    0.0000000000E+00    0.0000000000E+00   -0.3047374535E-01
   -0.3430957526E-01   -0.7790906748E-02    0.7395415067E-02   -0.2869295074E-01    0.0000000000E+00    0.0000000000E+00    0.0000000000E+00   -0.5454705581E-02
   -0.2082564000E-01    0.3200721709E-01    0.2348815385E-01    0.5883064044E-01    0.0000000000E+00    0.0000000000E+00    0.0000000000E+00   -0.4289663429E-02
   -0.1947190762E-01    0.8116098131E-03    0.5561954801E-02   -0.2531243500E-01    0.0000000000E+00    0.0000000000E+00    0.0000000000E+00   -0.5075610826E-03
   -0.4726113672E-02    0.1941098274E-02   -0.3965931481E-02    0.2130840866E-01    0.0000000000E+00    0.0000000000E+00    0.0000000000E+00   -0.4815550776E-03
   -0.4261776124E-02    0.4418467716E-02    0.1190478934E-01   -0.5347661265E-02    0.0000000000E+00    0.0000000000E+00    0.0000000000E+00   -0.8044248444E-05
   -0.1285796049E-02   -0.9201477382E-03   -0.1037396958E-01   -0.2850653467E-02    0.0000000000E+00    0.0000000000E+00    0.0000000000E+00   -0.5319782510E-04
   -0.6414341530E-03   -0.1019028809E-02    0.4791417153E-02   -0.1752162337E-03    0.0000000000E+00    0.0000000000E+00    0.0000000000E+00    0.9660836697E-05
   -0.4762299993E-04   -0.1613988586E-02   -0.1076011386E-01   -0.2673441738E-01    0.0000000000E+00    0.0000000000E+00    0.0000000000E+00   -0.5461337299E-05
   -0.2902733481E-04   -0.1230266964E-02    0.2909660566E-02    0.3269476872E-01    0.0000000000E+00    0.0000000000E+00    0.0000000000E+00    0.1955046086E-05
    0.1111590938E-04    0.6552132529E-04    0.1996037247E-02   -0.1295645018E-01    0.0000000000E+00    0.0000000000E+00    0.0000000000E+00   -0.7182727690E-06
   -0.4632457931E-05   -0.1808751996E-04   -0.4922662115E-03    0.2001799932E-02    0.0000000000E+00    0.0000000000E+00    0.0000000000E+00    0.2556332821E-06
    0.1896981991E-05    0.5880299603E-05    0.1559646599E-03   -0.5122349559E-03    0.0000000000E+00    0.0000000000E+00    0.0000000000E+00   -0.8842712794E-07
   -0.7607642986E-06   -0.2033565418E-05   -0.5375853619E-04    0.1564323937E-03    0.0000000000E+00    0.0000000000E+00    0.0000000000E+00    0.2983620993E-07
    0.2993385740E-06    0.7239209821E-06    0.1918487372E-04   -0.5178329614E-04    0.0000000000E+00    0.0000000000E+00    0.0000000000E+00   -0.9857108523E-08
   -0.1158203476E-06   -0.2613851820E-06   -0.6948360658E-05    0.1785800447E-04    0.0000000000E+00    0.0000000000E+00    0.0000000000E+00    0.3199305755E-08
    0.4413676620E-07    0.9491897973E-07    0.2528907698E-05   -0.6289651261E-05    0.0000000000E+00    0.0000000000E+00    0.0000000000E+00   -0.1022548322E-08
   -0.1657105080E-07   -0.3445351479E-07   -0.9191329226E-06    0.2235437653E-05    0.0000000000E+00    0.0000000000E+00    0.0000000000E+00    0.3221551149E-09
    0.6121267679E-08    0.1242881023E-07    0.3317582366E-06   -0.7945605558E-06    0.0000000000E+00    0.0000000000E+00    0.0000000000E+00   -0.9997597273E-10
   -0.2216806409E-08   -0.4426731227E-08   -0.1181729938E-06    0.2800271409E-06    0.0000000000E+00    0.0000000000E+00    0.0000000000E+00    0.3047523355E-10
    0.7819508045E-09    0.1543301752E-08    0.4119212120E-07   -0.9689080580E-07    0.0000000000E+00    0.0000000000E+00    0.0000000000E+00   -0.9073268003E-11
   -0.2658043619E-09   -0.5203059747E-09   -0.1388342619E-07    0.3248819225E-07    0.0000000000E+00    0.0000000000E+00    0.0000000000E+00    0.2613151646E-11
    0.8562317575E-10    0.1666379533E-09    0.4444983094E-08   -0.1036419010E-07    0.0000000000E+00    0.0000000000E+00    0.0000000000E+00   -0.7168270833E-12
   -0.2546341501E-10   -0.4935494222E-10   -0.1316103145E-08    0.3060990680E-08    0.0000000000E+00    0.0000000000E+00    0.0000000000E+00    0.1827323330E-12
    0.6707879747E-11    0.1296447228E-10    0.3456146818E-09   -0.8024153348E-09    0.0000000000E+00    0.0000000000E+00    0.0000000000E+00   -0.4160655791E-13
   -0.1461769116E-11   -0.2819502809E-11   -0.7514614273E-10    0.1742520409E-09    0.0000000000E+00    0.0000000000E+00    0.0000000000E+00    0.7916649759E-14
    0.2323630262E-12    0.4475527112E-12    0.1192598121E-10   -0.2763055984E-10    0.0000000000E+00    0.0000000000E+00    0.0000000000E+00   -0.1112044757E-14
   -0.1995567487E-13   -0.3839806789E-13   -0.1023039420E-11    0.2368778409E-11    0.0000000000E+00    0.0000000000E+00    0.0000000000E+00    0.8554845641E-16
 l,ispin:           3           1
 psi n=1,noccmax(l):
    0.3465468389E+01    0.3771232564E+00    0.4537049672E+00    0.3913711507E+00    0.0000000000E+00    0.0000000000E+00    0.0000000000E+00
   -0.8417054048E+01   -0.9156916254E+00   -0.1110326962E+01   -0.9285175774E+00    0.0000000000E+00    0.0000000000E+00    0.0000000000E+00
    0.8924860112E+01    0.9699386533E+00    0.1209737962E+01    0.8992778075E+00    0.0000000000E+00    0.0000000000E+00    0.0000000000E+00
   -0.4827469235E+01   -0.5225065288E+00   -0.7167434089E+00   -0.3210953906E+00    0.0000000000E+00    0.0000000000E+00    0.0000000000E+00
    0.2081309814E+01    0.2220330720E+00    0.3677907452E+00   -0.2453351195E-01    0.0000000000E+00    0.0000000000E+00    0.0000000000E+00
   -0.4177659367E+01   -0.4461790606E+00   -0.5988635003E+00   -0.2940106079E+00    0.0000000000E+00    0.0000000000E+00    0.0000000000E+00
    0.6912476515E+01    0.7387269117E+00    0.9042657107E+00    0.7005330069E+00    0.0000000000E+00    0.0000000000E+00    0.0000000000E+00
    0.4569513553E+01    0.4955844689E+00    0.5018182339E+00    0.7384679087E+00    0.0000000000E+00    0.0000000000E+00    0.0000000000E+00
    0.1501378420E+01    0.1720158071E+00    0.2394128272E+00    0.1224697476E+00    0.0000000000E+00    0.0000000000E+00    0.0000000000E+00
    0.1106584356E+01    0.1239801213E+00    0.1128547506E+00    0.2215744545E+00    0.0000000000E+00    0.0000000000E+00    0.0000000000E+00
    0.3577368143E+00    0.3909608383E-01    0.6447208686E-01    0.2609755862E-02    0.0000000000E+00    0.0000000000E+00    0.0000000000E+00
    0.2066541434E+00    0.2293258435E-01    0.1191272687E-01    0.5851921748E-01    0.0000000000E+00    0.0000000000E+00    0.0000000000E+00
    0.5683545453E-01    0.4918113708E-02    0.1498154052E-01   -0.1485731764E-01    0.0000000000E+00    0.0000000000E+00    0.0000000000E+00
    0.3154629098E-01    0.3977757858E-02   -0.2554474224E-02    0.1738148804E-01    0.0000000000E+00    0.0000000000E+00    0.0000000000E+00
    0.5986344049E-02   -0.1888850511E-02    0.1868187479E-02   -0.1223433842E-01    0.0000000000E+00    0.0000000000E+00    0.0000000000E+00
    0.4601741756E-02    0.2550326614E-02    0.4396121458E-03    0.1034484221E-01    0.0000000000E+00    0.0000000000E+00    0.0000000000E+00
    0.7144966535E-03   -0.1638569628E-02   -0.9702015464E-03   -0.8817892249E-02    0.0000000000E+00    0.0000000000E+00    0.0000000000E+00
    0.5364487815E-03    0.5683397501E-04   -0.6623008043E-03    0.4770065249E-02    0.0000000000E+00    0.0000000000E+00    0.0000000000E+00
    0.4683478099E-04   -0.3423711124E-04    0.3469216217E-03   -0.3843510521E-02    0.0000000000E+00    0.0000000000E+00    0.0000000000E+00
    0.6354750582E-04   -0.2767784092E-03   -0.1070255356E-02    0.1220144701E-02    0.0000000000E+00    0.0000000000E+00    0.0000000000E+00
   -0.5556254761E-05   -0.1887000087E-03    0.1420057440E-03   -0.1755592393E-02    0.0000000000E+00    0.0000000000E+00    0.0000000000E+00
    0.5723025579E-05   -0.1662545773E-03   -0.7636702634E-03   -0.2277653282E-03    0.0000000000E+00    0.0000000000E+00    0.0000000000E+00
   -0.1843061607E-05   -0.9980163819E-04    0.3219228205E-03    0.1473526029E-02    0.0000000000E+00    0.0000000000E+00    0.0000000000E+00
    0.6802958889E-06    0.5861350068E-05    0.7870191311E-04   -0.6870398254E-03    0.0000000000E+00    0.0000000000E+00    0.0000000000E+00
   -0.2418114061E-06   -0.1519035174E-05   -0.1654131542E-04    0.1149190966E-03    0.0000000000E+00    0.0000000000E+00    0.0000000000E+00
    0.8346985126E-07    0.4490384048E-06    0.4387526661E-05   -0.2796988817E-04    0.0000000000E+00    0.0000000000E+00    0.0000000000E+00
   -0.2809503542E-07   -0.1377700975E-06   -0.1261005108E-05    0.7682852047E-05    0.0000000000E+00    0.0000000000E+00    0.0000000000E+00
    0.9259030919E-08    0.4273155813E-07    0.3750485821E-06   -0.2222211382E-05    0.0000000000E+00    0.0000000000E+00    0.0000000000E+00
   -0.2998307105E-08   -0.1327378400E-07   -0.1132912555E-06    0.6589261901E-06    0.0000000000E+00    0.0000000000E+00    0.0000000000E+00
    0.9563780812E-09    0.4112099578E-08    0.3443506478E-07   -0.1977281386E-06    0.0000000000E+00    0.0000000000E+00    0.0000000000E+00
   -0.3007973332E-09   -0.1266758056E-08   -0.1046953558E-07    0.5957538274E-07    0.0000000000E+00    0.0000000000E+00    0.0000000000E+00
    0.9321865628E-10    0.3867933594E-09    0.3167701242E-08   -0.1790973656E-07    0.0000000000E+00    0.0000000000E+00    0.0000000000E+00
   -0.2838404444E-10   -0.1165286224E-09   -0.9482496670E-09    0.5336680791E-08    0.0000000000E+00    0.0000000000E+00    0.0000000000E+00
    0.8443355826E-11    0.3440020923E-10    0.2786792407E-09   -0.1563234982E-08    0.0000000000E+00    0.0000000000E+00    0.0000000000E+00
   -0.2430109374E-11   -0.9846818417E-11   -0.7951910216E-10    0.4450081272E-09    0.0000000000E+00    0.0000000000E+00    0.0000000000E+00
    0.6662761107E-12    0.2689186855E-11    0.2166875376E-10   -0.1210592194E-09    0.0000000000E+00    0.0000000000E+00    0.0000000000E+00
   -0.1697805548E-12   -0.6833360440E-12   -0.5497552831E-11    0.3067673583E-10    0.0000000000E+00    0.0000000000E+00    0.0000000000E+00
    0.3864639048E-13    0.1552321699E-12    0.1247496014E-11   -0.6955110593E-11    0.0000000000E+00    0.0000000000E+00    0.0000000000E+00
   -0.7351826248E-14   -0.2948785777E-13   -0.2367903281E-12    0.1319352890E-11    0.0000000000E+00    0.0000000000E+00    0.0000000000E+00
    0.1032540309E-14    0.4137219452E-14    0.3320411151E-13   -0.1849258553E-12    0.0000000000E+00    0.0000000000E+00    0.0000000000E+00
   -0.7942297179E-16   -0.3180013692E-15   -0.2551201827E-14    0.1420411484E-13    0.0000000000E+00    0.0000000000E+00    0.0000000000E+00
 l,ispin:           3           2
 psi n=1,noccmax(l):
   -0.3593582979E+01    0.3226262113E+00    0.4122410344E+00    0.3581084794E+00    0.0000000000E+00    0.0000000000E+00    0.0000000000E+00
    0.8732066294E+01   -0.7836866498E+00   -0.1009912763E+01   -0.8479906245E+00    0.0000000000E+00    0.0000000000E+00    0.0000000000E+00
   -0.9266986574E+01    0.8307545816E+00    0.1103683845E+01    0.8141057996E+00    0.0000000000E+00    0.0000000000E+00    0.0000000000E+00
    0.5025524532E+01   -0.4484907354E+00   -0.6598882306E+00   -0.2751043205E+00    0.0000000000E+00    0.0000000000E+00    0.0000000000E+00
   -0.2180698310E+01    0.1914332034E+00    0.3438546345E+00   -0.4420485805E-01    0.0000000000E+00    0.0000000000E+00    0.0000000000E+00
    0.4356024422E+01   -0.3824582761E+00   -0.5501552752E+00   -0.2547807358E+00    0.0000000000E+00    0.0000000000E+00    0.0000000000E+00
   -0.7176655710E+01    0.6302081516E+00    0.8212642568E+00    0.6335403598E+00    0.0000000000E+00    0.0000000000E+00    0.0000000000E+00
   -0.4783265415E+01    0.4274871849E+00    0.4530220455E+00    0.7018166559E+00    0.0000000000E+00    0.0000000000E+00    0.0000000000E+00
   -0.1569604603E+01    0.1500482123E+00    0.2231359619E+00    0.1098437191E+00    0.0000000000E+00    0.0000000000E+00    0.0000000000E+00
   -0.1136598920E+01    0.1055973810E+00    0.9901402965E-01    0.2105620661E+00    0.0000000000E+00    0.0000000000E+00    0.0000000000E+00
   -0.3614245558E+00    0.3269171001E-01    0.5903870691E-01   -0.2208221797E-02    0.0000000000E+00    0.0000000000E+00    0.0000000000E+00
   -0.2070535216E+00    0.1894918808E-01    0.8758023675E-02    0.5586011507E-01    0.0000000000E+00    0.0000000000E+00    0.0000000000E+00
   -0.5521291348E-01    0.3692165490E-02    0.1378484525E-01   -0.1603404319E-01    0.0000000000E+00    0.0000000000E+00    0.0000000000E+00
   -0.3047374535E-01    0.3212130974E-02   -0.3198487142E-02    0.1679018771E-01    0.0000000000E+00    0.0000000000E+00    0.0000000000E+00
   -0.5454705581E-02   -0.2055720951E-02    0.1672413496E-02   -0.1242588646E-01    0.0000000000E+00    0.0000000000E+00    0.0000000000E+00
   -0.4289663429E-02    0.2419181404E-02    0.3255675427E-03    0.1020859490E-01    0.0000000000E+00    0.0000000000E+00    0.0000000000E+00
   -0.5075610826E-03   -0.1689895279E-02   -0.1049661280E-02   -0.8894554417E-02    0.0000000000E+00    0.0000000000E+00    0.0000000000E+00
   -0.4815550776E-03    0.3901121389E-04   -0.6598201033E-03    0.4774678251E-02    0.0000000000E+00    0.0000000000E+00    0.0000000000E+00
   -0.8044248444E-05   -0.4638982957E-04    0.3098749675E-03   -0.3897575361E-02    0.0000000000E+00    0.0000000000E+00    0.0000000000E+00
   -0.5319782510E-04   -0.2816411895E-03   -0.1061514017E-02    0.1246236560E-02    0.0000000000E+00    0.0000000000E+00    0.0000000000E+00
    0.9660836697E-05   -0.1902336698E-03    0.1315788730E-03   -0.1779255811E-02    0.0000000000E+00    0.0000000000E+00    0.0000000000E+00
   -0.5461337299E-05   -0.1662593207E-03   -0.7514908929E-03   -0.1750099740E-03    0.0000000000E+00    0.0000000000E+00    0.0000000000E+00
    0.1955046086E-05   -0.9850500071E-04    0.3227813991E-03    0.1442135511E-02    0.0000000000E+00    0.0000000000E+00    0.0000000000E+00
   -0.7182727690E-06    0.5824510530E-05    0.7674132799E-04   -0.6801916956E-03    0.0000000000E+00    0.0000000000E+00    0.0000000000E+00
    0.2556332821E-06   -0.1508362576E-05   -0.1613128198E-04    0.1143092324E-03    0.0000000000E+00    0.0000000000E+00    0.0000000000E+00
   -0.8842712794E-07    0.4457163113E-06    0.4278418777E-05   -0.2787786262E-04    0.0000000000E+00    0.0000000000E+00    0.0000000000E+00
    0.2983620993E-07   -0.1367237046E-06   -0.1229569965E-05    0.7665950725E-05    0.0000000000E+00    0.0000000000E+00    0.0000000000E+00
   -0.9857108523E-08    0.4240244878E-07    0.3656876851E-06   -0.2218775684E-05    0.0000000000E+00    0.0000000000E+00    0.0000000000E+00
    0.3199305755E-08   -0.1317078537E-07   -0.1104624229E-06    0.6581807068E-06    0.0000000000E+00    0.0000000000E+00    0.0000000000E+00
   -0.1022548322E-08    0.4080064956E-08    0.3357525323E-07   -0.1975581622E-06    0.0000000000E+00    0.0000000000E+00    0.0000000000E+00
    0.3221551149E-09   -0.1256869639E-08   -0.1020817885E-07    0.5953498255E-07    0.0000000000E+00    0.0000000000E+00    0.0000000000E+00
   -0.9997597273E-10    0.3837711445E-09    0.3088647231E-08   -0.1789978912E-07    0.0000000000E+00    0.0000000000E+00    0.0000000000E+00
    0.3047523355E-10   -0.1156177842E-09   -0.9245918423E-09    0.5334162839E-08    0.0000000000E+00    0.0000000000E+00    0.0000000000E+00
   -0.9073268003E-11    0.3413130262E-10    0.2717283302E-09   -0.1562586898E-08    0.0000000000E+00    0.0000000000E+00    0.0000000000E+00
    0.2613151646E-11   -0.9769851324E-11   -0.7753615577E-10    0.4448411383E-09    0.0000000000E+00    0.0000000000E+00    0.0000000000E+00
   -0.7168270833E-12    0.2668169742E-11    0.2112850498E-10   -0.1210170717E-09    0.0000000000E+00    0.0000000000E+00    0.0000000000E+00
    0.1827323330E-12   -0.6779962667E-12   -0.5360506959E-11    0.3066662904E-10    0.0000000000E+00    0.0000000000E+00    0.0000000000E+00
   -0.4160655791E-13    0.1540193096E-12    0.1216401315E-11   -0.6952909053E-11    0.0000000000E+00    0.0000000000E+00    0.0000000000E+00
    0.7916649759E-14   -0.2925749079E-13   -0.2308886811E-12    0.1318947073E-11    0.0000000000E+00    0.0000000000E+00    0.0000000000E+00
   -0.1112044757E-14    0.4104901609E-14    0.3237660319E-13   -0.1848701217E-12    0.0000000000E+00    0.0000000000E+00    0.0000000000E+00
    0.8554845641E-16   -0.3155175031E-15   -0.2487624285E-14    0.1419989514E-13    0.0000000000E+00    0.0000000000E+00    0.0000000000E+00
